 139.140000,   34.850000,       50.35,
 139.149009,   34.850000,       50.18,
 139.158018,   34.850000,       50.01,
 139.167027,   34.850000,       49.83,
 139.176036,   34.850000,       49.65,
 139.185045,   34.850000,       49.48,
 139.194054,   34.850000,       49.30,
 139.203063,   34.850000,       49.13,
 139.212072,   34.850000,       48.96,
 139.221081,   34.850000,       48.81,
 139.230090,   34.850000,       48.71,
 139.239099,   34.850000,       49.00,
 139.248108,   34.850000,       49.34,
 139.257117,   34.850000,       49.64,
 139.266126,   34.850000,       49.90,
 139.275135,   34.850000,       50.12,
 139.284144,   34.850000,       50.29,
 139.293153,   34.850000,       50.43,
 139.302162,   34.850000,       50.37,
 139.311171,   34.850000,       50.27,
 139.320180,   34.850000,       50.18,
 139.329189,   34.850000,       50.09,
 139.338198,   34.850000,       50.01,
 139.347207,   34.850000,       49.92,
 139.356216,   34.850000,       49.83,
 139.365225,   34.850000,       49.76,
 139.374234,   34.850000,       49.71,
 139.383243,   34.850000,       49.75,
 139.392252,   34.850000,       49.75,
 139.401261,   34.850000,       49.74,
 139.410270,   34.850000,       49.67,
 139.419279,   34.850000,       49.57,
 139.428288,   34.850000,       49.48,
 139.437297,   34.850000,       49.38,
 139.446306,   34.850000,       49.29,
 139.455315,   34.850000,       49.17,
 139.464324,   34.850000,       48.96,
 139.473333,   34.850000,       48.61,
 139.482342,   34.850000,       48.08,
 139.491351,   34.850000,       47.38,
 139.500360,   34.850000,       46.60,
 139.509369,   34.850000,       45.73,
 139.518378,   34.850000,       44.75,
 139.527387,   34.850000,       43.69,
 139.536396,   34.850000,       42.68,
 139.545405,   34.850000,       41.72,
 139.554414,   34.850000,       40.84,
 139.563423,   34.850000,       40.01,
 139.572432,   34.850000,       39.49,
 139.581441,   34.850000,       38.98,
 139.590450,   34.850000,       38.46,
 139.599459,   34.850000,       37.94,
 139.608468,   34.850000,       37.45,
 139.617477,   34.850000,       36.98,
 139.626486,   34.850000,       36.52,
 139.635495,   34.850000,       35.89,
 139.644505,   34.850000,       35.15,
 139.653514,   34.850000,       34.11,
 139.662523,   34.850000,       32.81,
 139.671532,   34.850000,       30.95,
 139.680541,   34.850000,       28.60,
 139.689550,   34.850000,       25.41,
 139.698559,   34.850000,       22.06,
 139.707568,   34.850000,       18.88,
 139.716577,   34.850000,       16.29,
 139.725586,   34.850000,       14.93,
 139.734595,   34.850000,       14.02,
 139.743604,   34.850000,       13.45,
 139.752613,   34.850000,       14.45,
 139.761622,   34.850000,       15.36,
 139.770631,   34.850000,       16.14,
 139.779640,   34.850000,       17.23,
 139.788649,   34.850000,       18.51,
 139.797658,   34.850000,       20.17,
 139.806667,   34.850000,       22.27,
 139.815676,   34.850000,       24.22,
 139.824685,   34.850000,       25.67,
 139.833694,   34.850000,       26.97,
 139.842703,   34.850000,       28.42,
 139.851712,   34.850000,       29.76,
 139.860721,   34.850000,       31.27,
 139.869730,   34.850000,       32.20,
 139.878739,   34.850000,       32.87,
 139.887748,   34.850000,       32.83,
 139.896757,   34.850000,       31.91,
 139.905766,   34.850000,       31.08,
 139.914775,   34.850000,       29.71,
 139.923784,   34.850000,       28.68,
 139.932793,   34.850000,       27.56,
 139.941802,   34.850000,       26.62,
 139.950811,   34.850000,       25.74,
 139.959820,   34.850000,       24.96,
 139.968829,   34.850000,       24.66,
 139.977838,   34.850000,       24.29,
 139.986847,   34.850000,       24.13,
 139.995856,   34.850000,       24.10,
 140.004865,   34.850000,       24.08,
 140.013874,   34.850000,       24.03,
 140.022883,   34.850000,       24.13,
 140.031892,   34.850000,       24.29,
 140.040901,   34.850000,       24.33,
 140.049910,   34.850000,       24.28,
 140.058919,   34.850000,       24.38,
 140.067928,   34.850000,       24.60,
 140.076937,   34.850000,       24.81,
 140.085946,   34.850000,       25.02,
 140.094955,   34.850000,       25.17,
 140.103964,   34.850000,       25.27,
 140.112973,   34.850000,       25.36,
 140.121982,   34.850000,       25.43,
 140.130991,   34.850000,       25.39,
 140.140000,   34.850000,       25.30,
 140.149009,   34.850000,       25.21,
 140.158018,   34.850000,       25.16,
 140.167027,   34.850000,       25.10,
 140.176036,   34.850000,       25.04,
 140.185045,   34.850000,       24.98,
 140.194054,   34.850000,       24.96,
 140.203063,   34.850000,       24.99,
 140.212072,   34.850000,       25.02,
 140.221081,   34.850000,       25.05,
 140.230090,   34.850000,       25.09,
 140.239099,   34.850000,       25.12,
 140.248108,   34.850000,       25.16,
 140.257117,   34.850000,       25.21,
 140.266126,   34.850000,       25.26,
 140.275135,   34.850000,       25.30,
 140.284144,   34.850000,       25.31,
 140.293153,   34.850000,       25.28,
 140.302162,   34.850000,       25.25,
 140.311171,   34.850000,       25.22,
 140.320180,   34.850000,       25.20,
 140.329189,   34.850000,       25.17,
 140.338198,   34.850000,       25.15,
 140.347207,   34.850000,       25.13,
 140.356216,   34.850000,       25.11,
 140.365225,   34.850000,       25.08,
 140.374234,   34.850000,       25.04,
 140.383243,   34.850000,       25.00,
 139.140000,   34.859009,       51.22,
 139.149009,   34.859009,       50.57,
 139.158018,   34.859009,       50.40,
 139.167027,   34.859009,       50.24,
 139.176036,   34.859009,       50.06,
 139.185045,   34.859009,       49.88,
 139.194054,   34.859009,       49.71,
 139.203063,   34.859009,       49.54,
 139.212072,   34.859009,       49.37,
 139.221081,   34.859009,       49.20,
 139.230090,   34.859009,       49.05,
 139.239099,   34.859009,       48.95,
 139.248108,   34.859009,       49.28,
 139.257117,   34.859009,       49.57,
 139.266126,   34.859009,       49.82,
 139.275135,   34.859009,       50.03,
 139.284144,   34.859009,       50.20,
 139.293153,   34.859009,       50.33,
 139.302162,   34.859009,       50.41,
 139.311171,   34.859009,       50.32,
 139.320180,   34.859009,       50.23,
 139.329189,   34.859009,       50.15,
 139.338198,   34.859009,       50.07,
 139.347207,   34.859009,       49.99,
 139.356216,   34.859009,       49.91,
 139.365225,   34.859009,       49.84,
 139.374234,   34.859009,       49.78,
 139.383243,   34.859009,       49.75,
 139.392252,   34.859009,       49.74,
 139.401261,   34.859009,       49.72,
 139.410270,   34.859009,       49.67,
 139.419279,   34.859009,       49.57,
 139.428288,   34.859009,       49.46,
 139.437297,   34.859009,       49.35,
 139.446306,   34.859009,       49.25,
 139.455315,   34.859009,       49.10,
 139.464324,   34.859009,       48.93,
 139.473333,   34.859009,       48.71,
 139.482342,   34.859009,       48.29,
 139.491351,   34.859009,       47.54,
 139.500360,   34.859009,       46.78,
 139.509369,   34.859009,       46.00,
 139.518378,   34.859009,       45.16,
 139.527387,   34.859009,       44.12,
 139.536396,   34.859009,       43.08,
 139.545405,   34.859009,       42.10,
 139.554414,   34.859009,       41.17,
 139.563423,   34.859009,       40.25,
 139.572432,   34.859009,       39.58,
 139.581441,   34.859009,       39.05,
 139.590450,   34.859009,       38.52,
 139.599459,   34.859009,       37.99,
 139.608468,   34.859009,       37.50,
 139.617477,   34.859009,       37.05,
 139.626486,   34.859009,       36.60,
 139.635495,   34.859009,       36.04,
 139.644505,   34.859009,       35.38,
 139.653514,   34.859009,       34.54,
 139.662523,   34.859009,       33.49,
 139.671532,   34.859009,       32.15,
 139.680541,   34.859009,       29.98,
 139.689550,   34.859009,       27.32,
 139.698559,   34.859009,       24.00,
 139.707568,   34.859009,       21.15,
 139.716577,   34.859009,       19.06,
 139.725586,   34.859009,       17.44,
 139.734595,   34.859009,       16.98,
 139.743604,   34.859009,       17.14,
 139.752613,   34.859009,       17.90,
 139.761622,   34.859009,       18.71,
 139.770631,   34.859009,       19.33,
 139.779640,   34.859009,       19.81,
 139.788649,   34.859009,       20.45,
 139.797658,   34.859009,       21.23,
 139.806667,   34.859009,       22.32,
 139.815676,   34.859009,       23.88,
 139.824685,   34.859009,       25.74,
 139.833694,   34.859009,       27.59,
 139.842703,   34.859009,       29.68,
 139.851712,   34.859009,       31.81,
 139.860721,   34.859009,       33.13,
 139.869730,   34.859009,       33.85,
 139.878739,   34.859009,       33.84,
 139.887748,   34.859009,       33.62,
 139.896757,   34.859009,       33.07,
 139.905766,   34.859009,       32.42,
 139.914775,   34.859009,       31.56,
 139.923784,   34.859009,       30.64,
 139.932793,   34.859009,       29.72,
 139.941802,   34.859009,       28.66,
 139.950811,   34.859009,       27.74,
 139.959820,   34.859009,       26.80,
 139.968829,   34.859009,       26.26,
 139.977838,   34.859009,       25.83,
 139.986847,   34.859009,       25.39,
 139.995856,   34.859009,       25.01,
 140.004865,   34.859009,       24.97,
 140.013874,   34.859009,       24.92,
 140.022883,   34.859009,       24.75,
 140.031892,   34.859009,       24.66,
 140.040901,   34.859009,       24.70,
 140.049910,   34.859009,       24.79,
 140.058919,   34.859009,       24.86,
 140.067928,   34.859009,       24.95,
 140.076937,   34.859009,       25.08,
 140.085946,   34.859009,       25.25,
 140.094955,   34.859009,       25.34,
 140.103964,   34.859009,       25.40,
 140.112973,   34.859009,       25.46,
 140.121982,   34.859009,       25.51,
 140.130991,   34.859009,       25.48,
 140.140000,   34.859009,       25.38,
 140.149009,   34.859009,       25.29,
 140.158018,   34.859009,       25.20,
 140.167027,   34.859009,       25.13,
 140.176036,   34.859009,       25.07,
 140.185045,   34.859009,       25.03,
 140.194054,   34.859009,       25.05,
 140.203063,   34.859009,       25.08,
 140.212072,   34.859009,       25.10,
 140.221081,   34.859009,       25.13,
 140.230090,   34.859009,       25.17,
 140.239099,   34.859009,       25.21,
 140.248108,   34.859009,       25.25,
 140.257117,   34.859009,       25.29,
 140.266126,   34.859009,       25.34,
 140.275135,   34.859009,       25.35,
 140.284144,   34.859009,       25.32,
 140.293153,   34.859009,       25.29,
 140.302162,   34.859009,       25.26,
 140.311171,   34.859009,       25.23,
 140.320180,   34.859009,       25.21,
 140.329189,   34.859009,       25.18,
 140.338198,   34.859009,       25.16,
 140.347207,   34.859009,       25.14,
 140.356216,   34.859009,       25.11,
 140.365225,   34.859009,       25.07,
 140.374234,   34.859009,       25.04,
 140.383243,   34.859009,       25.09,
 139.140000,   34.868018,       52.17,
 139.149009,   34.868018,       51.51,
 139.158018,   34.868018,       50.88,
 139.167027,   34.868018,       50.63,
 139.176036,   34.868018,       50.46,
 139.185045,   34.868018,       50.29,
 139.194054,   34.868018,       50.11,
 139.203063,   34.868018,       49.94,
 139.212072,   34.868018,       49.77,
 139.221081,   34.868018,       49.60,
 139.230090,   34.868018,       49.44,
 139.239099,   34.868018,       49.29,
 139.248108,   34.868018,       49.26,
 139.257117,   34.868018,       49.54,
 139.266126,   34.868018,       49.79,
 139.275135,   34.868018,       49.99,
 139.284144,   34.868018,       50.15,
 139.293153,   34.868018,       50.27,
 139.302162,   34.868018,       50.36,
 139.311171,   34.868018,       50.37,
 139.320180,   34.868018,       50.29,
 139.329189,   34.868018,       50.20,
 139.338198,   34.868018,       50.12,
 139.347207,   34.868018,       50.05,
 139.356216,   34.868018,       49.98,
 139.365225,   34.868018,       49.91,
 139.374234,   34.868018,       49.85,
 139.383243,   34.868018,       49.80,
 139.392252,   34.868018,       49.77,
 139.401261,   34.868018,       49.73,
 139.410270,   34.868018,       49.68,
 139.419279,   34.868018,       49.55,
 139.428288,   34.868018,       49.43,
 139.437297,   34.868018,       49.32,
 139.446306,   34.868018,       49.22,
 139.455315,   34.868018,       49.08,
 139.464324,   34.868018,       48.91,
 139.473333,   34.868018,       48.72,
 139.482342,   34.868018,       48.37,
 139.491351,   34.868018,       47.71,
 139.500360,   34.868018,       46.97,
 139.509369,   34.868018,       46.17,
 139.518378,   34.868018,       45.29,
 139.527387,   34.868018,       44.32,
 139.536396,   34.868018,       43.33,
 139.545405,   34.868018,       42.35,
 139.554414,   34.868018,       41.40,
 139.563423,   34.868018,       40.50,
 139.572432,   34.868018,       39.76,
 139.581441,   34.868018,       39.15,
 139.590450,   34.868018,       38.61,
 139.599459,   34.868018,       38.06,
 139.608468,   34.868018,       37.57,
 139.617477,   34.868018,       37.15,
 139.626486,   34.868018,       36.73,
 139.635495,   34.868018,       36.24,
 139.644505,   34.868018,       35.64,
 139.653514,   34.868018,       35.10,
 139.662523,   34.868018,       34.26,
 139.671532,   34.868018,       33.38,
 139.680541,   34.868018,       31.69,
 139.689550,   34.868018,       29.86,
 139.698559,   34.868018,       27.34,
 139.707568,   34.868018,       24.93,
 139.716577,   34.868018,       23.15,
 139.725586,   34.868018,       21.92,
 139.734595,   34.868018,       21.22,
 139.743604,   34.868018,       21.45,
 139.752613,   34.868018,       21.95,
 139.761622,   34.868018,       22.34,
 139.770631,   34.868018,       22.71,
 139.779640,   34.868018,       23.08,
 139.788649,   34.868018,       23.51,
 139.797658,   34.868018,       24.32,
 139.806667,   34.868018,       25.36,
 139.815676,   34.868018,       26.84,
 139.824685,   34.868018,       28.63,
 139.833694,   34.868018,       30.77,
 139.842703,   34.868018,       32.94,
 139.851712,   34.868018,       34.64,
 139.860721,   34.868018,       35.21,
 139.869730,   34.868018,       34.88,
 139.878739,   34.868018,       34.31,
 139.887748,   34.868018,       33.47,
 139.896757,   34.868018,       32.78,
 139.905766,   34.868018,       32.15,
 139.914775,   34.868018,       31.59,
 139.923784,   34.868018,       31.11,
 139.932793,   34.868018,       30.47,
 139.941802,   34.868018,       29.94,
 139.950811,   34.868018,       29.03,
 139.959820,   34.868018,       28.35,
 139.968829,   34.868018,       27.63,
 139.977838,   34.868018,       27.16,
 139.986847,   34.868018,       26.74,
 139.995856,   34.868018,       26.31,
 140.004865,   34.868018,       26.05,
 140.013874,   34.868018,       25.90,
 140.022883,   34.868018,       25.64,
 140.031892,   34.868018,       25.37,
 140.040901,   34.868018,       25.25,
 140.049910,   34.868018,       25.29,
 140.058919,   34.868018,       25.30,
 140.067928,   34.868018,       25.34,
 140.076937,   34.868018,       25.41,
 140.085946,   34.868018,       25.42,
 140.094955,   34.868018,       25.40,
 140.103964,   34.868018,       25.44,
 140.112973,   34.868018,       25.50,
 140.121982,   34.868018,       25.58,
 140.130991,   34.868018,       25.56,
 140.140000,   34.868018,       25.43,
 140.149009,   34.868018,       25.32,
 140.158018,   34.868018,       25.23,
 140.167027,   34.868018,       25.16,
 140.176036,   34.868018,       25.10,
 140.185045,   34.868018,       25.11,
 140.194054,   34.868018,       25.13,
 140.203063,   34.868018,       25.16,
 140.212072,   34.868018,       25.19,
 140.221081,   34.868018,       25.22,
 140.230090,   34.868018,       25.25,
 140.239099,   34.868018,       25.29,
 140.248108,   34.868018,       25.33,
 140.257117,   34.868018,       25.37,
 140.266126,   34.868018,       25.39,
 140.275135,   34.868018,       25.36,
 140.284144,   34.868018,       25.33,
 140.293153,   34.868018,       25.30,
 140.302162,   34.868018,       25.27,
 140.311171,   34.868018,       25.24,
 140.320180,   34.868018,       25.22,
 140.329189,   34.868018,       25.19,
 140.338198,   34.868018,       25.17,
 140.347207,   34.868018,       25.14,
 140.356216,   34.868018,       25.10,
 140.365225,   34.868018,       25.08,
 140.374234,   34.868018,       25.12,
 140.383243,   34.868018,       25.17,
 139.140000,   34.877027,       53.08,
 139.149009,   34.877027,       52.41,
 139.158018,   34.877027,       51.78,
 139.167027,   34.877027,       51.18,
 139.176036,   34.877027,       50.85,
 139.185045,   34.877027,       50.68,
 139.194054,   34.877027,       50.51,
 139.203063,   34.877027,       50.34,
 139.212072,   34.877027,       50.17,
 139.221081,   34.877027,       50.00,
 139.230090,   34.877027,       49.84,
 139.239099,   34.877027,       49.68,
 139.248108,   34.877027,       49.53,
 139.257117,   34.877027,       49.55,
 139.266126,   34.877027,       49.79,
 139.275135,   34.877027,       49.99,
 139.284144,   34.877027,       50.14,
 139.293153,   34.877027,       50.26,
 139.302162,   34.877027,       50.33,
 139.311171,   34.877027,       50.36,
 139.320180,   34.877027,       50.33,
 139.329189,   34.877027,       50.25,
 139.338198,   34.877027,       50.17,
 139.347207,   34.877027,       50.10,
 139.356216,   34.877027,       50.04,
 139.365225,   34.877027,       49.97,
 139.374234,   34.877027,       49.91,
 139.383243,   34.877027,       49.86,
 139.392252,   34.877027,       49.79,
 139.401261,   34.877027,       49.72,
 139.410270,   34.877027,       49.62,
 139.419279,   34.877027,       49.50,
 139.428288,   34.877027,       49.38,
 139.437297,   34.877027,       49.28,
 139.446306,   34.877027,       49.19,
 139.455315,   34.877027,       49.09,
 139.464324,   34.877027,       48.95,
 139.473333,   34.877027,       48.72,
 139.482342,   34.877027,       48.34,
 139.491351,   34.877027,       47.82,
 139.500360,   34.877027,       47.18,
 139.509369,   34.877027,       46.34,
 139.518378,   34.877027,       45.42,
 139.527387,   34.877027,       44.46,
 139.536396,   34.877027,       43.49,
 139.545405,   34.877027,       42.53,
 139.554414,   34.877027,       41.61,
 139.563423,   34.877027,       40.73,
 139.572432,   34.877027,       39.94,
 139.581441,   34.877027,       39.27,
 139.590450,   34.877027,       38.73,
 139.599459,   34.877027,       38.21,
 139.608468,   34.877027,       37.74,
 139.617477,   34.877027,       37.30,
 139.626486,   34.877027,       36.88,
 139.635495,   34.877027,       36.45,
 139.644505,   34.877027,       36.01,
 139.653514,   34.877027,       35.61,
 139.662523,   34.877027,       34.97,
 139.671532,   34.877027,       34.19,
 139.680541,   34.877027,       33.10,
 139.689550,   34.877027,       31.73,
 139.698559,   34.877027,       29.98,
 139.707568,   34.877027,       28.35,
 139.716577,   34.877027,       26.79,
 139.725586,   34.877027,       25.82,
 139.734595,   34.877027,       25.24,
 139.743604,   34.877027,       25.33,
 139.752613,   34.877027,       25.42,
 139.761622,   34.877027,       25.63,
 139.770631,   34.877027,       25.94,
 139.779640,   34.877027,       26.41,
 139.788649,   34.877027,       27.19,
 139.797658,   34.877027,       28.26,
 139.806667,   34.877027,       29.48,
 139.815676,   34.877027,       30.82,
 139.824685,   34.877027,       32.37,
 139.833694,   34.877027,       34.23,
 139.842703,   34.877027,       36.03,
 139.851712,   34.877027,       36.49,
 139.860721,   34.877027,       35.92,
 139.869730,   34.877027,       35.05,
 139.878739,   34.877027,       34.11,
 139.887748,   34.877027,       33.13,
 139.896757,   34.877027,       32.22,
 139.905766,   34.877027,       31.51,
 139.914775,   34.877027,       30.97,
 139.923784,   34.877027,       30.60,
 139.932793,   34.877027,       30.31,
 139.941802,   34.877027,       29.91,
 139.950811,   34.877027,       29.51,
 139.959820,   34.877027,       28.98,
 139.968829,   34.877027,       28.55,
 139.977838,   34.877027,       28.15,
 139.986847,   34.877027,       27.80,
 139.995856,   34.877027,       27.40,
 140.004865,   34.877027,       27.11,
 140.013874,   34.877027,       26.83,
 140.022883,   34.877027,       26.50,
 140.031892,   34.877027,       26.19,
 140.040901,   34.877027,       25.89,
 140.049910,   34.877027,       25.72,
 140.058919,   34.877027,       25.67,
 140.067928,   34.877027,       25.66,
 140.076937,   34.877027,       25.64,
 140.085946,   34.877027,       25.53,
 140.094955,   34.877027,       25.44,
 140.103964,   34.877027,       25.43,
 140.112973,   34.877027,       25.51,
 140.121982,   34.877027,       25.57,
 140.130991,   34.877027,       25.54,
 140.140000,   34.877027,       25.41,
 140.149009,   34.877027,       25.29,
 140.158018,   34.877027,       25.21,
 140.167027,   34.877027,       25.16,
 140.176036,   34.877027,       25.16,
 140.185045,   34.877027,       25.19,
 140.194054,   34.877027,       25.22,
 140.203063,   34.877027,       25.24,
 140.212072,   34.877027,       25.27,
 140.221081,   34.877027,       25.29,
 140.230090,   34.877027,       25.33,
 140.239099,   34.877027,       25.36,
 140.248108,   34.877027,       25.40,
 140.257117,   34.877027,       25.43,
 140.266126,   34.877027,       25.41,
 140.275135,   34.877027,       25.37,
 140.284144,   34.877027,       25.34,
 140.293153,   34.877027,       25.31,
 140.302162,   34.877027,       25.28,
 140.311171,   34.877027,       25.25,
 140.320180,   34.877027,       25.22,
 140.329189,   34.877027,       25.20,
 140.338198,   34.877027,       25.17,
 140.347207,   34.877027,       25.13,
 140.356216,   34.877027,       25.12,
 140.365225,   34.877027,       25.15,
 140.374234,   34.877027,       25.19,
 140.383243,   34.877027,       25.24,
 139.140000,   34.886036,       53.96,
 139.149009,   34.886036,       53.28,
 139.158018,   34.886036,       52.64,
 139.167027,   34.886036,       52.04,
 139.176036,   34.886036,       51.47,
 139.185045,   34.886036,       51.08,
 139.194054,   34.886036,       50.91,
 139.203063,   34.886036,       50.74,
 139.212072,   34.886036,       50.57,
 139.221081,   34.886036,       50.40,
 139.230090,   34.886036,       50.24,
 139.239099,   34.886036,       50.08,
 139.248108,   34.886036,       49.92,
 139.257117,   34.886036,       49.77,
 139.266126,   34.886036,       49.83,
 139.275135,   34.886036,       50.02,
 139.284144,   34.886036,       50.17,
 139.293153,   34.886036,       50.28,
 139.302162,   34.886036,       50.34,
 139.311171,   34.886036,       50.37,
 139.320180,   34.886036,       50.36,
 139.329189,   34.886036,       50.29,
 139.338198,   34.886036,       50.22,
 139.347207,   34.886036,       50.15,
 139.356216,   34.886036,       50.08,
 139.365225,   34.886036,       50.02,
 139.374234,   34.886036,       49.96,
 139.383243,   34.886036,       49.88,
 139.392252,   34.886036,       49.77,
 139.401261,   34.886036,       49.67,
 139.410270,   34.886036,       49.56,
 139.419279,   34.886036,       49.44,
 139.428288,   34.886036,       49.33,
 139.437297,   34.886036,       49.23,
 139.446306,   34.886036,       49.15,
 139.455315,   34.886036,       49.08,
 139.464324,   34.886036,       49.01,
 139.473333,   34.886036,       48.71,
 139.482342,   34.886036,       48.30,
 139.491351,   34.886036,       47.87,
 139.500360,   34.886036,       47.40,
 139.509369,   34.886036,       46.49,
 139.518378,   34.886036,       45.54,
 139.527387,   34.886036,       44.59,
 139.536396,   34.886036,       43.64,
 139.545405,   34.886036,       42.71,
 139.554414,   34.886036,       41.81,
 139.563423,   34.886036,       40.93,
 139.572432,   34.886036,       40.09,
 139.581441,   34.886036,       39.40,
 139.590450,   34.886036,       38.89,
 139.599459,   34.886036,       38.40,
 139.608468,   34.886036,       37.92,
 139.617477,   34.886036,       37.47,
 139.626486,   34.886036,       37.08,
 139.635495,   34.886036,       36.72,
 139.644505,   34.886036,       36.37,
 139.653514,   34.886036,       35.99,
 139.662523,   34.886036,       35.60,
 139.671532,   34.886036,       34.93,
 139.680541,   34.886036,       34.21,
 139.689550,   34.886036,       33.14,
 139.698559,   34.886036,       31.96,
 139.707568,   34.886036,       30.63,
 139.716577,   34.886036,       29.44,
 139.725586,   34.886036,       28.51,
 139.734595,   34.886036,       28.00,
 139.743604,   34.886036,       27.88,
 139.752613,   34.886036,       27.93,
 139.761622,   34.886036,       28.09,
 139.770631,   34.886036,       28.39,
 139.779640,   34.886036,       28.91,
 139.788649,   34.886036,       29.92,
 139.797658,   34.886036,       31.01,
 139.806667,   34.886036,       32.22,
 139.815676,   34.886036,       33.54,
 139.824685,   34.886036,       34.94,
 139.833694,   34.886036,       36.36,
 139.842703,   34.886036,       37.30,
 139.851712,   34.886036,       37.10,
 139.860721,   34.886036,       35.93,
 139.869730,   34.886036,       34.78,
 139.878739,   34.886036,       33.86,
 139.887748,   34.886036,       32.76,
 139.896757,   34.886036,       31.74,
 139.905766,   34.886036,       30.91,
 139.914775,   34.886036,       30.34,
 139.923784,   34.886036,       29.96,
 139.932793,   34.886036,       29.65,
 139.941802,   34.886036,       29.41,
 139.950811,   34.886036,       29.22,
 139.959820,   34.886036,       29.06,
 139.968829,   34.886036,       28.90,
 139.977838,   34.886036,       28.70,
 139.986847,   34.886036,       28.40,
 139.995856,   34.886036,       28.13,
 140.004865,   34.886036,       27.82,
 140.013874,   34.886036,       27.59,
 140.022883,   34.886036,       27.32,
 140.031892,   34.886036,       26.98,
 140.040901,   34.886036,       26.60,
 140.049910,   34.886036,       26.22,
 140.058919,   34.886036,       26.03,
 140.067928,   34.886036,       25.93,
 140.076937,   34.886036,       25.82,
 140.085946,   34.886036,       25.65,
 140.094955,   34.886036,       25.48,
 140.103964,   34.886036,       25.40,
 140.112973,   34.886036,       25.43,
 140.121982,   34.886036,       25.43,
 140.130991,   34.886036,       25.38,
 140.140000,   34.886036,       25.29,
 140.149009,   34.886036,       25.20,
 140.158018,   34.886036,       25.17,
 140.167027,   34.886036,       25.18,
 140.176036,   34.886036,       25.22,
 140.185045,   34.886036,       25.27,
 140.194054,   34.886036,       25.30,
 140.203063,   34.886036,       25.32,
 140.212072,   34.886036,       25.34,
 140.221081,   34.886036,       25.37,
 140.230090,   34.886036,       25.40,
 140.239099,   34.886036,       25.44,
 140.248108,   34.886036,       25.47,
 140.257117,   34.886036,       25.45,
 140.266126,   34.886036,       25.41,
 140.275135,   34.886036,       25.38,
 140.284144,   34.886036,       25.34,
 140.293153,   34.886036,       25.31,
 140.302162,   34.886036,       25.28,
 140.311171,   34.886036,       25.25,
 140.320180,   34.886036,       25.23,
 140.329189,   34.886036,       25.20,
 140.338198,   34.886036,       25.16,
 140.347207,   34.886036,       25.16,
 140.356216,   34.886036,       25.18,
 140.365225,   34.886036,       25.22,
 140.374234,   34.886036,       25.25,
 140.383243,   34.886036,       25.30,
 139.140000,   34.895045,       54.79,
 139.149009,   34.895045,       54.11,
 139.158018,   34.895045,       53.46,
 139.167027,   34.895045,       52.85,
 139.176036,   34.895045,       52.28,
 139.185045,   34.895045,       51.74,
 139.194054,   34.895045,       51.30,
 139.203063,   34.895045,       51.13,
 139.212072,   34.895045,       50.96,
 139.221081,   34.895045,       50.80,
 139.230090,   34.895045,       50.63,
 139.239099,   34.895045,       50.47,
 139.248108,   34.895045,       50.31,
 139.257117,   34.895045,       50.15,
 139.266126,   34.895045,       50.01,
 139.275135,   34.895045,       50.10,
 139.284144,   34.895045,       50.24,
 139.293153,   34.895045,       50.34,
 139.302162,   34.895045,       50.40,
 139.311171,   34.895045,       50.42,
 139.320180,   34.895045,       50.39,
 139.329189,   34.895045,       50.33,
 139.338198,   34.895045,       50.26,
 139.347207,   34.895045,       50.19,
 139.356216,   34.895045,       50.13,
 139.365225,   34.895045,       50.05,
 139.374234,   34.895045,       49.94,
 139.383243,   34.895045,       49.81,
 139.392252,   34.895045,       49.68,
 139.401261,   34.895045,       49.57,
 139.410270,   34.895045,       49.47,
 139.419279,   34.895045,       49.37,
 139.428288,   34.895045,       49.27,
 139.437297,   34.895045,       49.18,
 139.446306,   34.895045,       49.10,
 139.455315,   34.895045,       49.03,
 139.464324,   34.895045,       48.96,
 139.473333,   34.895045,       48.73,
 139.482342,   34.895045,       48.32,
 139.491351,   34.895045,       47.87,
 139.500360,   34.895045,       47.34,
 139.509369,   34.895045,       46.58,
 139.518378,   34.895045,       45.66,
 139.527387,   34.895045,       44.71,
 139.536396,   34.895045,       43.76,
 139.545405,   34.895045,       42.81,
 139.554414,   34.895045,       41.92,
 139.563423,   34.895045,       41.07,
 139.572432,   34.895045,       40.26,
 139.581441,   34.895045,       39.59,
 139.590450,   34.895045,       39.08,
 139.599459,   34.895045,       38.59,
 139.608468,   34.895045,       38.10,
 139.617477,   34.895045,       37.65,
 139.626486,   34.895045,       37.30,
 139.635495,   34.895045,       36.99,
 139.644505,   34.895045,       36.67,
 139.653514,   34.895045,       36.34,
 139.662523,   34.895045,       36.03,
 139.671532,   34.895045,       35.63,
 139.680541,   34.895045,       34.96,
 139.689550,   34.895045,       34.31,
 139.698559,   34.895045,       33.25,
 139.707568,   34.895045,       32.18,
 139.716577,   34.895045,       31.06,
 139.725586,   34.895045,       30.26,
 139.734595,   34.895045,       29.77,
 139.743604,   34.895045,       29.61,
 139.752613,   34.895045,       29.70,
 139.761622,   34.895045,       29.88,
 139.770631,   34.895045,       30.19,
 139.779640,   34.895045,       30.64,
 139.788649,   34.895045,       31.51,
 139.797658,   34.895045,       32.65,
 139.806667,   34.895045,       33.99,
 139.815676,   34.895045,       35.18,
 139.824685,   34.895045,       36.18,
 139.833694,   34.895045,       37.17,
 139.842703,   34.895045,       37.76,
 139.851712,   34.895045,       37.13,
 139.860721,   34.895045,       35.55,
 139.869730,   34.895045,       34.52,
 139.878739,   34.895045,       33.72,
 139.887748,   34.895045,       32.66,
 139.896757,   34.895045,       31.60,
 139.905766,   34.895045,       30.83,
 139.914775,   34.895045,       30.21,
 139.923784,   34.895045,       29.65,
 139.932793,   34.895045,       29.29,
 139.941802,   34.895045,       29.09,
 139.950811,   34.895045,       28.89,
 139.959820,   34.895045,       28.79,
 139.968829,   34.895045,       28.74,
 139.977838,   34.895045,       28.72,
 139.986847,   34.895045,       28.68,
 139.995856,   34.895045,       28.55,
 140.004865,   34.895045,       28.45,
 140.013874,   34.895045,       28.20,
 140.022883,   34.895045,       27.97,
 140.031892,   34.895045,       27.70,
 140.040901,   34.895045,       27.32,
 140.049910,   34.895045,       26.85,
 140.058919,   34.895045,       26.43,
 140.067928,   34.895045,       26.16,
 140.076937,   34.895045,       25.99,
 140.085946,   34.895045,       25.77,
 140.094955,   34.895045,       25.55,
 140.103964,   34.895045,       25.35,
 140.112973,   34.895045,       25.32,
 140.121982,   34.895045,       25.28,
 140.130991,   34.895045,       25.22,
 140.140000,   34.895045,       25.14,
 140.149009,   34.895045,       25.11,
 140.158018,   34.895045,       25.16,
 140.167027,   34.895045,       25.22,
 140.176036,   34.895045,       25.29,
 140.185045,   34.895045,       25.35,
 140.194054,   34.895045,       25.38,
 140.203063,   34.895045,       25.40,
 140.212072,   34.895045,       25.42,
 140.221081,   34.895045,       25.44,
 140.230090,   34.895045,       25.47,
 140.239099,   34.895045,       25.51,
 140.248108,   34.895045,       25.49,
 140.257117,   34.895045,       25.45,
 140.266126,   34.895045,       25.41,
 140.275135,   34.895045,       25.38,
 140.284144,   34.895045,       25.35,
 140.293153,   34.895045,       25.32,
 140.302162,   34.895045,       25.29,
 140.311171,   34.895045,       25.26,
 140.320180,   34.895045,       25.23,
 140.329189,   34.895045,       25.19,
 140.338198,   34.895045,       25.19,
 140.347207,   34.895045,       25.21,
 140.356216,   34.895045,       25.24,
 140.365225,   34.895045,       25.27,
 140.374234,   34.895045,       25.31,
 140.383243,   34.895045,       25.36,
 139.140000,   34.904054,       55.59,
 139.149009,   34.904054,       54.90,
 139.158018,   34.904054,       54.25,
 139.167027,   34.904054,       53.63,
 139.176036,   34.904054,       53.05,
 139.185045,   34.904054,       52.51,
 139.194054,   34.904054,       52.00,
 139.203063,   34.904054,       51.53,
 139.212072,   34.904054,       51.36,
 139.221081,   34.904054,       51.19,
 139.230090,   34.904054,       51.03,
 139.239099,   34.904054,       50.86,
 139.248108,   34.904054,       50.70,
 139.257117,   34.904054,       50.55,
 139.266126,   34.904054,       50.39,
 139.275135,   34.904054,       50.25,
 139.284144,   34.904054,       50.35,
 139.293153,   34.904054,       50.44,
 139.302162,   34.904054,       50.49,
 139.311171,   34.904054,       50.49,
 139.320180,   34.904054,       50.43,
 139.329189,   34.904054,       50.36,
 139.338198,   34.904054,       50.30,
 139.347207,   34.904054,       50.23,
 139.356216,   34.904054,       50.11,
 139.365225,   34.904054,       49.97,
 139.374234,   34.904054,       49.80,
 139.383243,   34.904054,       49.67,
 139.392252,   34.904054,       49.55,
 139.401261,   34.904054,       49.45,
 139.410270,   34.904054,       49.36,
 139.419279,   34.904054,       49.28,
 139.428288,   34.904054,       49.20,
 139.437297,   34.904054,       49.12,
 139.446306,   34.904054,       49.04,
 139.455315,   34.904054,       48.96,
 139.464324,   34.904054,       48.89,
 139.473333,   34.904054,       48.73,
 139.482342,   34.904054,       48.37,
 139.491351,   34.904054,       47.85,
 139.500360,   34.904054,       47.25,
 139.509369,   34.904054,       46.56,
 139.518378,   34.904054,       45.76,
 139.527387,   34.904054,       44.83,
 139.536396,   34.904054,       43.87,
 139.545405,   34.904054,       42.91,
 139.554414,   34.904054,       41.98,
 139.563423,   34.904054,       41.16,
 139.572432,   34.904054,       40.45,
 139.581441,   34.904054,       39.81,
 139.590450,   34.904054,       39.27,
 139.599459,   34.904054,       38.78,
 139.608468,   34.904054,       38.29,
 139.617477,   34.904054,       37.85,
 139.626486,   34.904054,       37.54,
 139.635495,   34.904054,       37.23,
 139.644505,   34.904054,       36.94,
 139.653514,   34.904054,       36.71,
 139.662523,   34.904054,       36.43,
 139.671532,   34.904054,       36.11,
 139.680541,   34.904054,       35.66,
 139.689550,   34.904054,       35.02,
 139.698559,   34.904054,       34.31,
 139.707568,   34.904054,       33.38,
 139.716577,   34.904054,       32.33,
 139.725586,   34.904054,       31.50,
 139.734595,   34.904054,       31.17,
 139.743604,   34.904054,       31.07,
 139.752613,   34.904054,       31.12,
 139.761622,   34.904054,       31.30,
 139.770631,   34.904054,       31.66,
 139.779640,   34.904054,       32.14,
 139.788649,   34.904054,       32.87,
 139.797658,   34.904054,       34.02,
 139.806667,   34.904054,       35.14,
 139.815676,   34.904054,       36.13,
 139.824685,   34.904054,       36.89,
 139.833694,   34.904054,       37.38,
 139.842703,   34.904054,       37.68,
 139.851712,   34.904054,       36.65,
 139.860721,   34.904054,       35.19,
 139.869730,   34.904054,       34.33,
 139.878739,   34.904054,       33.04,
 139.887748,   34.904054,       32.84,
 139.896757,   34.904054,       32.28,
 139.905766,   34.904054,       31.16,
 139.914775,   34.904054,       30.39,
 139.923784,   34.904054,       29.61,
 139.932793,   34.904054,       29.03,
 139.941802,   34.904054,       28.65,
 139.950811,   34.904054,       28.55,
 139.959820,   34.904054,       28.56,
 139.968829,   34.904054,       28.60,
 139.977838,   34.904054,       28.65,
 139.986847,   34.904054,       28.74,
 139.995856,   34.904054,       28.83,
 140.004865,   34.904054,       28.73,
 140.013874,   34.904054,       28.64,
 140.022883,   34.904054,       28.43,
 140.031892,   34.904054,       28.22,
 140.040901,   34.904054,       27.96,
 140.049910,   34.904054,       27.49,
 140.058919,   34.904054,       27.02,
 140.067928,   34.904054,       26.52,
 140.076937,   34.904054,       26.17,
 140.085946,   34.904054,       25.91,
 140.094955,   34.904054,       25.68,
 140.103964,   34.904054,       25.40,
 140.112973,   34.904054,       25.20,
 140.121982,   34.904054,       25.13,
 140.130991,   34.904054,       25.07,
 140.140000,   34.904054,       25.00,
 140.149009,   34.904054,       25.05,
 140.158018,   34.904054,       25.15,
 140.167027,   34.904054,       25.26,
 140.176036,   34.904054,       25.37,
 140.185045,   34.904054,       25.43,
 140.194054,   34.904054,       25.46,
 140.203063,   34.904054,       25.48,
 140.212072,   34.904054,       25.50,
 140.221081,   34.904054,       25.52,
 140.230090,   34.904054,       25.54,
 140.239099,   34.904054,       25.53,
 140.248108,   34.904054,       25.49,
 140.257117,   34.904054,       25.45,
 140.266126,   34.904054,       25.42,
 140.275135,   34.904054,       25.38,
 140.284144,   34.904054,       25.35,
 140.293153,   34.904054,       25.32,
 140.302162,   34.904054,       25.29,
 140.311171,   34.904054,       25.26,
 140.320180,   34.904054,       25.22,
 140.329189,   34.904054,       25.22,
 140.338198,   34.904054,       25.24,
 140.347207,   34.904054,       25.26,
 140.356216,   34.904054,       25.29,
 140.365225,   34.904054,       25.32,
 140.374234,   34.904054,       25.35,
 140.383243,   34.904054,       25.34,
 139.140000,   34.913063,       56.36,
 139.149009,   34.913063,       55.66,
 139.158018,   34.913063,       55.00,
 139.167027,   34.913063,       54.38,
 139.176036,   34.913063,       53.79,
 139.185045,   34.913063,       53.24,
 139.194054,   34.913063,       52.73,
 139.203063,   34.913063,       52.25,
 139.212072,   34.913063,       51.81,
 139.221081,   34.913063,       51.58,
 139.230090,   34.913063,       51.42,
 139.239099,   34.913063,       51.26,
 139.248108,   34.913063,       51.10,
 139.257117,   34.913063,       50.94,
 139.266126,   34.913063,       50.78,
 139.275135,   34.913063,       50.63,
 139.284144,   34.913063,       50.50,
 139.293153,   34.913063,       50.58,
 139.302162,   34.913063,       50.58,
 139.311171,   34.913063,       50.53,
 139.320180,   34.913063,       50.47,
 139.329189,   34.913063,       50.41,
 139.338198,   34.913063,       50.33,
 139.347207,   34.913063,       50.22,
 139.356216,   34.913063,       50.03,
 139.365225,   34.913063,       49.84,
 139.374234,   34.913063,       49.65,
 139.383243,   34.913063,       49.51,
 139.392252,   34.913063,       49.40,
 139.401261,   34.913063,       49.31,
 139.410270,   34.913063,       49.24,
 139.419279,   34.913063,       49.17,
 139.428288,   34.913063,       49.10,
 139.437297,   34.913063,       49.03,
 139.446306,   34.913063,       48.96,
 139.455315,   34.913063,       48.88,
 139.464324,   34.913063,       48.81,
 139.473333,   34.913063,       48.71,
 139.482342,   34.913063,       48.42,
 139.491351,   34.913063,       47.83,
 139.500360,   34.913063,       47.19,
 139.509369,   34.913063,       46.51,
 139.518378,   34.913063,       45.80,
 139.527387,   34.913063,       44.95,
 139.536396,   34.913063,       43.98,
 139.545405,   34.913063,       43.02,
 139.554414,   34.913063,       42.06,
 139.563423,   34.913063,       41.30,
 139.572432,   34.913063,       40.65,
 139.581441,   34.913063,       40.02,
 139.590450,   34.913063,       39.46,
 139.599459,   34.913063,       38.96,
 139.608468,   34.913063,       38.47,
 139.617477,   34.913063,       38.06,
 139.626486,   34.913063,       37.75,
 139.635495,   34.913063,       37.47,
 139.644505,   34.913063,       37.20,
 139.653514,   34.913063,       37.01,
 139.662523,   34.913063,       36.83,
 139.671532,   34.913063,       36.51,
 139.680541,   34.913063,       36.19,
 139.689550,   34.913063,       35.75,
 139.698559,   34.913063,       35.17,
 139.707568,   34.913063,       34.48,
 139.716577,   34.913063,       33.74,
 139.725586,   34.913063,       32.91,
 139.734595,   34.913063,       32.49,
 139.743604,   34.913063,       32.42,
 139.752613,   34.913063,       32.49,
 139.761622,   34.913063,       32.72,
 139.770631,   34.913063,       33.01,
 139.779640,   34.913063,       33.51,
 139.788649,   34.913063,       34.25,
 139.797658,   34.913063,       35.18,
 139.806667,   34.913063,       36.08,
 139.815676,   34.913063,       36.83,
 139.824685,   34.913063,       37.34,
 139.833694,   34.913063,       37.63,
 139.842703,   34.913063,       37.00,
 139.851712,   34.913063,       36.07,
 139.860721,   34.913063,       35.37,
 139.869730,   34.913063,       34.89,
 139.878739,   34.913063,       34.38,
 139.887748,   34.913063,       33.78,
 139.896757,   34.913063,       33.05,
 139.905766,   34.913063,       31.99,
 139.914775,   34.913063,       30.82,
 139.923784,   34.913063,       29.80,
 139.932793,   34.913063,       28.93,
 139.941802,   34.913063,       28.45,
 139.950811,   34.913063,       28.29,
 139.959820,   34.913063,       28.31,
 139.968829,   34.913063,       28.41,
 139.977838,   34.913063,       28.53,
 139.986847,   34.913063,       28.67,
 139.995856,   34.913063,       28.79,
 140.004865,   34.913063,       28.87,
 140.013874,   34.913063,       28.85,
 140.022883,   34.913063,       28.80,
 140.031892,   34.913063,       28.64,
 140.040901,   34.913063,       28.38,
 140.049910,   34.913063,       28.06,
 140.058919,   34.913063,       27.55,
 140.067928,   34.913063,       27.01,
 140.076937,   34.913063,       26.49,
 140.085946,   34.913063,       26.08,
 140.094955,   34.913063,       25.78,
 140.103964,   34.913063,       25.44,
 140.112973,   34.913063,       25.14,
 140.121982,   34.913063,       25.01,
 140.130991,   34.913063,       24.95,
 140.140000,   34.913063,       24.89,
 140.149009,   34.913063,       24.96,
 140.158018,   34.913063,       25.12,
 140.167027,   34.913063,       25.27,
 140.176036,   34.913063,       25.44,
 140.185045,   34.913063,       25.52,
 140.194054,   34.913063,       25.54,
 140.203063,   34.913063,       25.55,
 140.212072,   34.913063,       25.57,
 140.221081,   34.913063,       25.59,
 140.230090,   34.913063,       25.59,
 140.239099,   34.913063,       25.53,
 140.248108,   34.913063,       25.49,
 140.257117,   34.913063,       25.45,
 140.266126,   34.913063,       25.42,
 140.275135,   34.913063,       25.38,
 140.284144,   34.913063,       25.35,
 140.293153,   34.913063,       25.32,
 140.302162,   34.913063,       25.29,
 140.311171,   34.913063,       25.25,
 140.320180,   34.913063,       25.25,
 140.329189,   34.913063,       25.26,
 140.338198,   34.913063,       25.28,
 140.347207,   34.913063,       25.30,
 140.356216,   34.913063,       25.33,
 140.365225,   34.913063,       25.35,
 140.374234,   34.913063,       25.33,
 140.383243,   34.913063,       25.12,
 139.140000,   34.922072,       57.09,
 139.149009,   34.922072,       56.38,
 139.158018,   34.922072,       55.72,
 139.167027,   34.922072,       55.09,
 139.176036,   34.922072,       54.49,
 139.185045,   34.922072,       53.93,
 139.194054,   34.922072,       53.41,
 139.203063,   34.922072,       52.93,
 139.212072,   34.922072,       52.48,
 139.221081,   34.922072,       52.07,
 139.230090,   34.922072,       51.81,
 139.239099,   34.922072,       51.64,
 139.248108,   34.922072,       51.48,
 139.257117,   34.922072,       51.33,
 139.266126,   34.922072,       51.17,
 139.275135,   34.922072,       51.02,
 139.284144,   34.922072,       50.87,
 139.293153,   34.922072,       50.73,
 139.302162,   34.922072,       50.68,
 139.311171,   34.922072,       50.62,
 139.320180,   34.922072,       50.54,
 139.329189,   34.922072,       50.47,
 139.338198,   34.922072,       50.39,
 139.347207,   34.922072,       50.17,
 139.356216,   34.922072,       49.94,
 139.365225,   34.922072,       49.71,
 139.374234,   34.922072,       49.50,
 139.383243,   34.922072,       49.35,
 139.392252,   34.922072,       49.25,
 139.401261,   34.922072,       49.18,
 139.410270,   34.922072,       49.11,
 139.419279,   34.922072,       49.05,
 139.428288,   34.922072,       49.00,
 139.437297,   34.922072,       48.94,
 139.446306,   34.922072,       48.87,
 139.455315,   34.922072,       48.80,
 139.464324,   34.922072,       48.72,
 139.473333,   34.922072,       48.65,
 139.482342,   34.922072,       48.45,
 139.491351,   34.922072,       47.81,
 139.500360,   34.922072,       47.16,
 139.509369,   34.922072,       46.49,
 139.518378,   34.922072,       45.80,
 139.527387,   34.922072,       44.99,
 139.536396,   34.922072,       44.06,
 139.545405,   34.922072,       43.11,
 139.554414,   34.922072,       42.21,
 139.563423,   34.922072,       41.44,
 139.572432,   34.922072,       40.79,
 139.581441,   34.922072,       40.18,
 139.590450,   34.922072,       39.62,
 139.599459,   34.922072,       39.13,
 139.608468,   34.922072,       38.64,
 139.617477,   34.922072,       38.23,
 139.626486,   34.922072,       37.94,
 139.635495,   34.922072,       37.66,
 139.644505,   34.922072,       37.44,
 139.653514,   34.922072,       37.26,
 139.662523,   34.922072,       37.07,
 139.671532,   34.922072,       36.88,
 139.680541,   34.922072,       36.62,
 139.689550,   34.922072,       36.34,
 139.698559,   34.922072,       35.92,
 139.707568,   34.922072,       35.49,
 139.716577,   34.922072,       34.95,
 139.725586,   34.922072,       34.43,
 139.734595,   34.922072,       33.94,
 139.743604,   34.922072,       33.75,
 139.752613,   34.922072,       33.80,
 139.761622,   34.922072,       34.06,
 139.770631,   34.922072,       34.45,
 139.779640,   34.922072,       35.05,
 139.788649,   34.922072,       35.72,
 139.797658,   34.922072,       36.47,
 139.806667,   34.922072,       36.97,
 139.815676,   34.922072,       37.32,
 139.824685,   34.922072,       37.60,
 139.833694,   34.922072,       37.33,
 139.842703,   34.922072,       37.06,
 139.851712,   34.922072,       36.79,
 139.860721,   34.922072,       36.48,
 139.869730,   34.922072,       36.01,
 139.878739,   34.922072,       35.38,
 139.887748,   34.922072,       34.60,
 139.896757,   34.922072,       33.70,
 139.905766,   34.922072,       32.69,
 139.914775,   34.922072,       31.56,
 139.923784,   34.922072,       30.37,
 139.932793,   34.922072,       29.20,
 139.941802,   34.922072,       28.28,
 139.950811,   34.922072,       28.06,
 139.959820,   34.922072,       28.09,
 139.968829,   34.922072,       28.18,
 139.977838,   34.922072,       28.29,
 139.986847,   34.922072,       28.44,
 139.995856,   34.922072,       28.62,
 140.004865,   34.922072,       28.81,
 140.013874,   34.922072,       29.00,
 140.022883,   34.922072,       29.01,
 140.031892,   34.922072,       28.98,
 140.040901,   34.922072,       28.76,
 140.049910,   34.922072,       28.44,
 140.058919,   34.922072,       28.02,
 140.067928,   34.922072,       27.51,
 140.076937,   34.922072,       26.94,
 140.085946,   34.922072,       26.37,
 140.094955,   34.922072,       25.90,
 140.103964,   34.922072,       25.53,
 140.112973,   34.922072,       25.12,
 140.121982,   34.922072,       24.91,
 140.130991,   34.922072,       24.85,
 140.140000,   34.922072,       24.78,
 140.149009,   34.922072,       24.82,
 140.158018,   34.922072,       24.99,
 140.167027,   34.922072,       25.18,
 140.176036,   34.922072,       25.38,
 140.185045,   34.922072,       25.54,
 140.194054,   34.922072,       25.58,
 140.203063,   34.922072,       25.61,
 140.212072,   34.922072,       25.64,
 140.221081,   34.922072,       25.64,
 140.230090,   34.922072,       25.62,
 140.239099,   34.922072,       25.55,
 140.248108,   34.922072,       25.49,
 140.257117,   34.922072,       25.45,
 140.266126,   34.922072,       25.42,
 140.275135,   34.922072,       25.38,
 140.284144,   34.922072,       25.35,
 140.293153,   34.922072,       25.32,
 140.302162,   34.922072,       25.28,
 140.311171,   34.922072,       25.28,
 140.320180,   34.922072,       25.28,
 140.329189,   34.922072,       25.29,
 140.338198,   34.922072,       25.31,
 140.347207,   34.922072,       25.33,
 140.356216,   34.922072,       25.34,
 140.365225,   34.922072,       25.27,
 140.374234,   34.922072,       25.06,
 140.383243,   34.922072,       24.84,
 139.140000,   34.931081,       57.61,
 139.149009,   34.931081,       57.07,
 139.158018,   34.931081,       56.39,
 139.167027,   34.931081,       55.76,
 139.176036,   34.931081,       55.15,
 139.185045,   34.931081,       54.59,
 139.194054,   34.931081,       54.06,
 139.203063,   34.931081,       53.57,
 139.212072,   34.931081,       53.12,
 139.221081,   34.931081,       52.70,
 139.230090,   34.931081,       52.32,
 139.239099,   34.931081,       52.03,
 139.248108,   34.931081,       51.87,
 139.257117,   34.931081,       51.71,
 139.266126,   34.931081,       51.56,
 139.275135,   34.931081,       51.40,
 139.284144,   34.931081,       51.24,
 139.293153,   34.931081,       51.06,
 139.302162,   34.931081,       50.92,
 139.311171,   34.931081,       50.80,
 139.320180,   34.931081,       50.67,
 139.329189,   34.931081,       50.55,
 139.338198,   34.931081,       50.44,
 139.347207,   34.931081,       50.16,
 139.356216,   34.931081,       49.89,
 139.365225,   34.931081,       49.61,
 139.374234,   34.931081,       49.35,
 139.383243,   34.931081,       49.17,
 139.392252,   34.931081,       49.09,
 139.401261,   34.931081,       49.03,
 139.410270,   34.931081,       48.98,
 139.419279,   34.931081,       48.94,
 139.428288,   34.931081,       48.90,
 139.437297,   34.931081,       48.85,
 139.446306,   34.931081,       48.78,
 139.455315,   34.931081,       48.69,
 139.464324,   34.931081,       48.59,
 139.473333,   34.931081,       48.49,
 139.482342,   34.931081,       48.24,
 139.491351,   34.931081,       47.73,
 139.500360,   34.931081,       47.12,
 139.509369,   34.931081,       46.51,
 139.518378,   34.931081,       45.83,
 139.527387,   34.931081,       45.00,
 139.536396,   34.931081,       44.12,
 139.545405,   34.931081,       43.21,
 139.554414,   34.931081,       42.38,
 139.563423,   34.931081,       41.58,
 139.572432,   34.931081,       40.88,
 139.581441,   34.931081,       40.31,
 139.590450,   34.931081,       39.76,
 139.599459,   34.931081,       39.27,
 139.608468,   34.931081,       38.79,
 139.617477,   34.931081,       38.37,
 139.626486,   34.931081,       38.07,
 139.635495,   34.931081,       37.78,
 139.644505,   34.931081,       37.57,
 139.653514,   34.931081,       37.44,
 139.662523,   34.931081,       37.30,
 139.671532,   34.931081,       37.13,
 139.680541,   34.931081,       36.97,
 139.689550,   34.931081,       36.80,
 139.698559,   34.931081,       36.56,
 139.707568,   34.931081,       36.27,
 139.716577,   34.931081,       35.99,
 139.725586,   34.931081,       35.63,
 139.734595,   34.931081,       35.34,
 139.743604,   34.931081,       35.19,
 139.752613,   34.931081,       35.28,
 139.761622,   34.931081,       35.58,
 139.770631,   34.931081,       36.12,
 139.779640,   34.931081,       36.64,
 139.788649,   34.931081,       37.17,
 139.797658,   34.931081,       37.45,
 139.806667,   34.931081,       37.60,
 139.815676,   34.931081,       37.69,
 139.824685,   34.931081,       37.68,
 139.833694,   34.931081,       37.81,
 139.842703,   34.931081,       37.88,
 139.851712,   34.931081,       37.83,
 139.860721,   34.931081,       37.55,
 139.869730,   34.931081,       37.03,
 139.878739,   34.931081,       36.30,
 139.887748,   34.931081,       35.43,
 139.896757,   34.931081,       34.46,
 139.905766,   34.931081,       33.39,
 139.914775,   34.931081,       32.25,
 139.923784,   34.931081,       31.04,
 139.932793,   34.931081,       29.81,
 139.941802,   34.931081,       28.61,
 139.950811,   34.931081,       27.90,
 139.959820,   34.931081,       27.90,
 139.968829,   34.931081,       27.92,
 139.977838,   34.931081,       28.01,
 139.986847,   34.931081,       28.16,
 139.995856,   34.931081,       28.36,
 140.004865,   34.931081,       28.63,
 140.013874,   34.931081,       28.89,
 140.022883,   34.931081,       29.19,
 140.031892,   34.931081,       29.18,
 140.040901,   34.931081,       29.05,
 140.049910,   34.931081,       28.82,
 140.058919,   34.931081,       28.45,
 140.067928,   34.931081,       27.97,
 140.076937,   34.931081,       27.41,
 140.085946,   34.931081,       26.81,
 140.094955,   34.931081,       26.19,
 140.103964,   34.931081,       25.73,
 140.112973,   34.931081,       25.28,
 140.121982,   34.931081,       24.95,
 140.130991,   34.931081,       24.83,
 140.140000,   34.931081,       24.70,
 140.149009,   34.931081,       24.65,
 140.158018,   34.931081,       24.83,
 140.167027,   34.931081,       25.02,
 140.176036,   34.931081,       25.20,
 140.185045,   34.931081,       25.39,
 140.194054,   34.931081,       25.52,
 140.203063,   34.931081,       25.61,
 140.212072,   34.931081,       25.68,
 140.221081,   34.931081,       25.69,
 140.230090,   34.931081,       25.65,
 140.239099,   34.931081,       25.58,
 140.248108,   34.931081,       25.51,
 140.257117,   34.931081,       25.45,
 140.266126,   34.931081,       25.41,
 140.275135,   34.931081,       25.38,
 140.284144,   34.931081,       25.35,
 140.293153,   34.931081,       25.32,
 140.302162,   34.931081,       25.31,
 140.311171,   34.931081,       25.30,
 140.320180,   34.931081,       25.31,
 140.329189,   34.931081,       25.32,
 140.338198,   34.931081,       25.33,
 140.347207,   34.931081,       25.34,
 140.356216,   34.931081,       25.21,
 140.365225,   34.931081,       25.01,
 140.374234,   34.931081,       24.80,
 140.383243,   34.931081,       24.57,
 139.140000,   34.940090,       57.83,
 139.149009,   34.940090,       57.49,
 139.158018,   34.940090,       57.03,
 139.167027,   34.940090,       56.39,
 139.176036,   34.940090,       55.78,
 139.185045,   34.940090,       55.21,
 139.194054,   34.940090,       54.68,
 139.203063,   34.940090,       54.18,
 139.212072,   34.940090,       53.72,
 139.221081,   34.940090,       53.29,
 139.230090,   34.940090,       52.90,
 139.239099,   34.940090,       52.55,
 139.248108,   34.940090,       52.26,
 139.257117,   34.940090,       52.10,
 139.266126,   34.940090,       51.94,
 139.275135,   34.940090,       51.78,
 139.284144,   34.940090,       51.61,
 139.293153,   34.940090,       51.42,
 139.302162,   34.940090,       51.23,
 139.311171,   34.940090,       51.05,
 139.320180,   34.940090,       50.86,
 139.329189,   34.940090,       50.67,
 139.338198,   34.940090,       50.49,
 139.347207,   34.940090,       50.19,
 139.356216,   34.940090,       49.89,
 139.365225,   34.940090,       49.59,
 139.374234,   34.940090,       49.28,
 139.383243,   34.940090,       48.99,
 139.392252,   34.940090,       48.93,
 139.401261,   34.940090,       48.88,
 139.410270,   34.940090,       48.84,
 139.419279,   34.940090,       48.81,
 139.428288,   34.940090,       48.79,
 139.437297,   34.940090,       48.76,
 139.446306,   34.940090,       48.68,
 139.455315,   34.940090,       48.56,
 139.464324,   34.940090,       48.43,
 139.473333,   34.940090,       48.28,
 139.482342,   34.940090,       48.02,
 139.491351,   34.940090,       47.62,
 139.500360,   34.940090,       47.06,
 139.509369,   34.940090,       46.50,
 139.518378,   34.940090,       45.87,
 139.527387,   34.940090,       45.03,
 139.536396,   34.940090,       44.18,
 139.545405,   34.940090,       43.34,
 139.554414,   34.940090,       42.51,
 139.563423,   34.940090,       41.72,
 139.572432,   34.940090,       41.01,
 139.581441,   34.940090,       40.44,
 139.590450,   34.940090,       39.89,
 139.599459,   34.940090,       39.37,
 139.608468,   34.940090,       38.86,
 139.617477,   34.940090,       38.46,
 139.626486,   34.940090,       38.16,
 139.635495,   34.940090,       37.89,
 139.644505,   34.940090,       37.68,
 139.653514,   34.940090,       37.52,
 139.662523,   34.940090,       37.37,
 139.671532,   34.940090,       37.26,
 139.680541,   34.940090,       37.17,
 139.689550,   34.940090,       37.07,
 139.698559,   34.940090,       36.94,
 139.707568,   34.940090,       36.80,
 139.716577,   34.940090,       36.64,
 139.725586,   34.940090,       36.54,
 139.734595,   34.940090,       36.47,
 139.743604,   34.940090,       36.47,
 139.752613,   34.940090,       36.64,
 139.761622,   34.940090,       37.11,
 139.770631,   34.940090,       37.60,
 139.779640,   34.940090,       38.03,
 139.788649,   34.940090,       38.08,
 139.797658,   34.940090,       38.10,
 139.806667,   34.940090,       38.03,
 139.815676,   34.940090,       37.87,
 139.824685,   34.940090,       38.33,
 139.833694,   34.940090,       38.76,
 139.842703,   34.940090,       38.95,
 139.851712,   34.940090,       38.94,
 139.860721,   34.940090,       38.63,
 139.869730,   34.940090,       38.03,
 139.878739,   34.940090,       37.23,
 139.887748,   34.940090,       36.29,
 139.896757,   34.940090,       35.25,
 139.905766,   34.940090,       34.13,
 139.914775,   34.940090,       32.94,
 139.923784,   34.940090,       31.71,
 139.932793,   34.940090,       30.44,
 139.941802,   34.940090,       29.20,
 139.950811,   34.940090,       28.08,
 139.959820,   34.940090,       27.75,
 139.968829,   34.940090,       27.69,
 139.977838,   34.940090,       27.72,
 139.986847,   34.940090,       27.85,
 139.995856,   34.940090,       28.03,
 140.004865,   34.940090,       28.33,
 140.013874,   34.940090,       28.67,
 140.022883,   34.940090,       28.97,
 140.031892,   34.940090,       29.21,
 140.040901,   34.940090,       29.19,
 140.049910,   34.940090,       29.07,
 140.058919,   34.940090,       28.88,
 140.067928,   34.940090,       28.39,
 140.076937,   34.940090,       27.88,
 140.085946,   34.940090,       27.23,
 140.094955,   34.940090,       26.58,
 140.103964,   34.940090,       25.97,
 140.112973,   34.940090,       25.45,
 140.121982,   34.940090,       25.08,
 140.130991,   34.940090,       24.89,
 140.140000,   34.940090,       24.71,
 140.149009,   34.940090,       24.57,
 140.158018,   34.940090,       24.70,
 140.167027,   34.940090,       24.86,
 140.176036,   34.940090,       25.03,
 140.185045,   34.940090,       25.22,
 140.194054,   34.940090,       25.41,
 140.203063,   34.940090,       25.56,
 140.212072,   34.940090,       25.70,
 140.221081,   34.940090,       25.74,
 140.230090,   34.940090,       25.67,
 140.239099,   34.940090,       25.59,
 140.248108,   34.940090,       25.53,
 140.257117,   34.940090,       25.46,
 140.266126,   34.940090,       25.41,
 140.275135,   34.940090,       25.37,
 140.284144,   34.940090,       25.35,
 140.293153,   34.940090,       25.33,
 140.302162,   34.940090,       25.32,
 140.311171,   34.940090,       25.32,
 140.320180,   34.940090,       25.32,
 140.329189,   34.940090,       25.34,
 140.338198,   34.940090,       25.33,
 140.347207,   34.940090,       25.15,
 140.356216,   34.940090,       24.96,
 140.365225,   34.940090,       24.76,
 140.374234,   34.940090,       24.54,
 140.383243,   34.940090,       24.32,
 139.140000,   34.949099,       57.76,
 139.149009,   34.949099,       57.62,
 139.158018,   34.949099,       57.37,
 139.167027,   34.949099,       56.99,
 139.176036,   34.949099,       56.37,
 139.185045,   34.949099,       55.79,
 139.194054,   34.949099,       55.25,
 139.203063,   34.949099,       54.75,
 139.212072,   34.949099,       54.28,
 139.221081,   34.949099,       53.85,
 139.230090,   34.949099,       53.45,
 139.239099,   34.949099,       53.09,
 139.248108,   34.949099,       52.77,
 139.257117,   34.949099,       52.49,
 139.266126,   34.949099,       52.32,
 139.275135,   34.949099,       52.15,
 139.284144,   34.949099,       51.98,
 139.293153,   34.949099,       51.79,
 139.302162,   34.949099,       51.59,
 139.311171,   34.949099,       51.37,
 139.320180,   34.949099,       51.13,
 139.329189,   34.949099,       50.85,
 139.338198,   34.949099,       50.53,
 139.347207,   34.949099,       50.23,
 139.356216,   34.949099,       49.93,
 139.365225,   34.949099,       49.62,
 139.374234,   34.949099,       49.30,
 139.383243,   34.949099,       48.97,
 139.392252,   34.949099,       48.78,
 139.401261,   34.949099,       48.71,
 139.410270,   34.949099,       48.68,
 139.419279,   34.949099,       48.66,
 139.428288,   34.949099,       48.65,
 139.437297,   34.949099,       48.66,
 139.446306,   34.949099,       48.54,
 139.455315,   34.949099,       48.38,
 139.464324,   34.949099,       48.23,
 139.473333,   34.949099,       48.08,
 139.482342,   34.949099,       47.84,
 139.491351,   34.949099,       47.47,
 139.500360,   34.949099,       46.94,
 139.509369,   34.949099,       46.41,
 139.518378,   34.949099,       45.86,
 139.527387,   34.949099,       45.10,
 139.536396,   34.949099,       44.30,
 139.545405,   34.949099,       43.47,
 139.554414,   34.949099,       42.64,
 139.563423,   34.949099,       41.88,
 139.572432,   34.949099,       41.15,
 139.581441,   34.949099,       40.53,
 139.590450,   34.949099,       39.94,
 139.599459,   34.949099,       39.40,
 139.608468,   34.949099,       38.90,
 139.617477,   34.949099,       38.48,
 139.626486,   34.949099,       38.15,
 139.635495,   34.949099,       37.88,
 139.644505,   34.949099,       37.69,
 139.653514,   34.949099,       37.54,
 139.662523,   34.949099,       37.40,
 139.671532,   34.949099,       37.33,
 139.680541,   34.949099,       37.26,
 139.689550,   34.949099,       37.22,
 139.698559,   34.949099,       37.18,
 139.707568,   34.949099,       37.16,
 139.716577,   34.949099,       37.14,
 139.725586,   34.949099,       37.13,
 139.734595,   34.949099,       37.18,
 139.743604,   34.949099,       37.34,
 139.752613,   34.949099,       37.71,
 139.761622,   34.949099,       38.22,
 139.770631,   34.949099,       38.69,
 139.779640,   34.949099,       38.58,
 139.788649,   34.949099,       38.41,
 139.797658,   34.949099,       38.27,
 139.806667,   34.949099,       38.30,
 139.815676,   34.949099,       38.97,
 139.824685,   34.949099,       39.63,
 139.833694,   34.949099,       40.01,
 139.842703,   34.949099,       40.19,
 139.851712,   34.949099,       40.16,
 139.860721,   34.949099,       39.75,
 139.869730,   34.949099,       39.05,
 139.878739,   34.949099,       38.18,
 139.887748,   34.949099,       37.17,
 139.896757,   34.949099,       36.07,
 139.905766,   34.949099,       34.89,
 139.914775,   34.949099,       33.65,
 139.923784,   34.949099,       32.38,
 139.932793,   34.949099,       31.08,
 139.941802,   34.949099,       29.78,
 139.950811,   34.949099,       28.55,
 139.959820,   34.949099,       27.82,
 139.968829,   34.949099,       27.67,
 139.977838,   34.949099,       27.55,
 139.986847,   34.949099,       27.58,
 139.995856,   34.949099,       27.71,
 140.004865,   34.949099,       27.95,
 140.013874,   34.949099,       28.28,
 140.022883,   34.949099,       28.65,
 140.031892,   34.949099,       28.93,
 140.040901,   34.949099,       29.10,
 140.049910,   34.949099,       29.18,
 140.058919,   34.949099,       29.14,
 140.067928,   34.949099,       28.73,
 140.076937,   34.949099,       28.17,
 140.085946,   34.949099,       27.59,
 140.094955,   34.949099,       26.98,
 140.103964,   34.949099,       26.33,
 140.112973,   34.949099,       25.70,
 140.121982,   34.949099,       25.16,
 140.130991,   34.949099,       24.96,
 140.140000,   34.949099,       24.73,
 140.149009,   34.949099,       24.58,
 140.158018,   34.949099,       24.63,
 140.167027,   34.949099,       24.74,
 140.176036,   34.949099,       24.86,
 140.185045,   34.949099,       25.05,
 140.194054,   34.949099,       25.24,
 140.203063,   34.949099,       25.44,
 140.212072,   34.949099,       25.64,
 140.221081,   34.949099,       25.75,
 140.230090,   34.949099,       25.67,
 140.239099,   34.949099,       25.59,
 140.248108,   34.949099,       25.52,
 140.257117,   34.949099,       25.46,
 140.266126,   34.949099,       25.41,
 140.275135,   34.949099,       25.37,
 140.284144,   34.949099,       25.35,
 140.293153,   34.949099,       25.34,
 140.302162,   34.949099,       25.33,
 140.311171,   34.949099,       25.33,
 140.320180,   34.949099,       25.34,
 140.329189,   34.949099,       25.27,
 140.338198,   34.949099,       25.11,
 140.347207,   34.949099,       24.92,
 140.356216,   34.949099,       24.73,
 140.365225,   34.949099,       24.53,
 140.374234,   34.949099,       24.31,
 140.383243,   34.949099,       24.08,
 139.140000,   34.958108,       57.72,
 139.149009,   34.958108,       57.58,
 139.158018,   34.958108,       57.43,
 139.167027,   34.958108,       57.25,
 139.176036,   34.958108,       56.90,
 139.185045,   34.958108,       56.34,
 139.194054,   34.958108,       55.79,
 139.203063,   34.958108,       55.28,
 139.212072,   34.958108,       54.80,
 139.221081,   34.958108,       54.36,
 139.230090,   34.958108,       53.96,
 139.239099,   34.958108,       53.60,
 139.248108,   34.958108,       53.27,
 139.257117,   34.958108,       52.95,
 139.266126,   34.958108,       52.70,
 139.275135,   34.958108,       52.53,
 139.284144,   34.958108,       52.36,
 139.293153,   34.958108,       52.18,
 139.302162,   34.958108,       51.98,
 139.311171,   34.958108,       51.71,
 139.320180,   34.958108,       51.38,
 139.329189,   34.958108,       51.00,
 139.338198,   34.958108,       50.62,
 139.347207,   34.958108,       50.29,
 139.356216,   34.958108,       49.98,
 139.365225,   34.958108,       49.66,
 139.374234,   34.958108,       49.32,
 139.383243,   34.958108,       48.97,
 139.392252,   34.958108,       48.68,
 139.401261,   34.958108,       48.53,
 139.410270,   34.958108,       48.49,
 139.419279,   34.958108,       48.47,
 139.428288,   34.958108,       48.46,
 139.437297,   34.958108,       48.41,
 139.446306,   34.958108,       48.30,
 139.455315,   34.958108,       48.16,
 139.464324,   34.958108,       48.01,
 139.473333,   34.958108,       47.86,
 139.482342,   34.958108,       47.69,
 139.491351,   34.958108,       47.34,
 139.500360,   34.958108,       46.83,
 139.509369,   34.958108,       46.32,
 139.518378,   34.958108,       45.80,
 139.527387,   34.958108,       45.12,
 139.536396,   34.958108,       44.38,
 139.545405,   34.958108,       43.64,
 139.554414,   34.958108,       42.84,
 139.563423,   34.958108,       42.06,
 139.572432,   34.958108,       41.30,
 139.581441,   34.958108,       40.57,
 139.590450,   34.958108,       39.96,
 139.599459,   34.958108,       39.36,
 139.608468,   34.958108,       38.78,
 139.617477,   34.958108,       38.34,
 139.626486,   34.958108,       38.00,
 139.635495,   34.958108,       37.73,
 139.644505,   34.958108,       37.57,
 139.653514,   34.958108,       37.49,
 139.662523,   34.958108,       37.41,
 139.671532,   34.958108,       37.40,
 139.680541,   34.958108,       37.36,
 139.689550,   34.958108,       37.38,
 139.698559,   34.958108,       37.38,
 139.707568,   34.958108,       37.41,
 139.716577,   34.958108,       37.45,
 139.725586,   34.958108,       37.52,
 139.734595,   34.958108,       37.72,
 139.743604,   34.958108,       38.06,
 139.752613,   34.958108,       38.59,
 139.761622,   34.958108,       39.22,
 139.770631,   34.958108,       39.23,
 139.779640,   34.958108,       38.79,
 139.788649,   34.958108,       39.20,
 139.797658,   34.958108,       39.65,
 139.806667,   34.958108,       40.19,
 139.815676,   34.958108,       40.71,
 139.824685,   34.958108,       41.07,
 139.833694,   34.958108,       41.35,
 139.842703,   34.958108,       41.52,
 139.851712,   34.958108,       41.43,
 139.860721,   34.958108,       40.91,
 139.869730,   34.958108,       40.11,
 139.878739,   34.958108,       39.15,
 139.887748,   34.958108,       38.06,
 139.896757,   34.958108,       36.89,
 139.905766,   34.958108,       35.65,
 139.914775,   34.958108,       34.36,
 139.923784,   34.958108,       33.05,
 139.932793,   34.958108,       31.71,
 139.941802,   34.958108,       30.37,
 139.950811,   34.958108,       29.03,
 139.959820,   34.958108,       27.93,
 139.968829,   34.958108,       27.78,
 139.977838,   34.958108,       27.65,
 139.986847,   34.958108,       27.50,
 139.995856,   34.958108,       27.51,
 140.004865,   34.958108,       27.63,
 140.013874,   34.958108,       27.85,
 140.022883,   34.958108,       28.20,
 140.031892,   34.958108,       28.51,
 140.040901,   34.958108,       28.82,
 140.049910,   34.958108,       29.08,
 140.058919,   34.958108,       29.04,
 140.067928,   34.958108,       28.79,
 140.076937,   34.958108,       28.44,
 140.085946,   34.958108,       27.87,
 140.094955,   34.958108,       27.31,
 140.103964,   34.958108,       26.70,
 140.112973,   34.958108,       26.05,
 140.121982,   34.958108,       25.43,
 140.130991,   34.958108,       25.06,
 140.140000,   34.958108,       24.77,
 140.149009,   34.958108,       24.53,
 140.158018,   34.958108,       24.59,
 140.167027,   34.958108,       24.66,
 140.176036,   34.958108,       24.73,
 140.185045,   34.958108,       24.87,
 140.194054,   34.958108,       25.05,
 140.203063,   34.958108,       25.25,
 140.212072,   34.958108,       25.43,
 140.221081,   34.958108,       25.57,
 140.230090,   34.958108,       25.59,
 140.239099,   34.958108,       25.56,
 140.248108,   34.958108,       25.49,
 140.257117,   34.958108,       25.43,
 140.266126,   34.958108,       25.39,
 140.275135,   34.958108,       25.37,
 140.284144,   34.958108,       25.35,
 140.293153,   34.958108,       25.34,
 140.302162,   34.958108,       25.33,
 140.311171,   34.958108,       25.33,
 140.320180,   34.958108,       25.23,
 140.329189,   34.958108,       25.07,
 140.338198,   34.958108,       24.89,
 140.347207,   34.958108,       24.71,
 140.356216,   34.958108,       24.51,
 140.365225,   34.958108,       24.30,
 140.374234,   34.958108,       24.08,
 140.383243,   34.958108,       23.85,
 139.140000,   34.967117,       57.70,
 139.149009,   34.967117,       57.57,
 139.158018,   34.967117,       57.42,
 139.167027,   34.967117,       57.26,
 139.176036,   34.967117,       57.07,
 139.185045,   34.967117,       56.78,
 139.194054,   34.967117,       56.29,
 139.203063,   34.967117,       55.77,
 139.212072,   34.967117,       55.29,
 139.221081,   34.967117,       54.85,
 139.230090,   34.967117,       54.44,
 139.239099,   34.967117,       54.07,
 139.248108,   34.967117,       53.72,
 139.257117,   34.967117,       53.37,
 139.266126,   34.967117,       53.11,
 139.275135,   34.967117,       52.92,
 139.284144,   34.967117,       52.75,
 139.293153,   34.967117,       52.57,
 139.302162,   34.967117,       52.36,
 139.311171,   34.967117,       51.99,
 139.320180,   34.967117,       51.58,
 139.329189,   34.967117,       51.15,
 139.338198,   34.967117,       50.72,
 139.347207,   34.967117,       50.36,
 139.356216,   34.967117,       50.03,
 139.365225,   34.967117,       49.69,
 139.374234,   34.967117,       49.35,
 139.383243,   34.967117,       48.98,
 139.392252,   34.967117,       48.62,
 139.401261,   34.967117,       48.35,
 139.410270,   34.967117,       48.27,
 139.419279,   34.967117,       48.24,
 139.428288,   34.967117,       48.20,
 139.437297,   34.967117,       48.14,
 139.446306,   34.967117,       48.04,
 139.455315,   34.967117,       47.92,
 139.464324,   34.967117,       47.77,
 139.473333,   34.967117,       47.63,
 139.482342,   34.967117,       47.49,
 139.491351,   34.967117,       47.22,
 139.500360,   34.967117,       46.74,
 139.509369,   34.967117,       46.26,
 139.518378,   34.967117,       45.75,
 139.527387,   34.967117,       45.19,
 139.536396,   34.967117,       44.53,
 139.545405,   34.967117,       43.83,
 139.554414,   34.967117,       43.07,
 139.563423,   34.967117,       42.29,
 139.572432,   34.967117,       41.45,
 139.581441,   34.967117,       40.69,
 139.590450,   34.967117,       39.99,
 139.599459,   34.967117,       39.35,
 139.608468,   34.967117,       38.89,
 139.617477,   34.967117,       38.44,
 139.626486,   34.967117,       38.01,
 139.635495,   34.967117,       37.68,
 139.644505,   34.967117,       37.43,
 139.653514,   34.967117,       37.36,
 139.662523,   34.967117,       37.43,
 139.671532,   34.967117,       37.45,
 139.680541,   34.967117,       37.53,
 139.689550,   34.967117,       37.55,
 139.698559,   34.967117,       37.59,
 139.707568,   34.967117,       37.64,
 139.716577,   34.967117,       37.73,
 139.725586,   34.967117,       37.92,
 139.734595,   34.967117,       38.25,
 139.743604,   34.967117,       38.91,
 139.752613,   34.967117,       39.61,
 139.761622,   34.967117,       40.37,
 139.770631,   34.967117,       40.76,
 139.779640,   34.967117,       41.03,
 139.788649,   34.967117,       41.56,
 139.797658,   34.967117,       41.98,
 139.806667,   34.967117,       42.26,
 139.815676,   34.967117,       42.50,
 139.824685,   34.967117,       42.59,
 139.833694,   34.967117,       42.75,
 139.842703,   34.967117,       42.88,
 139.851712,   34.967117,       42.76,
 139.860721,   34.967117,       42.11,
 139.869730,   34.967117,       41.20,
 139.878739,   34.967117,       40.13,
 139.887748,   34.967117,       38.96,
 139.896757,   34.967117,       37.70,
 139.905766,   34.967117,       36.39,
 139.914775,   34.967117,       35.05,
 139.923784,   34.967117,       33.71,
 139.932793,   34.967117,       32.34,
 139.941802,   34.967117,       30.97,
 139.950811,   34.967117,       29.57,
 139.959820,   34.967117,       28.08,
 139.968829,   34.967117,       27.94,
 139.977838,   34.967117,       27.78,
 139.986847,   34.967117,       27.61,
 139.995856,   34.967117,       27.50,
 140.004865,   34.967117,       27.49,
 140.013874,   34.967117,       27.59,
 140.022883,   34.967117,       27.74,
 140.031892,   34.967117,       28.04,
 140.040901,   34.967117,       28.30,
 140.049910,   34.967117,       28.58,
 140.058919,   34.967117,       28.70,
 140.067928,   34.967117,       28.65,
 140.076937,   34.967117,       28.39,
 140.085946,   34.967117,       28.07,
 140.094955,   34.967117,       27.55,
 140.103964,   34.967117,       27.02,
 140.112973,   34.967117,       26.40,
 140.121982,   34.967117,       25.76,
 140.130991,   34.967117,       25.27,
 140.140000,   34.967117,       24.92,
 140.149009,   34.967117,       24.63,
 140.158018,   34.967117,       24.55,
 140.167027,   34.967117,       24.56,
 140.176036,   34.967117,       24.63,
 140.185045,   34.967117,       24.73,
 140.194054,   34.967117,       24.87,
 140.203063,   34.967117,       25.04,
 140.212072,   34.967117,       25.21,
 140.221081,   34.967117,       25.35,
 140.230090,   34.967117,       25.45,
 140.239099,   34.967117,       25.48,
 140.248108,   34.967117,       25.44,
 140.257117,   34.967117,       25.40,
 140.266126,   34.967117,       25.37,
 140.275135,   34.967117,       25.36,
 140.284144,   34.967117,       25.35,
 140.293153,   34.967117,       25.34,
 140.302162,   34.967117,       25.32,
 140.311171,   34.967117,       25.19,
 140.320180,   34.967117,       25.03,
 140.329189,   34.967117,       24.87,
 140.338198,   34.967117,       24.70,
 140.347207,   34.967117,       24.51,
 140.356216,   34.967117,       24.31,
 140.365225,   34.967117,       24.09,
 140.374234,   34.967117,       23.87,
 140.383243,   34.967117,       23.63,
 139.140000,   34.976126,       57.69,
 139.149009,   34.976126,       57.58,
 139.158018,   34.976126,       57.44,
 139.167027,   34.976126,       57.28,
 139.176036,   34.976126,       57.10,
 139.185045,   34.976126,       56.90,
 139.194054,   34.976126,       56.67,
 139.203063,   34.976126,       56.23,
 139.212072,   34.976126,       55.74,
 139.221081,   34.976126,       55.29,
 139.230090,   34.976126,       54.88,
 139.239099,   34.976126,       54.50,
 139.248108,   34.976126,       54.13,
 139.257117,   34.976126,       53.79,
 139.266126,   34.976126,       53.51,
 139.275135,   34.976126,       53.32,
 139.284144,   34.976126,       53.14,
 139.293153,   34.976126,       52.96,
 139.302162,   34.976126,       52.68,
 139.311171,   34.976126,       52.27,
 139.320180,   34.976126,       51.82,
 139.329189,   34.976126,       51.36,
 139.338198,   34.976126,       50.87,
 139.347207,   34.976126,       50.44,
 139.356216,   34.976126,       50.08,
 139.365225,   34.976126,       49.74,
 139.374234,   34.976126,       49.41,
 139.383243,   34.976126,       49.05,
 139.392252,   34.976126,       48.67,
 139.401261,   34.976126,       48.25,
 139.410270,   34.976126,       48.06,
 139.419279,   34.976126,       48.04,
 139.428288,   34.976126,       47.97,
 139.437297,   34.976126,       47.88,
 139.446306,   34.976126,       47.79,
 139.455315,   34.976126,       47.67,
 139.464324,   34.976126,       47.53,
 139.473333,   34.976126,       47.39,
 139.482342,   34.976126,       47.25,
 139.491351,   34.976126,       47.02,
 139.500360,   34.976126,       46.62,
 139.509369,   34.976126,       46.20,
 139.518378,   34.976126,       45.72,
 139.527387,   34.976126,       45.23,
 139.536396,   34.976126,       44.69,
 139.545405,   34.976126,       44.04,
 139.554414,   34.976126,       43.38,
 139.563423,   34.976126,       42.62,
 139.572432,   34.976126,       41.84,
 139.581441,   34.976126,       40.99,
 139.590450,   34.976126,       40.35,
 139.599459,   34.976126,       39.82,
 139.608468,   34.976126,       39.29,
 139.617477,   34.976126,       38.81,
 139.626486,   34.976126,       38.26,
 139.635495,   34.976126,       37.88,
 139.644505,   34.976126,       37.55,
 139.653514,   34.976126,       37.45,
 139.662523,   34.976126,       37.55,
 139.671532,   34.976126,       37.67,
 139.680541,   34.976126,       37.73,
 139.689550,   34.976126,       37.82,
 139.698559,   34.976126,       37.88,
 139.707568,   34.976126,       37.98,
 139.716577,   34.976126,       38.13,
 139.725586,   34.976126,       38.46,
 139.734595,   34.976126,       39.15,
 139.743604,   34.976126,       40.15,
 139.752613,   34.976126,       40.86,
 139.761622,   34.976126,       41.76,
 139.770631,   34.976126,       42.58,
 139.779640,   34.976126,       43.42,
 139.788649,   34.976126,       44.01,
 139.797658,   34.976126,       44.40,
 139.806667,   34.976126,       44.34,
 139.815676,   34.976126,       44.36,
 139.824685,   34.976126,       44.18,
 139.833694,   34.976126,       44.18,
 139.842703,   34.976126,       44.25,
 139.851712,   34.976126,       44.15,
 139.860721,   34.976126,       43.35,
 139.869730,   34.976126,       42.30,
 139.878739,   34.976126,       41.09,
 139.887748,   34.976126,       39.77,
 139.896757,   34.976126,       38.42,
 139.905766,   34.976126,       37.05,
 139.914775,   34.976126,       35.69,
 139.923784,   34.976126,       34.32,
 139.932793,   34.976126,       32.94,
 139.941802,   34.976126,       31.56,
 139.950811,   34.976126,       30.15,
 139.959820,   34.976126,       28.71,
 139.968829,   34.976126,       28.08,
 139.977838,   34.976126,       27.95,
 139.986847,   34.976126,       27.75,
 139.995856,   34.976126,       27.62,
 140.004865,   34.976126,       27.55,
 140.013874,   34.976126,       27.49,
 140.022883,   34.976126,       27.53,
 140.031892,   34.976126,       27.62,
 140.040901,   34.976126,       27.77,
 140.049910,   34.976126,       28.02,
 140.058919,   34.976126,       28.22,
 140.067928,   34.976126,       28.29,
 140.076937,   34.976126,       28.26,
 140.085946,   34.976126,       28.03,
 140.094955,   34.976126,       27.72,
 140.103964,   34.976126,       27.20,
 140.112973,   34.976126,       26.64,
 140.121982,   34.976126,       26.03,
 140.130991,   34.976126,       25.50,
 140.140000,   34.976126,       25.07,
 140.149009,   34.976126,       24.79,
 140.158018,   34.976126,       24.64,
 140.167027,   34.976126,       24.50,
 140.176036,   34.976126,       24.57,
 140.185045,   34.976126,       24.63,
 140.194054,   34.976126,       24.70,
 140.203063,   34.976126,       24.84,
 140.212072,   34.976126,       25.01,
 140.221081,   34.976126,       25.15,
 140.230090,   34.976126,       25.27,
 140.239099,   34.976126,       25.37,
 140.248108,   34.976126,       25.39,
 140.257117,   34.976126,       25.37,
 140.266126,   34.976126,       25.36,
 140.275135,   34.976126,       25.35,
 140.284144,   34.976126,       25.34,
 140.293153,   34.976126,       25.32,
 140.302162,   34.976126,       25.15,
 140.311171,   34.976126,       25.01,
 140.320180,   34.976126,       24.86,
 140.329189,   34.976126,       24.69,
 140.338198,   34.976126,       24.51,
 140.347207,   34.976126,       24.32,
 140.356216,   34.976126,       24.11,
 140.365225,   34.976126,       23.90,
 140.374234,   34.976126,       23.67,
 140.383243,   34.976126,       23.55,
 139.140000,   34.985135,       57.78,
 139.149009,   34.985135,       57.61,
 139.158018,   34.985135,       57.48,
 139.167027,   34.985135,       57.32,
 139.176036,   34.985135,       57.15,
 139.185045,   34.985135,       56.96,
 139.194054,   34.985135,       56.74,
 139.203063,   34.985135,       56.50,
 139.212072,   34.985135,       56.16,
 139.221081,   34.985135,       55.70,
 139.230090,   34.985135,       55.28,
 139.239099,   34.985135,       54.90,
 139.248108,   34.985135,       54.54,
 139.257117,   34.985135,       54.19,
 139.266126,   34.985135,       53.90,
 139.275135,   34.985135,       53.71,
 139.284144,   34.985135,       53.52,
 139.293153,   34.985135,       53.34,
 139.302162,   34.985135,       53.03,
 139.311171,   34.985135,       52.61,
 139.320180,   34.985135,       52.18,
 139.329189,   34.985135,       51.70,
 139.338198,   34.985135,       51.17,
 139.347207,   34.985135,       50.57,
 139.356216,   34.985135,       50.15,
 139.365225,   34.985135,       49.87,
 139.374234,   34.985135,       49.57,
 139.383243,   34.985135,       49.22,
 139.392252,   34.985135,       48.83,
 139.401261,   34.985135,       48.47,
 139.410270,   34.985135,       48.19,
 139.419279,   34.985135,       48.05,
 139.428288,   34.985135,       47.90,
 139.437297,   34.985135,       47.72,
 139.446306,   34.985135,       47.54,
 139.455315,   34.985135,       47.42,
 139.464324,   34.985135,       47.29,
 139.473333,   34.985135,       47.15,
 139.482342,   34.985135,       47.00,
 139.491351,   34.985135,       46.79,
 139.500360,   34.985135,       46.46,
 139.509369,   34.985135,       46.12,
 139.518378,   34.985135,       45.72,
 139.527387,   34.985135,       45.26,
 139.536396,   34.985135,       44.79,
 139.545405,   34.985135,       44.25,
 139.554414,   34.985135,       43.71,
 139.563423,   34.985135,       43.03,
 139.572432,   34.985135,       42.36,
 139.581441,   34.985135,       41.66,
 139.590450,   34.985135,       41.03,
 139.599459,   34.985135,       40.53,
 139.608468,   34.985135,       40.04,
 139.617477,   34.985135,       39.54,
 139.626486,   34.985135,       39.06,
 139.635495,   34.985135,       38.67,
 139.644505,   34.985135,       38.43,
 139.653514,   34.985135,       38.32,
 139.662523,   34.985135,       38.28,
 139.671532,   34.985135,       38.27,
 139.680541,   34.985135,       38.33,
 139.689550,   34.985135,       38.38,
 139.698559,   34.985135,       38.42,
 139.707568,   34.985135,       38.61,
 139.716577,   34.985135,       39.03,
 139.725586,   34.985135,       39.63,
 139.734595,   34.985135,       40.50,
 139.743604,   34.985135,       41.70,
 139.752613,   34.985135,       42.62,
 139.761622,   34.985135,       43.35,
 139.770631,   34.985135,       44.09,
 139.779640,   34.985135,       44.79,
 139.788649,   34.985135,       45.21,
 139.797658,   34.985135,       45.68,
 139.806667,   34.985135,       45.86,
 139.815676,   34.985135,       46.01,
 139.824685,   34.985135,       45.72,
 139.833694,   34.985135,       45.59,
 139.842703,   34.985135,       45.61,
 139.851712,   34.985135,       45.64,
 139.860721,   34.985135,       44.61,
 139.869730,   34.985135,       43.31,
 139.878739,   34.985135,       41.88,
 139.887748,   34.985135,       40.44,
 139.896757,   34.985135,       39.02,
 139.905766,   34.985135,       37.62,
 139.914775,   34.985135,       36.24,
 139.923784,   34.985135,       34.86,
 139.932793,   34.985135,       33.50,
 139.941802,   34.985135,       32.13,
 139.950811,   34.985135,       30.75,
 139.959820,   34.985135,       29.37,
 139.968829,   34.985135,       28.19,
 139.977838,   34.985135,       28.07,
 139.986847,   34.985135,       27.90,
 139.995856,   34.985135,       27.72,
 140.004865,   34.985135,       27.64,
 140.013874,   34.985135,       27.57,
 140.022883,   34.985135,       27.51,
 140.031892,   34.985135,       27.47,
 140.040901,   34.985135,       27.52,
 140.049910,   34.985135,       27.62,
 140.058919,   34.985135,       27.75,
 140.067928,   34.985135,       27.90,
 140.076937,   34.985135,       27.94,
 140.085946,   34.985135,       27.87,
 140.094955,   34.985135,       27.65,
 140.103964,   34.985135,       27.35,
 140.112973,   34.985135,       26.79,
 140.121982,   34.985135,       26.26,
 140.130991,   34.985135,       25.74,
 140.140000,   34.985135,       25.26,
 140.149009,   34.985135,       24.93,
 140.158018,   34.985135,       24.76,
 140.167027,   34.985135,       24.58,
 140.176036,   34.985135,       24.57,
 140.185045,   34.985135,       24.61,
 140.194054,   34.985135,       24.65,
 140.203063,   34.985135,       24.69,
 140.212072,   34.985135,       24.83,
 140.221081,   34.985135,       24.97,
 140.230090,   34.985135,       25.09,
 140.239099,   34.985135,       25.20,
 140.248108,   34.985135,       25.31,
 140.257117,   34.985135,       25.34,
 140.266126,   34.985135,       25.35,
 140.275135,   34.985135,       25.34,
 140.284144,   34.985135,       25.32,
 140.293153,   34.985135,       25.26,
 140.302162,   34.985135,       25.03,
 140.311171,   34.985135,       24.85,
 140.320180,   34.985135,       24.69,
 140.329189,   34.985135,       24.52,
 140.338198,   34.985135,       24.34,
 140.347207,   34.985135,       24.14,
 140.356216,   34.985135,       23.93,
 140.365225,   34.985135,       23.72,
 140.374234,   34.985135,       23.67,
 140.383243,   34.985135,       23.66,
 139.140000,   34.994144,       57.87,
 139.149009,   34.994144,       57.72,
 139.158018,   34.994144,       57.55,
 139.167027,   34.994144,       57.39,
 139.176036,   34.994144,       57.23,
 139.185045,   34.994144,       57.04,
 139.194054,   34.994144,       56.83,
 139.203063,   34.994144,       56.60,
 139.212072,   34.994144,       56.35,
 139.221081,   34.994144,       56.07,
 139.230090,   34.994144,       55.67,
 139.239099,   34.994144,       55.29,
 139.248108,   34.994144,       54.92,
 139.257117,   34.994144,       54.58,
 139.266126,   34.994144,       54.30,
 139.275135,   34.994144,       54.13,
 139.284144,   34.994144,       53.93,
 139.293153,   34.994144,       53.72,
 139.302162,   34.994144,       53.42,
 139.311171,   34.994144,       53.05,
 139.320180,   34.994144,       52.66,
 139.329189,   34.994144,       52.21,
 139.338198,   34.994144,       51.69,
 139.347207,   34.994144,       51.10,
 139.356216,   34.994144,       50.64,
 139.365225,   34.994144,       50.34,
 139.374234,   34.994144,       50.02,
 139.383243,   34.994144,       49.62,
 139.392252,   34.994144,       49.17,
 139.401261,   34.994144,       48.77,
 139.410270,   34.994144,       48.48,
 139.419279,   34.994144,       48.24,
 139.428288,   34.994144,       48.03,
 139.437297,   34.994144,       47.78,
 139.446306,   34.994144,       47.47,
 139.455315,   34.994144,       47.23,
 139.464324,   34.994144,       47.10,
 139.473333,   34.994144,       46.96,
 139.482342,   34.994144,       46.80,
 139.491351,   34.994144,       46.57,
 139.500360,   34.994144,       46.29,
 139.509369,   34.994144,       46.01,
 139.518378,   34.994144,       45.68,
 139.527387,   34.994144,       45.29,
 139.536396,   34.994144,       44.88,
 139.545405,   34.994144,       44.41,
 139.554414,   34.994144,       43.96,
 139.563423,   34.994144,       43.48,
 139.572432,   34.994144,       42.91,
 139.581441,   34.994144,       42.37,
 139.590450,   34.994144,       41.84,
 139.599459,   34.994144,       41.36,
 139.608468,   34.994144,       40.87,
 139.617477,   34.994144,       40.40,
 139.626486,   34.994144,       40.00,
 139.635495,   34.994144,       39.62,
 139.644505,   34.994144,       39.45,
 139.653514,   34.994144,       39.36,
 139.662523,   34.994144,       39.39,
 139.671532,   34.994144,       39.41,
 139.680541,   34.994144,       39.46,
 139.689550,   34.994144,       39.52,
 139.698559,   34.994144,       39.71,
 139.707568,   34.994144,       40.10,
 139.716577,   34.994144,       40.77,
 139.725586,   34.994144,       41.60,
 139.734595,   34.994144,       42.67,
 139.743604,   34.994144,       43.75,
 139.752613,   34.994144,       44.45,
 139.761622,   34.994144,       45.08,
 139.770631,   34.994144,       45.59,
 139.779640,   34.994144,       46.28,
 139.788649,   34.994144,       47.05,
 139.797658,   34.994144,       47.52,
 139.806667,   34.994144,       47.40,
 139.815676,   34.994144,       47.03,
 139.824685,   34.994144,       46.73,
 139.833694,   34.994144,       46.75,
 139.842703,   34.994144,       46.78,
 139.851712,   34.994144,       46.64,
 139.860721,   34.994144,       45.63,
 139.869730,   34.994144,       44.00,
 139.878739,   34.994144,       42.42,
 139.887748,   34.994144,       40.93,
 139.896757,   34.994144,       39.50,
 139.905766,   34.994144,       38.14,
 139.914775,   34.994144,       36.80,
 139.923784,   34.994144,       35.44,
 139.932793,   34.994144,       34.07,
 139.941802,   34.994144,       32.68,
 139.950811,   34.994144,       31.31,
 139.959820,   34.994144,       29.97,
 139.968829,   34.994144,       28.62,
 139.977838,   34.994144,       28.21,
 139.986847,   34.994144,       28.02,
 139.995856,   34.994144,       27.85,
 140.004865,   34.994144,       27.73,
 140.013874,   34.994144,       27.65,
 140.022883,   34.994144,       27.57,
 140.031892,   34.994144,       27.49,
 140.040901,   34.994144,       27.44,
 140.049910,   34.994144,       27.43,
 140.058919,   34.994144,       27.48,
 140.067928,   34.994144,       27.53,
 140.076937,   34.994144,       27.62,
 140.085946,   34.994144,       27.61,
 140.094955,   34.994144,       27.50,
 140.103964,   34.994144,       27.25,
 140.112973,   34.994144,       26.88,
 140.121982,   34.994144,       26.41,
 140.130991,   34.994144,       25.94,
 140.140000,   34.994144,       25.47,
 140.149009,   34.994144,       25.09,
 140.158018,   34.994144,       24.87,
 140.167027,   34.994144,       24.65,
 140.176036,   34.994144,       24.59,
 140.185045,   34.994144,       24.60,
 140.194054,   34.994144,       24.62,
 140.203063,   34.994144,       24.66,
 140.212072,   34.994144,       24.72,
 140.221081,   34.994144,       24.82,
 140.230090,   34.994144,       24.94,
 140.239099,   34.994144,       25.06,
 140.248108,   34.994144,       25.16,
 140.257117,   34.994144,       25.26,
 140.266126,   34.994144,       25.32,
 140.275135,   34.994144,       25.32,
 140.284144,   34.994144,       25.30,
 140.293153,   34.994144,       25.22,
 140.302162,   34.994144,       24.99,
 140.311171,   34.994144,       24.70,
 140.320180,   34.994144,       24.54,
 140.329189,   34.994144,       24.36,
 140.338198,   34.994144,       24.18,
 140.347207,   34.994144,       23.97,
 140.356216,   34.994144,       23.83,
 140.365225,   34.994144,       23.76,
 140.374234,   34.994144,       23.73,
 140.383243,   34.994144,       23.73,
 139.140000,   35.003153,       57.95,
 139.149009,   35.003153,       57.80,
 139.158018,   35.003153,       57.65,
 139.167027,   35.003153,       57.50,
 139.176036,   35.003153,       57.32,
 139.185045,   35.003153,       57.15,
 139.194054,   35.003153,       56.95,
 139.203063,   35.003153,       56.73,
 139.212072,   35.003153,       56.49,
 139.221081,   35.003153,       56.24,
 139.230090,   35.003153,       55.97,
 139.239099,   35.003153,       55.61,
 139.248108,   35.003153,       55.32,
 139.257117,   35.003153,       55.11,
 139.266126,   35.003153,       54.94,
 139.275135,   35.003153,       54.68,
 139.284144,   35.003153,       54.42,
 139.293153,   35.003153,       54.15,
 139.302162,   35.003153,       53.87,
 139.311171,   35.003153,       53.61,
 139.320180,   35.003153,       53.29,
 139.329189,   35.003153,       52.90,
 139.338198,   35.003153,       52.48,
 139.347207,   35.003153,       52.08,
 139.356216,   35.003153,       51.67,
 139.365225,   35.003153,       51.22,
 139.374234,   35.003153,       50.76,
 139.383243,   35.003153,       50.26,
 139.392252,   35.003153,       49.70,
 139.401261,   35.003153,       49.12,
 139.410270,   35.003153,       48.79,
 139.419279,   35.003153,       48.57,
 139.428288,   35.003153,       48.34,
 139.437297,   35.003153,       48.11,
 139.446306,   35.003153,       47.84,
 139.455315,   35.003153,       47.48,
 139.464324,   35.003153,       47.15,
 139.473333,   35.003153,       46.88,
 139.482342,   35.003153,       46.70,
 139.491351,   35.003153,       46.48,
 139.500360,   35.003153,       46.20,
 139.509369,   35.003153,       45.92,
 139.518378,   35.003153,       45.61,
 139.527387,   35.003153,       45.30,
 139.536396,   35.003153,       44.98,
 139.545405,   35.003153,       44.61,
 139.554414,   35.003153,       44.23,
 139.563423,   35.003153,       43.79,
 139.572432,   35.003153,       43.40,
 139.581441,   35.003153,       42.97,
 139.590450,   35.003153,       42.51,
 139.599459,   35.003153,       42.13,
 139.608468,   35.003153,       41.76,
 139.617477,   35.003153,       41.40,
 139.626486,   35.003153,       41.00,
 139.635495,   35.003153,       40.65,
 139.644505,   35.003153,       40.55,
 139.653514,   35.003153,       40.51,
 139.662523,   35.003153,       40.57,
 139.671532,   35.003153,       40.69,
 139.680541,   35.003153,       40.85,
 139.689550,   35.003153,       41.21,
 139.698559,   35.003153,       41.59,
 139.707568,   35.003153,       42.15,
 139.716577,   35.003153,       42.90,
 139.725586,   35.003153,       43.92,
 139.734595,   35.003153,       44.99,
 139.743604,   35.003153,       46.05,
 139.752613,   35.003153,       46.72,
 139.761622,   35.003153,       47.29,
 139.770631,   35.003153,       47.86,
 139.779640,   35.003153,       48.50,
 139.788649,   35.003153,       49.24,
 139.797658,   35.003153,       49.43,
 139.806667,   35.003153,       49.05,
 139.815676,   35.003153,       48.20,
 139.824685,   35.003153,       47.51,
 139.833694,   35.003153,       47.01,
 139.842703,   35.003153,       46.72,
 139.851712,   35.003153,       46.67,
 139.860721,   35.003153,       46.10,
 139.869730,   35.003153,       44.31,
 139.878739,   35.003153,       42.77,
 139.887748,   35.003153,       41.49,
 139.896757,   35.003153,       40.26,
 139.905766,   35.003153,       39.00,
 139.914775,   35.003153,       37.70,
 139.923784,   35.003153,       36.36,
 139.932793,   35.003153,       34.98,
 139.941802,   35.003153,       33.56,
 139.950811,   35.003153,       32.11,
 139.959820,   35.003153,       30.65,
 139.968829,   35.003153,       29.21,
 139.977838,   35.003153,       28.29,
 139.986847,   35.003153,       28.16,
 139.995856,   35.003153,       27.96,
 140.004865,   35.003153,       27.83,
 140.013874,   35.003153,       27.73,
 140.022883,   35.003153,       27.65,
 140.031892,   35.003153,       27.55,
 140.040901,   35.003153,       27.45,
 140.049910,   35.003153,       27.39,
 140.058919,   35.003153,       27.35,
 140.067928,   35.003153,       27.37,
 140.076937,   35.003153,       27.38,
 140.085946,   35.003153,       27.40,
 140.094955,   35.003153,       27.33,
 140.103964,   35.003153,       27.15,
 140.112973,   35.003153,       26.88,
 140.121982,   35.003153,       26.49,
 140.130991,   35.003153,       26.09,
 140.140000,   35.003153,       25.65,
 140.149009,   35.003153,       25.23,
 140.158018,   35.003153,       24.97,
 140.167027,   35.003153,       24.73,
 140.176036,   35.003153,       24.62,
 140.185045,   35.003153,       24.59,
 140.194054,   35.003153,       24.58,
 140.203063,   35.003153,       24.62,
 140.212072,   35.003153,       24.66,
 140.221081,   35.003153,       24.71,
 140.230090,   35.003153,       24.81,
 140.239099,   35.003153,       24.91,
 140.248108,   35.003153,       25.02,
 140.257117,   35.003153,       25.10,
 140.266126,   35.003153,       25.17,
 140.275135,   35.003153,       25.22,
 140.284144,   35.003153,       25.25,
 140.293153,   35.003153,       25.23,
 140.302162,   35.003153,       24.95,
 140.311171,   35.003153,       24.65,
 140.320180,   35.003153,       24.40,
 140.329189,   35.003153,       24.22,
 140.338198,   35.003153,       24.03,
 140.347207,   35.003153,       23.91,
 140.356216,   35.003153,       23.82,
 140.365225,   35.003153,       23.77,
 140.374234,   35.003153,       23.75,
 140.383243,   35.003153,       23.71,
 139.140000,   35.012162,       58.04,
 139.149009,   35.012162,       57.89,
 139.158018,   35.012162,       57.74,
 139.167027,   35.012162,       57.59,
 139.176036,   35.012162,       57.43,
 139.185045,   35.012162,       57.27,
 139.194054,   35.012162,       57.08,
 139.203063,   35.012162,       56.87,
 139.212072,   35.012162,       56.64,
 139.221081,   35.012162,       56.43,
 139.230090,   35.012162,       56.19,
 139.239099,   35.012162,       55.93,
 139.248108,   35.012162,       55.83,
 139.257117,   35.012162,       55.78,
 139.266126,   35.012162,       55.64,
 139.275135,   35.012162,       55.39,
 139.284144,   35.012162,       55.13,
 139.293153,   35.012162,       54.84,
 139.302162,   35.012162,       54.56,
 139.311171,   35.012162,       54.33,
 139.320180,   35.012162,       54.09,
 139.329189,   35.012162,       53.79,
 139.338198,   35.012162,       53.47,
 139.347207,   35.012162,       53.16,
 139.356216,   35.012162,       52.74,
 139.365225,   35.012162,       52.23,
 139.374234,   35.012162,       51.69,
 139.383243,   35.012162,       51.08,
 139.392252,   35.012162,       50.40,
 139.401261,   35.012162,       49.60,
 139.410270,   35.012162,       49.18,
 139.419279,   35.012162,       49.02,
 139.428288,   35.012162,       48.77,
 139.437297,   35.012162,       48.52,
 139.446306,   35.012162,       48.24,
 139.455315,   35.012162,       47.83,
 139.464324,   35.012162,       47.37,
 139.473333,   35.012162,       46.94,
 139.482342,   35.012162,       46.64,
 139.491351,   35.012162,       46.43,
 139.500360,   35.012162,       46.20,
 139.509369,   35.012162,       45.92,
 139.518378,   35.012162,       45.65,
 139.527387,   35.012162,       45.37,
 139.536396,   35.012162,       45.10,
 139.545405,   35.012162,       44.77,
 139.554414,   35.012162,       44.45,
 139.563423,   35.012162,       44.15,
 139.572432,   35.012162,       43.81,
 139.581441,   35.012162,       43.49,
 139.590450,   35.012162,       43.15,
 139.599459,   35.012162,       42.82,
 139.608468,   35.012162,       42.53,
 139.617477,   35.012162,       42.24,
 139.626486,   35.012162,       42.02,
 139.635495,   35.012162,       41.76,
 139.644505,   35.012162,       41.64,
 139.653514,   35.012162,       41.61,
 139.662523,   35.012162,       41.71,
 139.671532,   35.012162,       41.88,
 139.680541,   35.012162,       42.26,
 139.689550,   35.012162,       42.71,
 139.698559,   35.012162,       43.38,
 139.707568,   35.012162,       44.04,
 139.716577,   35.012162,       44.88,
 139.725586,   35.012162,       45.81,
 139.734595,   35.012162,       46.87,
 139.743604,   35.012162,       47.83,
 139.752613,   35.012162,       48.69,
 139.761622,   35.012162,       49.47,
 139.770631,   35.012162,       50.10,
 139.779640,   35.012162,       50.78,
 139.788649,   35.012162,       51.36,
 139.797658,   35.012162,       51.45,
 139.806667,   35.012162,       50.55,
 139.815676,   35.012162,       49.27,
 139.824685,   35.012162,       48.12,
 139.833694,   35.012162,       47.23,
 139.842703,   35.012162,       46.73,
 139.851712,   35.012162,       46.55,
 139.860721,   35.012162,       45.87,
 139.869730,   35.012162,       44.58,
 139.878739,   35.012162,       43.61,
 139.887748,   35.012162,       42.56,
 139.896757,   35.012162,       41.42,
 139.905766,   35.012162,       40.20,
 139.914775,   35.012162,       38.92,
 139.923784,   35.012162,       37.58,
 139.932793,   35.012162,       36.19,
 139.941802,   35.012162,       34.76,
 139.950811,   35.012162,       33.30,
 139.959820,   35.012162,       31.79,
 139.968829,   35.012162,       30.23,
 139.977838,   35.012162,       28.63,
 139.986847,   35.012162,       28.27,
 139.995856,   35.012162,       28.11,
 140.004865,   35.012162,       27.94,
 140.013874,   35.012162,       27.81,
 140.022883,   35.012162,       27.72,
 140.031892,   35.012162,       27.62,
 140.040901,   35.012162,       27.51,
 140.049910,   35.012162,       27.38,
 140.058919,   35.012162,       27.29,
 140.067928,   35.012162,       27.23,
 140.076937,   35.012162,       27.23,
 140.085946,   35.012162,       27.24,
 140.094955,   35.012162,       27.20,
 140.103964,   35.012162,       27.06,
 140.112973,   35.012162,       26.82,
 140.121982,   35.012162,       26.53,
 140.130991,   35.012162,       26.20,
 140.140000,   35.012162,       25.76,
 140.149009,   35.012162,       25.33,
 140.158018,   35.012162,       25.03,
 140.167027,   35.012162,       24.78,
 140.176036,   35.012162,       24.67,
 140.185045,   35.012162,       24.60,
 140.194054,   35.012162,       24.55,
 140.203063,   35.012162,       24.57,
 140.212072,   35.012162,       24.60,
 140.221081,   35.012162,       24.63,
 140.230090,   35.012162,       24.71,
 140.239099,   35.012162,       24.78,
 140.248108,   35.012162,       24.85,
 140.257117,   35.012162,       24.89,
 140.266126,   35.012162,       24.93,
 140.275135,   35.012162,       24.98,
 140.284144,   35.012162,       25.01,
 140.293153,   35.012162,       25.00,
 140.302162,   35.012162,       24.80,
 140.311171,   35.012162,       24.53,
 140.320180,   35.012162,       24.28,
 140.329189,   35.012162,       24.09,
 140.338198,   35.012162,       23.95,
 140.347207,   35.012162,       23.84,
 140.356216,   35.012162,       23.77,
 140.365225,   35.012162,       23.74,
 140.374234,   35.012162,       23.55,
 140.383243,   35.012162,       23.25,
 139.140000,   35.021171,       58.01,
 139.149009,   35.021171,       57.97,
 139.158018,   35.021171,       57.83,
 139.167027,   35.021171,       57.68,
 139.176036,   35.021171,       57.52,
 139.185045,   35.021171,       57.37,
 139.194054,   35.021171,       57.21,
 139.203063,   35.021171,       57.03,
 139.212072,   35.021171,       56.84,
 139.221081,   35.021171,       56.66,
 139.230090,   35.021171,       56.46,
 139.239099,   35.021171,       56.38,
 139.248108,   35.021171,       56.44,
 139.257117,   35.021171,       56.48,
 139.266126,   35.021171,       56.39,
 139.275135,   35.021171,       56.26,
 139.284144,   35.021171,       56.11,
 139.293153,   35.021171,       55.94,
 139.302162,   35.021171,       55.74,
 139.311171,   35.021171,       55.45,
 139.320180,   35.021171,       55.15,
 139.329189,   35.021171,       54.86,
 139.338198,   35.021171,       54.56,
 139.347207,   35.021171,       54.23,
 139.356216,   35.021171,       53.86,
 139.365225,   35.021171,       53.36,
 139.374234,   35.021171,       52.76,
 139.383243,   35.021171,       52.13,
 139.392252,   35.021171,       51.49,
 139.401261,   35.021171,       50.89,
 139.410270,   35.021171,       50.32,
 139.419279,   35.021171,       49.89,
 139.428288,   35.021171,       49.47,
 139.437297,   35.021171,       49.03,
 139.446306,   35.021171,       48.68,
 139.455315,   35.021171,       48.25,
 139.464324,   35.021171,       47.77,
 139.473333,   35.021171,       47.24,
 139.482342,   35.021171,       46.77,
 139.491351,   35.021171,       46.62,
 139.500360,   35.021171,       46.39,
 139.509369,   35.021171,       46.20,
 139.518378,   35.021171,       45.90,
 139.527387,   35.021171,       45.57,
 139.536396,   35.021171,       45.23,
 139.545405,   35.021171,       44.97,
 139.554414,   35.021171,       44.73,
 139.563423,   35.021171,       44.49,
 139.572432,   35.021171,       44.18,
 139.581441,   35.021171,       43.90,
 139.590450,   35.021171,       43.66,
 139.599459,   35.021171,       43.39,
 139.608468,   35.021171,       43.17,
 139.617477,   35.021171,       42.95,
 139.626486,   35.021171,       42.74,
 139.635495,   35.021171,       42.63,
 139.644505,   35.021171,       42.55,
 139.653514,   35.021171,       42.52,
 139.662523,   35.021171,       42.73,
 139.671532,   35.021171,       43.03,
 139.680541,   35.021171,       43.48,
 139.689550,   35.021171,       44.11,
 139.698559,   35.021171,       44.84,
 139.707568,   35.021171,       45.65,
 139.716577,   35.021171,       46.55,
 139.725586,   35.021171,       47.47,
 139.734595,   35.021171,       48.41,
 139.743604,   35.021171,       49.37,
 139.752613,   35.021171,       50.35,
 139.761622,   35.021171,       51.32,
 139.770631,   35.021171,       52.21,
 139.779640,   35.021171,       53.15,
 139.788649,   35.021171,       53.88,
 139.797658,   35.021171,       53.38,
 139.806667,   35.021171,       51.97,
 139.815676,   35.021171,       49.83,
 139.824685,   35.021171,       48.30,
 139.833694,   35.021171,       47.17,
 139.842703,   35.021171,       46.65,
 139.851712,   35.021171,       46.48,
 139.860721,   35.021171,       46.17,
 139.869730,   35.021171,       45.82,
 139.878739,   35.021171,       45.03,
 139.887748,   35.021171,       44.03,
 139.896757,   35.021171,       42.90,
 139.905766,   35.021171,       41.69,
 139.914775,   35.021171,       40.40,
 139.923784,   35.021171,       39.06,
 139.932793,   35.021171,       37.66,
 139.941802,   35.021171,       36.22,
 139.950811,   35.021171,       34.75,
 139.959820,   35.021171,       33.24,
 139.968829,   35.021171,       31.68,
 139.977838,   35.021171,       30.10,
 139.986847,   35.021171,       28.53,
 139.995856,   35.021171,       28.24,
 140.004865,   35.021171,       28.07,
 140.013874,   35.021171,       27.91,
 140.022883,   35.021171,       27.77,
 140.031892,   35.021171,       27.69,
 140.040901,   35.021171,       27.56,
 140.049910,   35.021171,       27.41,
 140.058919,   35.021171,       27.25,
 140.067928,   35.021171,       27.14,
 140.076937,   35.021171,       27.09,
 140.085946,   35.021171,       27.06,
 140.094955,   35.021171,       27.04,
 140.103964,   35.021171,       26.92,
 140.112973,   35.021171,       26.75,
 140.121982,   35.021171,       26.52,
 140.130991,   35.021171,       26.25,
 140.140000,   35.021171,       25.84,
 140.149009,   35.021171,       25.41,
 140.158018,   35.021171,       25.09,
 140.167027,   35.021171,       24.83,
 140.176036,   35.021171,       24.71,
 140.185045,   35.021171,       24.63,
 140.194054,   35.021171,       24.57,
 140.203063,   35.021171,       24.55,
 140.212072,   35.021171,       24.55,
 140.221081,   35.021171,       24.54,
 140.230090,   35.021171,       24.58,
 140.239099,   35.021171,       24.63,
 140.248108,   35.021171,       24.66,
 140.257117,   35.021171,       24.68,
 140.266126,   35.021171,       24.70,
 140.275135,   35.021171,       24.72,
 140.284144,   35.021171,       24.69,
 140.293153,   35.021171,       24.62,
 140.302162,   35.021171,       24.49,
 140.311171,   35.021171,       24.27,
 140.320180,   35.021171,       24.09,
 140.329189,   35.021171,       23.96,
 140.338198,   35.021171,       23.84,
 140.347207,   35.021171,       23.75,
 140.356216,   35.021171,       23.62,
 140.365225,   35.021171,       23.38,
 140.374234,   35.021171,       23.10,
 140.383243,   35.021171,       22.77,
 139.140000,   35.030180,       57.63,
 139.149009,   35.030180,       57.77,
 139.158018,   35.030180,       57.86,
 139.167027,   35.030180,       57.77,
 139.176036,   35.030180,       57.61,
 139.185045,   35.030180,       57.46,
 139.194054,   35.030180,       57.31,
 139.203063,   35.030180,       57.15,
 139.212072,   35.030180,       57.03,
 139.221081,   35.030180,       56.90,
 139.230090,   35.030180,       56.79,
 139.239099,   35.030180,       56.84,
 139.248108,   35.030180,       57.02,
 139.257117,   35.030180,       57.15,
 139.266126,   35.030180,       57.27,
 139.275135,   35.030180,       57.27,
 139.284144,   35.030180,       57.23,
 139.293153,   35.030180,       57.14,
 139.302162,   35.030180,       56.95,
 139.311171,   35.030180,       56.67,
 139.320180,   35.030180,       56.37,
 139.329189,   35.030180,       56.04,
 139.338198,   35.030180,       55.74,
 139.347207,   35.030180,       55.40,
 139.356216,   35.030180,       55.01,
 139.365225,   35.030180,       54.55,
 139.374234,   35.030180,       54.00,
 139.383243,   35.030180,       53.46,
 139.392252,   35.030180,       52.94,
 139.401261,   35.030180,       52.46,
 139.410270,   35.030180,       51.88,
 139.419279,   35.030180,       51.18,
 139.428288,   35.030180,       50.53,
 139.437297,   35.030180,       49.82,
 139.446306,   35.030180,       49.17,
 139.455315,   35.030180,       48.89,
 139.464324,   35.030180,       48.52,
 139.473333,   35.030180,       48.14,
 139.482342,   35.030180,       47.72,
 139.491351,   35.030180,       47.27,
 139.500360,   35.030180,       46.85,
 139.509369,   35.030180,       46.51,
 139.518378,   35.030180,       46.22,
 139.527387,   35.030180,       45.95,
 139.536396,   35.030180,       45.68,
 139.545405,   35.030180,       45.43,
 139.554414,   35.030180,       45.15,
 139.563423,   35.030180,       44.84,
 139.572432,   35.030180,       44.57,
 139.581441,   35.030180,       44.34,
 139.590450,   35.030180,       44.10,
 139.599459,   35.030180,       43.86,
 139.608468,   35.030180,       43.68,
 139.617477,   35.030180,       43.51,
 139.626486,   35.030180,       43.33,
 139.635495,   35.030180,       43.29,
 139.644505,   35.030180,       43.29,
 139.653514,   35.030180,       43.39,
 139.662523,   35.030180,       43.70,
 139.671532,   35.030180,       44.07,
 139.680541,   35.030180,       44.57,
 139.689550,   35.030180,       45.35,
 139.698559,   35.030180,       46.19,
 139.707568,   35.030180,       47.02,
 139.716577,   35.030180,       47.91,
 139.725586,   35.030180,       48.78,
 139.734595,   35.030180,       49.67,
 139.743604,   35.030180,       50.52,
 139.752613,   35.030180,       51.38,
 139.761622,   35.030180,       52.40,
 139.770631,   35.030180,       53.70,
 139.779640,   35.030180,       55.03,
 139.788649,   35.030180,       55.88,
 139.797658,   35.030180,       55.54,
 139.806667,   35.030180,       53.19,
 139.815676,   35.030180,       50.83,
 139.824685,   35.030180,       48.71,
 139.833694,   35.030180,       47.05,
 139.842703,   35.030180,       46.92,
 139.851712,   35.030180,       48.15,
 139.860721,   35.030180,       48.12,
 139.869730,   35.030180,       47.65,
 139.878739,   35.030180,       46.82,
 139.887748,   35.030180,       45.80,
 139.896757,   35.030180,       44.64,
 139.905766,   35.030180,       43.38,
 139.914775,   35.030180,       42.04,
 139.923784,   35.030180,       40.64,
 139.932793,   35.030180,       39.21,
 139.941802,   35.030180,       37.76,
 139.950811,   35.030180,       36.29,
 139.959820,   35.030180,       34.80,
 139.968829,   35.030180,       33.30,
 139.977838,   35.030180,       31.80,
 139.986847,   35.030180,       30.30,
 139.995856,   35.030180,       28.67,
 140.004865,   35.030180,       28.22,
 140.013874,   35.030180,       28.07,
 140.022883,   35.030180,       27.88,
 140.031892,   35.030180,       27.76,
 140.040901,   35.030180,       27.63,
 140.049910,   35.030180,       27.46,
 140.058919,   35.030180,       27.28,
 140.067928,   35.030180,       27.10,
 140.076937,   35.030180,       26.95,
 140.085946,   35.030180,       26.86,
 140.094955,   35.030180,       26.81,
 140.103964,   35.030180,       26.75,
 140.112973,   35.030180,       26.64,
 140.121982,   35.030180,       26.46,
 140.130991,   35.030180,       26.22,
 140.140000,   35.030180,       25.85,
 140.149009,   35.030180,       25.48,
 140.158018,   35.030180,       25.16,
 140.167027,   35.030180,       24.88,
 140.176036,   35.030180,       24.76,
 140.185045,   35.030180,       24.66,
 140.194054,   35.030180,       24.59,
 140.203063,   35.030180,       24.55,
 140.212072,   35.030180,       24.52,
 140.221081,   35.030180,       24.48,
 140.230090,   35.030180,       24.47,
 140.239099,   35.030180,       24.47,
 140.248108,   35.030180,       24.47,
 140.257117,   35.030180,       24.48,
 140.266126,   35.030180,       24.49,
 140.275135,   35.030180,       24.44,
 140.284144,   35.030180,       24.38,
 140.293153,   35.030180,       24.29,
 140.302162,   35.030180,       24.18,
 140.311171,   35.030180,       24.05,
 140.320180,   35.030180,       23.91,
 140.329189,   35.030180,       23.79,
 140.338198,   35.030180,       23.68,
 140.347207,   35.030180,       23.49,
 140.356216,   35.030180,       23.26,
 140.365225,   35.030180,       22.99,
 140.374234,   35.030180,       22.68,
 140.383243,   35.030180,       22.33,
 139.140000,   35.039189,       57.31,
 139.149009,   35.039189,       57.49,
 139.158018,   35.039189,       57.61,
 139.167027,   35.039189,       57.68,
 139.176036,   35.039189,       57.69,
 139.185045,   35.039189,       57.56,
 139.194054,   35.039189,       57.40,
 139.203063,   35.039189,       57.26,
 139.212072,   35.039189,       57.15,
 139.221081,   35.039189,       57.14,
 139.230090,   35.039189,       57.13,
 139.239099,   35.039189,       57.46,
 139.248108,   35.039189,       57.73,
 139.257117,   35.039189,       57.95,
 139.266126,   35.039189,       58.14,
 139.275135,   35.039189,       58.28,
 139.284144,   35.039189,       58.37,
 139.293153,   35.039189,       58.40,
 139.302162,   35.039189,       58.22,
 139.311171,   35.039189,       58.02,
 139.320180,   35.039189,       57.82,
 139.329189,   35.039189,       57.62,
 139.338198,   35.039189,       57.27,
 139.347207,   35.039189,       56.83,
 139.356216,   35.039189,       56.39,
 139.365225,   35.039189,       55.94,
 139.374234,   35.039189,       55.51,
 139.383243,   35.039189,       55.05,
 139.392252,   35.039189,       54.56,
 139.401261,   35.039189,       54.06,
 139.410270,   35.039189,       53.49,
 139.419279,   35.039189,       52.80,
 139.428288,   35.039189,       52.09,
 139.437297,   35.039189,       51.39,
 139.446306,   35.039189,       50.71,
 139.455315,   35.039189,       50.17,
 139.464324,   35.039189,       49.68,
 139.473333,   35.039189,       49.21,
 139.482342,   35.039189,       48.75,
 139.491351,   35.039189,       48.19,
 139.500360,   35.039189,       47.64,
 139.509369,   35.039189,       47.03,
 139.518378,   35.039189,       46.82,
 139.527387,   35.039189,       46.54,
 139.536396,   35.039189,       46.26,
 139.545405,   35.039189,       46.00,
 139.554414,   35.039189,       45.70,
 139.563423,   35.039189,       45.38,
 139.572432,   35.039189,       45.07,
 139.581441,   35.039189,       44.82,
 139.590450,   35.039189,       44.58,
 139.599459,   35.039189,       44.35,
 139.608468,   35.039189,       44.18,
 139.617477,   35.039189,       44.02,
 139.626486,   35.039189,       43.90,
 139.635495,   35.039189,       43.93,
 139.644505,   35.039189,       43.97,
 139.653514,   35.039189,       44.12,
 139.662523,   35.039189,       44.56,
 139.671532,   35.039189,       45.01,
 139.680541,   35.039189,       45.68,
 139.689550,   35.039189,       46.49,
 139.698559,   35.039189,       47.32,
 139.707568,   35.039189,       48.18,
 139.716577,   35.039189,       49.05,
 139.725586,   35.039189,       49.85,
 139.734595,   35.039189,       50.59,
 139.743604,   35.039189,       51.21,
 139.752613,   35.039189,       51.91,
 139.761622,   35.039189,       52.78,
 139.770631,   35.039189,       54.22,
 139.779640,   35.039189,       55.95,
 139.788649,   35.039189,       57.65,
 139.797658,   35.039189,       57.27,
 139.806667,   35.039189,       55.61,
 139.815676,   35.039189,       53.06,
 139.824685,   35.039189,       50.64,
 139.833694,   35.039189,       49.10,
 139.842703,   35.039189,       50.64,
 139.851712,   35.039189,       50.95,
 139.860721,   35.039189,       50.42,
 139.869730,   35.039189,       49.76,
 139.878739,   35.039189,       48.85,
 139.887748,   35.039189,       47.74,
 139.896757,   35.039189,       46.45,
 139.905766,   35.039189,       45.07,
 139.914775,   35.039189,       43.66,
 139.923784,   35.039189,       42.25,
 139.932793,   35.039189,       40.83,
 139.941802,   35.039189,       39.40,
 139.950811,   35.039189,       37.96,
 139.959820,   35.039189,       36.51,
 139.968829,   35.039189,       35.07,
 139.977838,   35.039189,       33.62,
 139.986847,   35.039189,       32.18,
 139.995856,   35.039189,       30.68,
 140.004865,   35.039189,       29.17,
 140.013874,   35.039189,       28.24,
 140.022883,   35.039189,       28.10,
 140.031892,   35.039189,       27.94,
 140.040901,   35.039189,       27.82,
 140.049910,   35.039189,       27.62,
 140.058919,   35.039189,       27.35,
 140.067928,   35.039189,       27.10,
 140.076937,   35.039189,       26.90,
 140.085946,   35.039189,       26.71,
 140.094955,   35.039189,       26.55,
 140.103964,   35.039189,       26.50,
 140.112973,   35.039189,       26.41,
 140.121982,   35.039189,       26.31,
 140.130991,   35.039189,       26.13,
 140.140000,   35.039189,       25.91,
 140.149009,   35.039189,       25.63,
 140.158018,   35.039189,       25.34,
 140.167027,   35.039189,       25.05,
 140.176036,   35.039189,       24.86,
 140.185045,   35.039189,       24.73,
 140.194054,   35.039189,       24.65,
 140.203063,   35.039189,       24.57,
 140.212072,   35.039189,       24.49,
 140.221081,   35.039189,       24.43,
 140.230090,   35.039189,       24.39,
 140.239099,   35.039189,       24.35,
 140.248108,   35.039189,       24.30,
 140.257117,   35.039189,       24.28,
 140.266126,   35.039189,       24.26,
 140.275135,   35.039189,       24.20,
 140.284144,   35.039189,       24.12,
 140.293153,   35.039189,       24.03,
 140.302162,   35.039189,       23.94,
 140.311171,   35.039189,       23.84,
 140.320180,   35.039189,       23.72,
 140.329189,   35.039189,       23.60,
 140.338198,   35.039189,       23.42,
 140.347207,   35.039189,       23.19,
 140.356216,   35.039189,       22.94,
 140.365225,   35.039189,       22.65,
 140.374234,   35.039189,       22.31,
 140.383243,   35.039189,       22.23,
 139.140000,   35.048198,       56.85,
 139.149009,   35.048198,       57.29,
 139.158018,   35.048198,       57.43,
 139.167027,   35.048198,       57.53,
 139.176036,   35.048198,       57.58,
 139.185045,   35.048198,       57.57,
 139.194054,   35.048198,       57.51,
 139.203063,   35.048198,       57.37,
 139.212072,   35.048198,       57.35,
 139.221081,   35.048198,       57.44,
 139.230090,   35.048198,       57.71,
 139.239099,   35.048198,       58.18,
 139.248108,   35.048198,       58.55,
 139.257117,   35.048198,       58.81,
 139.266126,   35.048198,       59.02,
 139.275135,   35.048198,       59.23,
 139.284144,   35.048198,       59.41,
 139.293153,   35.048198,       59.57,
 139.302162,   35.048198,       59.56,
 139.311171,   35.048198,       59.46,
 139.320180,   35.048198,       59.37,
 139.329189,   35.048198,       59.23,
 139.338198,   35.048198,       58.92,
 139.347207,   35.048198,       58.52,
 139.356216,   35.048198,       58.13,
 139.365225,   35.048198,       57.77,
 139.374234,   35.048198,       57.34,
 139.383243,   35.048198,       56.83,
 139.392252,   35.048198,       56.29,
 139.401261,   35.048198,       55.73,
 139.410270,   35.048198,       55.13,
 139.419279,   35.048198,       54.49,
 139.428288,   35.048198,       53.84,
 139.437297,   35.048198,       53.19,
 139.446306,   35.048198,       52.52,
 139.455315,   35.048198,       51.81,
 139.464324,   35.048198,       51.13,
 139.473333,   35.048198,       50.40,
 139.482342,   35.048198,       49.88,
 139.491351,   35.048198,       49.45,
 139.500360,   35.048198,       48.97,
 139.509369,   35.048198,       48.49,
 139.518378,   35.048198,       47.99,
 139.527387,   35.048198,       47.52,
 139.536396,   35.048198,       47.00,
 139.545405,   35.048198,       46.61,
 139.554414,   35.048198,       46.32,
 139.563423,   35.048198,       45.99,
 139.572432,   35.048198,       45.63,
 139.581441,   35.048198,       45.33,
 139.590450,   35.048198,       45.10,
 139.599459,   35.048198,       44.86,
 139.608468,   35.048198,       44.65,
 139.617477,   35.048198,       44.53,
 139.626486,   35.048198,       44.46,
 139.635495,   35.048198,       44.50,
 139.644505,   35.048198,       44.62,
 139.653514,   35.048198,       44.85,
 139.662523,   35.048198,       45.42,
 139.671532,   35.048198,       45.98,
 139.680541,   35.048198,       46.72,
 139.689550,   35.048198,       47.56,
 139.698559,   35.048198,       48.39,
 139.707568,   35.048198,       49.19,
 139.716577,   35.048198,       49.98,
 139.725586,   35.048198,       50.62,
 139.734595,   35.048198,       51.22,
 139.743604,   35.048198,       51.78,
 139.752613,   35.048198,       52.26,
 139.761622,   35.048198,       52.98,
 139.770631,   35.048198,       54.31,
 139.779640,   35.048198,       56.21,
 139.788649,   35.048198,       58.16,
 139.797658,   35.048198,       58.79,
 139.806667,   35.048198,       57.85,
 139.815676,   35.048198,       56.23,
 139.824685,   35.048198,       54.13,
 139.833694,   35.048198,       53.10,
 139.842703,   35.048198,       54.35,
 139.851712,   35.048198,       53.81,
 139.860721,   35.048198,       52.95,
 139.869730,   35.048198,       52.06,
 139.878739,   35.048198,       50.93,
 139.887748,   35.048198,       49.58,
 139.896757,   35.048198,       48.17,
 139.905766,   35.048198,       46.76,
 139.914775,   35.048198,       45.36,
 139.923784,   35.048198,       43.95,
 139.932793,   35.048198,       42.55,
 139.941802,   35.048198,       41.15,
 139.950811,   35.048198,       39.74,
 139.959820,   35.048198,       38.34,
 139.968829,   35.048198,       36.94,
 139.977838,   35.048198,       35.55,
 139.986847,   35.048198,       34.16,
 139.995856,   35.048198,       32.75,
 140.004865,   35.048198,       31.34,
 140.013874,   35.048198,       29.98,
 140.022883,   35.048198,       28.71,
 140.031892,   35.048198,       28.19,
 140.040901,   35.048198,       28.15,
 140.049910,   35.048198,       27.96,
 140.058919,   35.048198,       27.66,
 140.067928,   35.048198,       27.30,
 140.076937,   35.048198,       26.98,
 140.085946,   35.048198,       26.71,
 140.094955,   35.048198,       26.45,
 140.103964,   35.048198,       26.24,
 140.112973,   35.048198,       26.17,
 140.121982,   35.048198,       26.14,
 140.130991,   35.048198,       26.08,
 140.140000,   35.048198,       25.99,
 140.149009,   35.048198,       25.78,
 140.158018,   35.048198,       25.53,
 140.167027,   35.048198,       25.28,
 140.176036,   35.048198,       25.09,
 140.185045,   35.048198,       24.90,
 140.194054,   35.048198,       24.74,
 140.203063,   35.048198,       24.63,
 140.212072,   35.048198,       24.52,
 140.221081,   35.048198,       24.40,
 140.230090,   35.048198,       24.31,
 140.239099,   35.048198,       24.23,
 140.248108,   35.048198,       24.16,
 140.257117,   35.048198,       24.11,
 140.266126,   35.048198,       24.04,
 140.275135,   35.048198,       23.97,
 140.284144,   35.048198,       23.89,
 140.293153,   35.048198,       23.82,
 140.302162,   35.048198,       23.74,
 140.311171,   35.048198,       23.63,
 140.320180,   35.048198,       23.53,
 140.329189,   35.048198,       23.41,
 140.338198,   35.048198,       23.20,
 140.347207,   35.048198,       22.94,
 140.356216,   35.048198,       22.66,
 140.365225,   35.048198,       22.52,
 140.374234,   35.048198,       22.53,
 140.383243,   35.048198,       22.60,
 139.140000,   35.057207,       56.16,
 139.149009,   35.057207,       56.73,
 139.158018,   35.057207,       57.15,
 139.167027,   35.057207,       57.41,
 139.176036,   35.057207,       57.52,
 139.185045,   35.057207,       57.55,
 139.194054,   35.057207,       57.55,
 139.203063,   35.057207,       57.51,
 139.212072,   35.057207,       57.68,
 139.221081,   35.057207,       57.84,
 139.230090,   35.057207,       58.31,
 139.239099,   35.057207,       58.87,
 139.248108,   35.057207,       59.38,
 139.257117,   35.057207,       59.71,
 139.266126,   35.057207,       59.99,
 139.275135,   35.057207,       60.24,
 139.284144,   35.057207,       60.47,
 139.293153,   35.057207,       60.68,
 139.302162,   35.057207,       60.80,
 139.311171,   35.057207,       60.80,
 139.320180,   35.057207,       60.82,
 139.329189,   35.057207,       60.84,
 139.338198,   35.057207,       60.59,
 139.347207,   35.057207,       60.25,
 139.356216,   35.057207,       59.92,
 139.365225,   35.057207,       59.61,
 139.374234,   35.057207,       59.22,
 139.383243,   35.057207,       58.70,
 139.392252,   35.057207,       58.14,
 139.401261,   35.057207,       57.57,
 139.410270,   35.057207,       56.99,
 139.419279,   35.057207,       56.35,
 139.428288,   35.057207,       55.69,
 139.437297,   35.057207,       55.03,
 139.446306,   35.057207,       54.35,
 139.455315,   35.057207,       53.62,
 139.464324,   35.057207,       52.87,
 139.473333,   35.057207,       52.13,
 139.482342,   35.057207,       51.50,
 139.491351,   35.057207,       50.99,
 139.500360,   35.057207,       50.48,
 139.509369,   35.057207,       49.97,
 139.518378,   35.057207,       49.39,
 139.527387,   35.057207,       48.78,
 139.536396,   35.057207,       48.15,
 139.545405,   35.057207,       47.46,
 139.554414,   35.057207,       47.03,
 139.563423,   35.057207,       46.68,
 139.572432,   35.057207,       46.27,
 139.581441,   35.057207,       45.89,
 139.590450,   35.057207,       45.69,
 139.599459,   35.057207,       45.45,
 139.608468,   35.057207,       45.19,
 139.617477,   35.057207,       45.11,
 139.626486,   35.057207,       45.03,
 139.635495,   35.057207,       45.06,
 139.644505,   35.057207,       45.35,
 139.653514,   35.057207,       45.73,
 139.662523,   35.057207,       46.34,
 139.671532,   35.057207,       46.95,
 139.680541,   35.057207,       47.78,
 139.689550,   35.057207,       48.65,
 139.698559,   35.057207,       49.43,
 139.707568,   35.057207,       50.09,
 139.716577,   35.057207,       50.76,
 139.725586,   35.057207,       51.34,
 139.734595,   35.057207,       51.89,
 139.743604,   35.057207,       52.29,
 139.752613,   35.057207,       52.69,
 139.761622,   35.057207,       53.27,
 139.770631,   35.057207,       54.44,
 139.779640,   35.057207,       56.59,
 139.788649,   35.057207,       58.69,
 139.797658,   35.057207,       59.98,
 139.806667,   35.057207,       60.06,
 139.815676,   35.057207,       58.75,
 139.824685,   35.057207,       56.50,
 139.833694,   35.057207,       56.78,
 139.842703,   35.057207,       57.60,
 139.851712,   35.057207,       56.67,
 139.860721,   35.057207,       55.58,
 139.869730,   35.057207,       54.32,
 139.878739,   35.057207,       52.83,
 139.887748,   35.057207,       51.36,
 139.896757,   35.057207,       49.93,
 139.905766,   35.057207,       48.51,
 139.914775,   35.057207,       47.11,
 139.923784,   35.057207,       45.72,
 139.932793,   35.057207,       44.34,
 139.941802,   35.057207,       42.96,
 139.950811,   35.057207,       41.59,
 139.959820,   35.057207,       40.22,
 139.968829,   35.057207,       38.85,
 139.977838,   35.057207,       37.48,
 139.986847,   35.057207,       36.11,
 139.995856,   35.057207,       34.74,
 140.004865,   35.057207,       33.37,
 140.013874,   35.057207,       32.04,
 140.022883,   35.057207,       30.79,
 140.031892,   35.057207,       29.65,
 140.040901,   35.057207,       28.64,
 140.049910,   35.057207,       28.24,
 140.058919,   35.057207,       27.96,
 140.067928,   35.057207,       27.58,
 140.076937,   35.057207,       27.23,
 140.085946,   35.057207,       26.91,
 140.094955,   35.057207,       26.54,
 140.103964,   35.057207,       26.25,
 140.112973,   35.057207,       26.03,
 140.121982,   35.057207,       26.01,
 140.130991,   35.057207,       26.00,
 140.140000,   35.057207,       25.97,
 140.149009,   35.057207,       25.91,
 140.158018,   35.057207,       25.78,
 140.167027,   35.057207,       25.57,
 140.176036,   35.057207,       25.35,
 140.185045,   35.057207,       25.12,
 140.194054,   35.057207,       24.90,
 140.203063,   35.057207,       24.71,
 140.212072,   35.057207,       24.57,
 140.221081,   35.057207,       24.41,
 140.230090,   35.057207,       24.26,
 140.239099,   35.057207,       24.15,
 140.248108,   35.057207,       24.04,
 140.257117,   35.057207,       23.95,
 140.266126,   35.057207,       23.86,
 140.275135,   35.057207,       23.80,
 140.284144,   35.057207,       23.73,
 140.293153,   35.057207,       23.65,
 140.302162,   35.057207,       23.57,
 140.311171,   35.057207,       23.53,
 140.320180,   35.057207,       23.51,
 140.329189,   35.057207,       23.28,
 140.338198,   35.057207,       22.96,
 140.347207,   35.057207,       22.77,
 140.356216,   35.057207,       22.74,
 140.365225,   35.057207,       22.73,
 140.374234,   35.057207,       22.79,
 140.383243,   35.057207,       22.92,
 139.140000,   35.066216,       56.92,
 139.149009,   35.066216,       56.33,
 139.158018,   35.066216,       56.87,
 139.167027,   35.066216,       57.28,
 139.176036,   35.066216,       57.53,
 139.185045,   35.066216,       57.59,
 139.194054,   35.066216,       57.59,
 139.203063,   35.066216,       57.80,
 139.212072,   35.066216,       58.15,
 139.221081,   35.066216,       58.43,
 139.230090,   35.066216,       58.99,
 139.239099,   35.066216,       59.58,
 139.248108,   35.066216,       60.16,
 139.257117,   35.066216,       60.63,
 139.266126,   35.066216,       60.97,
 139.275135,   35.066216,       61.30,
 139.284144,   35.066216,       61.59,
 139.293153,   35.066216,       61.81,
 139.302162,   35.066216,       61.95,
 139.311171,   35.066216,       62.03,
 139.320180,   35.066216,       62.11,
 139.329189,   35.066216,       62.20,
 139.338198,   35.066216,       62.18,
 139.347207,   35.066216,       61.87,
 139.356216,   35.066216,       61.61,
 139.365225,   35.066216,       61.39,
 139.374234,   35.066216,       61.12,
 139.383243,   35.066216,       60.62,
 139.392252,   35.066216,       60.05,
 139.401261,   35.066216,       59.49,
 139.410270,   35.066216,       58.91,
 139.419279,   35.066216,       58.28,
 139.428288,   35.066216,       57.59,
 139.437297,   35.066216,       56.90,
 139.446306,   35.066216,       56.19,
 139.455315,   35.066216,       55.45,
 139.464324,   35.066216,       54.70,
 139.473333,   35.066216,       53.97,
 139.482342,   35.066216,       53.29,
 139.491351,   35.066216,       52.66,
 139.500360,   35.066216,       52.06,
 139.509369,   35.066216,       51.48,
 139.518378,   35.066216,       50.86,
 139.527387,   35.066216,       50.23,
 139.536396,   35.066216,       49.58,
 139.545405,   35.066216,       48.84,
 139.554414,   35.066216,       48.00,
 139.563423,   35.066216,       47.46,
 139.572432,   35.066216,       47.10,
 139.581441,   35.066216,       46.75,
 139.590450,   35.066216,       46.43,
 139.599459,   35.066216,       46.16,
 139.608468,   35.066216,       45.96,
 139.617477,   35.066216,       45.79,
 139.626486,   35.066216,       45.78,
 139.635495,   35.066216,       45.92,
 139.644505,   35.066216,       46.22,
 139.653514,   35.066216,       46.57,
 139.662523,   35.066216,       47.37,
 139.671532,   35.066216,       48.14,
 139.680541,   35.066216,       48.96,
 139.689550,   35.066216,       49.80,
 139.698559,   35.066216,       50.49,
 139.707568,   35.066216,       51.02,
 139.716577,   35.066216,       51.61,
 139.725586,   35.066216,       52.14,
 139.734595,   35.066216,       52.61,
 139.743604,   35.066216,       52.91,
 139.752613,   35.066216,       53.12,
 139.761622,   35.066216,       53.51,
 139.770631,   35.066216,       54.86,
 139.779640,   35.066216,       57.12,
 139.788649,   35.066216,       59.34,
 139.797658,   35.066216,       61.29,
 139.806667,   35.066216,       61.66,
 139.815676,   35.066216,       60.82,
 139.824685,   35.066216,       58.95,
 139.833694,   35.066216,       60.50,
 139.842703,   35.066216,       60.73,
 139.851712,   35.066216,       59.50,
 139.860721,   35.066216,       58.05,
 139.869730,   35.066216,       56.29,
 139.878739,   35.066216,       54.67,
 139.887748,   35.066216,       53.16,
 139.896757,   35.066216,       51.72,
 139.905766,   35.066216,       50.31,
 139.914775,   35.066216,       48.92,
 139.923784,   35.066216,       47.55,
 139.932793,   35.066216,       46.18,
 139.941802,   35.066216,       44.82,
 139.950811,   35.066216,       43.46,
 139.959820,   35.066216,       42.09,
 139.968829,   35.066216,       40.73,
 139.977838,   35.066216,       39.38,
 139.986847,   35.066216,       38.02,
 139.995856,   35.066216,       36.65,
 140.004865,   35.066216,       35.30,
 140.013874,   35.066216,       33.96,
 140.022883,   35.066216,       32.68,
 140.031892,   35.066216,       31.45,
 140.040901,   35.066216,       30.31,
 140.049910,   35.066216,       29.24,
 140.058919,   35.066216,       28.26,
 140.067928,   35.066216,       27.83,
 140.076937,   35.066216,       27.44,
 140.085946,   35.066216,       27.17,
 140.094955,   35.066216,       26.82,
 140.103964,   35.066216,       26.41,
 140.112973,   35.066216,       26.12,
 140.121982,   35.066216,       25.94,
 140.130991,   35.066216,       25.96,
 140.140000,   35.066216,       26.01,
 140.149009,   35.066216,       26.05,
 140.158018,   35.066216,       26.01,
 140.167027,   35.066216,       25.82,
 140.176036,   35.066216,       25.59,
 140.185045,   35.066216,       25.31,
 140.194054,   35.066216,       25.06,
 140.203063,   35.066216,       24.82,
 140.212072,   35.066216,       24.61,
 140.221081,   35.066216,       24.43,
 140.230090,   35.066216,       24.24,
 140.239099,   35.066216,       24.11,
 140.248108,   35.066216,       23.98,
 140.257117,   35.066216,       23.88,
 140.266126,   35.066216,       23.78,
 140.275135,   35.066216,       23.69,
 140.284144,   35.066216,       23.58,
 140.293153,   35.066216,       23.56,
 140.302162,   35.066216,       23.53,
 140.311171,   35.066216,       23.53,
 140.320180,   35.066216,       23.48,
 140.329189,   35.066216,       23.10,
 140.338198,   35.066216,       22.74,
 140.347207,   35.066216,       22.76,
 140.356216,   35.066216,       22.84,
 140.365225,   35.066216,       22.88,
 140.374234,   35.066216,       22.60,
 140.383243,   35.066216,       21.88,
 139.140000,   35.075225,       59.28,
 139.149009,   35.075225,       58.34,
 139.158018,   35.075225,       57.73,
 139.167027,   35.075225,       57.43,
 139.176036,   35.075225,       57.66,
 139.185045,   35.075225,       57.66,
 139.194054,   35.075225,       57.72,
 139.203063,   35.075225,       58.14,
 139.212072,   35.075225,       58.57,
 139.221081,   35.075225,       59.06,
 139.230090,   35.075225,       59.76,
 139.239099,   35.075225,       60.40,
 139.248108,   35.075225,       60.99,
 139.257117,   35.075225,       61.52,
 139.266126,   35.075225,       61.94,
 139.275135,   35.075225,       62.34,
 139.284144,   35.075225,       62.72,
 139.293153,   35.075225,       62.96,
 139.302162,   35.075225,       63.09,
 139.311171,   35.075225,       63.20,
 139.320180,   35.075225,       63.30,
 139.329189,   35.075225,       63.41,
 139.338198,   35.075225,       63.44,
 139.347207,   35.075225,       63.32,
 139.356216,   35.075225,       63.13,
 139.365225,   35.075225,       62.97,
 139.374234,   35.075225,       62.86,
 139.383243,   35.075225,       62.41,
 139.392252,   35.075225,       61.82,
 139.401261,   35.075225,       61.30,
 139.410270,   35.075225,       60.83,
 139.419279,   35.075225,       60.22,
 139.428288,   35.075225,       59.50,
 139.437297,   35.075225,       58.77,
 139.446306,   35.075225,       58.02,
 139.455315,   35.075225,       57.27,
 139.464324,   35.075225,       56.53,
 139.473333,   35.075225,       55.79,
 139.482342,   35.075225,       55.04,
 139.491351,   35.075225,       54.33,
 139.500360,   35.075225,       53.68,
 139.509369,   35.075225,       53.06,
 139.518378,   35.075225,       52.42,
 139.527387,   35.075225,       51.75,
 139.536396,   35.075225,       51.04,
 139.545405,   35.075225,       50.25,
 139.554414,   35.075225,       49.34,
 139.563423,   35.075225,       48.53,
 139.572432,   35.075225,       48.08,
 139.581441,   35.075225,       47.67,
 139.590450,   35.075225,       47.36,
 139.599459,   35.075225,       47.07,
 139.608468,   35.075225,       46.89,
 139.617477,   35.075225,       46.71,
 139.626486,   35.075225,       46.78,
 139.635495,   35.075225,       46.84,
 139.644505,   35.075225,       47.34,
 139.653514,   35.075225,       47.93,
 139.662523,   35.075225,       48.67,
 139.671532,   35.075225,       49.43,
 139.680541,   35.075225,       50.32,
 139.689550,   35.075225,       51.09,
 139.698559,   35.075225,       51.66,
 139.707568,   35.075225,       52.13,
 139.716577,   35.075225,       52.61,
 139.725586,   35.075225,       53.08,
 139.734595,   35.075225,       53.55,
 139.743604,   35.075225,       53.62,
 139.752613,   35.075225,       53.75,
 139.761622,   35.075225,       54.16,
 139.770631,   35.075225,       55.64,
 139.779640,   35.075225,       57.60,
 139.788649,   35.075225,       59.91,
 139.797658,   35.075225,       61.91,
 139.806667,   35.075225,       63.54,
 139.815676,   35.075225,       62.92,
 139.824685,   35.075225,       62.50,
 139.833694,   35.075225,       64.22,
 139.842703,   35.075225,       63.81,
 139.851712,   35.075225,       62.16,
 139.860721,   35.075225,       60.03,
 139.869730,   35.075225,       58.13,
 139.878739,   35.075225,       56.49,
 139.887748,   35.075225,       54.98,
 139.896757,   35.075225,       53.54,
 139.905766,   35.075225,       52.14,
 139.914775,   35.075225,       50.77,
 139.923784,   35.075225,       49.41,
 139.932793,   35.075225,       48.05,
 139.941802,   35.075225,       46.69,
 139.950811,   35.075225,       45.33,
 139.959820,   35.075225,       43.97,
 139.968829,   35.075225,       42.62,
 139.977838,   35.075225,       41.26,
 139.986847,   35.075225,       39.90,
 139.995856,   35.075225,       38.54,
 140.004865,   35.075225,       37.18,
 140.013874,   35.075225,       35.83,
 140.022883,   35.075225,       34.52,
 140.031892,   35.075225,       33.24,
 140.040901,   35.075225,       32.01,
 140.049910,   35.075225,       30.83,
 140.058919,   35.075225,       29.66,
 140.067928,   35.075225,       28.53,
 140.076937,   35.075225,       27.74,
 140.085946,   35.075225,       27.32,
 140.094955,   35.075225,       27.01,
 140.103964,   35.075225,       26.78,
 140.112973,   35.075225,       26.29,
 140.121982,   35.075225,       26.07,
 140.130991,   35.075225,       26.03,
 140.140000,   35.075225,       26.10,
 140.149009,   35.075225,       26.20,
 140.158018,   35.075225,       26.14,
 140.167027,   35.075225,       25.97,
 140.176036,   35.075225,       25.75,
 140.185045,   35.075225,       25.47,
 140.194054,   35.075225,       25.17,
 140.203063,   35.075225,       24.86,
 140.212072,   35.075225,       24.63,
 140.221081,   35.075225,       24.44,
 140.230090,   35.075225,       24.24,
 140.239099,   35.075225,       24.10,
 140.248108,   35.075225,       23.99,
 140.257117,   35.075225,       23.90,
 140.266126,   35.075225,       23.82,
 140.275135,   35.075225,       23.74,
 140.284144,   35.075225,       23.70,
 140.293153,   35.075225,       23.66,
 140.302162,   35.075225,       23.65,
 140.311171,   35.075225,       23.64,
 140.320180,   35.075225,       23.38,
 140.329189,   35.075225,       23.00,
 140.338198,   35.075225,       22.67,
 140.347207,   35.075225,       22.76,
 140.356216,   35.075225,       23.14,
 140.365225,   35.075225,       23.15,
 140.374234,   35.075225,       24.66,
 140.383243,   35.075225,       27.31,
 139.140000,   35.084234,       60.73,
 139.149009,   35.084234,       60.07,
 139.158018,   35.084234,       59.15,
 139.167027,   35.084234,       58.55,
 139.176036,   35.084234,       58.33,
 139.185045,   35.084234,       58.21,
 139.194054,   35.084234,       58.21,
 139.203063,   35.084234,       58.52,
 139.212072,   35.084234,       59.01,
 139.221081,   35.084234,       59.72,
 139.230090,   35.084234,       60.52,
 139.239099,   35.084234,       61.25,
 139.248108,   35.084234,       61.84,
 139.257117,   35.084234,       62.37,
 139.266126,   35.084234,       62.86,
 139.275135,   35.084234,       63.33,
 139.284144,   35.084234,       63.80,
 139.293153,   35.084234,       64.14,
 139.302162,   35.084234,       64.23,
 139.311171,   35.084234,       64.34,
 139.320180,   35.084234,       64.46,
 139.329189,   35.084234,       64.60,
 139.338198,   35.084234,       64.68,
 139.347207,   35.084234,       64.62,
 139.356216,   35.084234,       64.46,
 139.365225,   35.084234,       64.29,
 139.374234,   35.084234,       64.11,
 139.383243,   35.084234,       63.83,
 139.392252,   35.084234,       63.38,
 139.401261,   35.084234,       62.94,
 139.410270,   35.084234,       62.56,
 139.419279,   35.084234,       62.05,
 139.428288,   35.084234,       61.25,
 139.437297,   35.084234,       60.52,
 139.446306,   35.084234,       59.83,
 139.455315,   35.084234,       59.09,
 139.464324,   35.084234,       58.29,
 139.473333,   35.084234,       57.43,
 139.482342,   35.084234,       56.62,
 139.491351,   35.084234,       55.92,
 139.500360,   35.084234,       55.28,
 139.509369,   35.084234,       54.70,
 139.518378,   35.084234,       54.10,
 139.527387,   35.084234,       53.39,
 139.536396,   35.084234,       52.63,
 139.545405,   35.084234,       51.77,
 139.554414,   35.084234,       50.83,
 139.563423,   35.084234,       49.92,
 139.572432,   35.084234,       49.35,
 139.581441,   35.084234,       48.82,
 139.590450,   35.084234,       48.50,
 139.599459,   35.084234,       48.28,
 139.608468,   35.084234,       48.07,
 139.617477,   35.084234,       48.04,
 139.626486,   35.084234,       48.02,
 139.635495,   35.084234,       48.37,
 139.644505,   35.084234,       48.85,
 139.653514,   35.084234,       49.47,
 139.662523,   35.084234,       50.32,
 139.671532,   35.084234,       51.14,
 139.680541,   35.084234,       51.92,
 139.689550,   35.084234,       52.61,
 139.698559,   35.084234,       53.12,
 139.707568,   35.084234,       53.54,
 139.716577,   35.084234,       53.90,
 139.725586,   35.084234,       54.24,
 139.734595,   35.084234,       54.55,
 139.743604,   35.084234,       54.41,
 139.752613,   35.084234,       54.42,
 139.761622,   35.084234,       54.85,
 139.770631,   35.084234,       56.30,
 139.779640,   35.084234,       58.13,
 139.788649,   35.084234,       60.42,
 139.797658,   35.084234,       62.77,
 139.806667,   35.084234,       64.56,
 139.815676,   35.084234,       65.52,
 139.824685,   35.084234,       65.11,
 139.833694,   35.084234,       66.89,
 139.842703,   35.084234,       66.64,
 139.851712,   35.084234,       64.09,
 139.860721,   35.084234,       61.74,
 139.869730,   35.084234,       59.90,
 139.878739,   35.084234,       58.29,
 139.887748,   35.084234,       56.80,
 139.896757,   35.084234,       55.38,
 139.905766,   35.084234,       54.00,
 139.914775,   35.084234,       52.63,
 139.923784,   35.084234,       51.27,
 139.932793,   35.084234,       49.92,
 139.941802,   35.084234,       48.56,
 139.950811,   35.084234,       47.20,
 139.959820,   35.084234,       45.85,
 139.968829,   35.084234,       44.49,
 139.977838,   35.084234,       43.13,
 139.986847,   35.084234,       41.77,
 139.995856,   35.084234,       40.40,
 140.004865,   35.084234,       39.03,
 140.013874,   35.084234,       37.68,
 140.022883,   35.084234,       36.34,
 140.031892,   35.084234,       35.03,
 140.040901,   35.084234,       33.74,
 140.049910,   35.084234,       32.48,
 140.058919,   35.084234,       31.22,
 140.067928,   35.084234,       29.95,
 140.076937,   35.084234,       28.70,
 140.085946,   35.084234,       27.69,
 140.094955,   35.084234,       27.25,
 140.103964,   35.084234,       27.07,
 140.112973,   35.084234,       26.58,
 140.121982,   35.084234,       26.26,
 140.130991,   35.084234,       26.17,
 140.140000,   35.084234,       26.22,
 140.149009,   35.084234,       26.27,
 140.158018,   35.084234,       26.21,
 140.167027,   35.084234,       26.05,
 140.176036,   35.084234,       25.83,
 140.185045,   35.084234,       25.55,
 140.194054,   35.084234,       25.24,
 140.203063,   35.084234,       24.90,
 140.212072,   35.084234,       24.65,
 140.221081,   35.084234,       24.44,
 140.230090,   35.084234,       24.27,
 140.239099,   35.084234,       24.14,
 140.248108,   35.084234,       24.06,
 140.257117,   35.084234,       24.03,
 140.266126,   35.084234,       23.98,
 140.275135,   35.084234,       23.94,
 140.284144,   35.084234,       23.88,
 140.293153,   35.084234,       23.82,
 140.302162,   35.084234,       23.78,
 140.311171,   35.084234,       23.72,
 140.320180,   35.084234,       23.39,
 140.329189,   35.084234,       23.17,
 140.338198,   35.084234,       23.05,
 140.347207,   35.084234,       23.72,
 140.356216,   35.084234,       24.56,
 140.365225,   35.084234,       26.08,
 140.374234,   35.084234,       28.74,
 140.383243,   35.084234,       30.76,
 139.140000,   35.093243,       60.09,
 139.149009,   35.093243,       59.94,
 139.158018,   35.093243,       59.68,
 139.167027,   35.093243,       59.31,
 139.176036,   35.093243,       58.90,
 139.185045,   35.093243,       58.74,
 139.194054,   35.093243,       58.74,
 139.203063,   35.093243,       58.93,
 139.212072,   35.093243,       59.54,
 139.221081,   35.093243,       60.38,
 139.230090,   35.093243,       61.24,
 139.239099,   35.093243,       62.07,
 139.248108,   35.093243,       62.70,
 139.257117,   35.093243,       63.20,
 139.266126,   35.093243,       63.71,
 139.275135,   35.093243,       64.22,
 139.284144,   35.093243,       64.72,
 139.293153,   35.093243,       65.16,
 139.302162,   35.093243,       65.31,
 139.311171,   35.093243,       65.43,
 139.320180,   35.093243,       65.58,
 139.329189,   35.093243,       65.76,
 139.338198,   35.093243,       65.92,
 139.347207,   35.093243,       65.91,
 139.356216,   35.093243,       65.72,
 139.365225,   35.093243,       65.52,
 139.374234,   35.093243,       65.34,
 139.383243,   35.093243,       65.11,
 139.392252,   35.093243,       64.75,
 139.401261,   35.093243,       64.31,
 139.410270,   35.093243,       63.85,
 139.419279,   35.093243,       63.33,
 139.428288,   35.093243,       62.70,
 139.437297,   35.093243,       62.06,
 139.446306,   35.093243,       61.49,
 139.455315,   35.093243,       60.74,
 139.464324,   35.093243,       59.77,
 139.473333,   35.093243,       58.93,
 139.482342,   35.093243,       58.16,
 139.491351,   35.093243,       57.45,
 139.500360,   35.093243,       56.81,
 139.509369,   35.093243,       56.23,
 139.518378,   35.093243,       55.77,
 139.527387,   35.093243,       55.13,
 139.536396,   35.093243,       54.27,
 139.545405,   35.093243,       53.42,
 139.554414,   35.093243,       52.37,
 139.563423,   35.093243,       51.33,
 139.572432,   35.093243,       50.63,
 139.581441,   35.093243,       50.10,
 139.590450,   35.093243,       49.82,
 139.599459,   35.093243,       49.76,
 139.608468,   35.093243,       49.67,
 139.617477,   35.093243,       49.61,
 139.626486,   35.093243,       49.95,
 139.635495,   35.093243,       50.34,
 139.644505,   35.093243,       50.97,
 139.653514,   35.093243,       51.67,
 139.662523,   35.093243,       52.53,
 139.671532,   35.093243,       53.28,
 139.680541,   35.093243,       54.05,
 139.689550,   35.093243,       54.55,
 139.698559,   35.093243,       54.96,
 139.707568,   35.093243,       55.28,
 139.716577,   35.093243,       55.50,
 139.725586,   35.093243,       55.68,
 139.734595,   35.093243,       55.67,
 139.743604,   35.093243,       55.31,
 139.752613,   35.093243,       55.11,
 139.761622,   35.093243,       55.63,
 139.770631,   35.093243,       56.85,
 139.779640,   35.093243,       58.65,
 139.788649,   35.093243,       60.92,
 139.797658,   35.093243,       63.43,
 139.806667,   35.093243,       65.95,
 139.815676,   35.093243,       66.88,
 139.824685,   35.093243,       66.77,
 139.833694,   35.093243,       67.12,
 139.842703,   35.093243,       68.40,
 139.851712,   35.093243,       65.45,
 139.860721,   35.093243,       63.33,
 139.869730,   35.093243,       61.61,
 139.878739,   35.093243,       60.07,
 139.887748,   35.093243,       58.63,
 139.896757,   35.093243,       57.23,
 139.905766,   35.093243,       55.86,
 139.914775,   35.093243,       54.50,
 139.923784,   35.093243,       53.15,
 139.932793,   35.093243,       51.79,
 139.941802,   35.093243,       50.44,
 139.950811,   35.093243,       49.08,
 139.959820,   35.093243,       47.72,
 139.968829,   35.093243,       46.36,
 139.977838,   35.093243,       45.00,
 139.986847,   35.093243,       43.63,
 139.995856,   35.093243,       42.25,
 140.004865,   35.093243,       40.87,
 140.013874,   35.093243,       39.50,
 140.022883,   35.093243,       38.15,
 140.031892,   35.093243,       36.80,
 140.040901,   35.093243,       35.47,
 140.049910,   35.093243,       34.16,
 140.058919,   35.093243,       32.84,
 140.067928,   35.093243,       31.50,
 140.076937,   35.093243,       30.13,
 140.085946,   35.093243,       28.78,
 140.094955,   35.093243,       27.63,
 140.103964,   35.093243,       27.13,
 140.112973,   35.093243,       26.86,
 140.121982,   35.093243,       26.53,
 140.130991,   35.093243,       26.35,
 140.140000,   35.093243,       26.29,
 140.149009,   35.093243,       26.29,
 140.158018,   35.093243,       26.23,
 140.167027,   35.093243,       26.08,
 140.176036,   35.093243,       25.82,
 140.185045,   35.093243,       25.53,
 140.194054,   35.093243,       25.22,
 140.203063,   35.093243,       24.97,
 140.212072,   35.093243,       24.74,
 140.221081,   35.093243,       24.52,
 140.230090,   35.093243,       24.36,
 140.239099,   35.093243,       24.26,
 140.248108,   35.093243,       24.21,
 140.257117,   35.093243,       24.18,
 140.266126,   35.093243,       24.16,
 140.275135,   35.093243,       24.14,
 140.284144,   35.093243,       24.07,
 140.293153,   35.093243,       23.96,
 140.302162,   35.093243,       23.91,
 140.311171,   35.093243,       23.79,
 140.320180,   35.093243,       23.56,
 140.329189,   35.093243,       23.45,
 140.338198,   35.093243,       23.65,
 140.347207,   35.093243,       24.44,
 140.356216,   35.093243,       25.50,
 140.365225,   35.093243,       26.91,
 140.374234,   35.093243,       28.29,
 140.383243,   35.093243,       29.35,
 139.140000,   35.102252,       59.56,
 139.149009,   35.102252,       59.55,
 139.158018,   35.102252,       59.42,
 139.167027,   35.102252,       59.26,
 139.176036,   35.102252,       59.18,
 139.185045,   35.102252,       59.08,
 139.194054,   35.102252,       59.15,
 139.203063,   35.102252,       59.39,
 139.212072,   35.102252,       60.18,
 139.221081,   35.102252,       61.07,
 139.230090,   35.102252,       61.94,
 139.239099,   35.102252,       62.77,
 139.248108,   35.102252,       63.48,
 139.257117,   35.102252,       64.04,
 139.266126,   35.102252,       64.55,
 139.275135,   35.102252,       65.05,
 139.284144,   35.102252,       65.54,
 139.293153,   35.102252,       65.99,
 139.302162,   35.102252,       66.29,
 139.311171,   35.102252,       66.47,
 139.320180,   35.102252,       66.64,
 139.329189,   35.102252,       66.84,
 139.338198,   35.102252,       67.09,
 139.347207,   35.102252,       67.16,
 139.356216,   35.102252,       66.91,
 139.365225,   35.102252,       66.68,
 139.374234,   35.102252,       66.50,
 139.383243,   35.102252,       66.36,
 139.392252,   35.102252,       66.06,
 139.401261,   35.102252,       65.54,
 139.410270,   35.102252,       65.04,
 139.419279,   35.102252,       64.53,
 139.428288,   35.102252,       63.96,
 139.437297,   35.102252,       63.30,
 139.446306,   35.102252,       62.60,
 139.455315,   35.102252,       61.82,
 139.464324,   35.102252,       60.98,
 139.473333,   35.102252,       60.19,
 139.482342,   35.102252,       59.48,
 139.491351,   35.102252,       58.82,
 139.500360,   35.102252,       58.06,
 139.509369,   35.102252,       57.42,
 139.518378,   35.102252,       56.91,
 139.527387,   35.102252,       56.29,
 139.536396,   35.102252,       55.53,
 139.545405,   35.102252,       54.68,
 139.554414,   35.102252,       53.72,
 139.563423,   35.102252,       52.73,
 139.572432,   35.102252,       51.97,
 139.581441,   35.102252,       51.58,
 139.590450,   35.102252,       51.44,
 139.599459,   35.102252,       51.59,
 139.608468,   35.102252,       51.96,
 139.617477,   35.102252,       52.15,
 139.626486,   35.102252,       52.84,
 139.635495,   35.102252,       53.60,
 139.644505,   35.102252,       54.37,
 139.653514,   35.102252,       55.24,
 139.662523,   35.102252,       55.63,
 139.671532,   35.102252,       56.38,
 139.680541,   35.102252,       56.62,
 139.689550,   35.102252,       56.95,
 139.698559,   35.102252,       57.03,
 139.707568,   35.102252,       57.14,
 139.716577,   35.102252,       57.25,
 139.725586,   35.102252,       57.21,
 139.734595,   35.102252,       56.93,
 139.743604,   35.102252,       56.37,
 139.752613,   35.102252,       56.20,
 139.761622,   35.102252,       56.85,
 139.770631,   35.102252,       58.06,
 139.779640,   35.102252,       59.47,
 139.788649,   35.102252,       61.66,
 139.797658,   35.102252,       64.72,
 139.806667,   35.102252,       67.51,
 139.815676,   35.102252,       69.50,
 139.824685,   35.102252,       68.28,
 139.833694,   35.102252,       67.86,
 139.842703,   35.102252,       68.81,
 139.851712,   35.102252,       66.61,
 139.860721,   35.102252,       64.84,
 139.869730,   35.102252,       63.29,
 139.878739,   35.102252,       61.84,
 139.887748,   35.102252,       60.45,
 139.896757,   35.102252,       59.09,
 139.905766,   35.102252,       57.73,
 139.914775,   35.102252,       56.38,
 139.923784,   35.102252,       55.03,
 139.932793,   35.102252,       53.67,
 139.941802,   35.102252,       52.32,
 139.950811,   35.102252,       50.96,
 139.959820,   35.102252,       49.60,
 139.968829,   35.102252,       48.23,
 139.977838,   35.102252,       46.84,
 139.986847,   35.102252,       45.46,
 139.995856,   35.102252,       44.07,
 140.004865,   35.102252,       42.68,
 140.013874,   35.102252,       41.29,
 140.022883,   35.102252,       39.92,
 140.031892,   35.102252,       38.55,
 140.040901,   35.102252,       37.19,
 140.049910,   35.102252,       35.84,
 140.058919,   35.102252,       34.49,
 140.067928,   35.102252,       33.11,
 140.076937,   35.102252,       31.70,
 140.085946,   35.102252,       30.24,
 140.094955,   35.102252,       28.76,
 140.103964,   35.102252,       27.55,
 140.112973,   35.102252,       27.21,
 140.121982,   35.102252,       26.90,
 140.130991,   35.102252,       26.56,
 140.140000,   35.102252,       26.45,
 140.149009,   35.102252,       26.32,
 140.158018,   35.102252,       26.21,
 140.167027,   35.102252,       26.03,
 140.176036,   35.102252,       25.79,
 140.185045,   35.102252,       25.52,
 140.194054,   35.102252,       25.27,
 140.203063,   35.102252,       25.10,
 140.212072,   35.102252,       24.90,
 140.221081,   35.102252,       24.67,
 140.230090,   35.102252,       24.54,
 140.239099,   35.102252,       24.41,
 140.248108,   35.102252,       24.34,
 140.257117,   35.102252,       24.28,
 140.266126,   35.102252,       24.22,
 140.275135,   35.102252,       24.20,
 140.284144,   35.102252,       24.13,
 140.293153,   35.102252,       24.04,
 140.302162,   35.102252,       23.97,
 140.311171,   35.102252,       23.89,
 140.320180,   35.102252,       23.73,
 140.329189,   35.102252,       23.77,
 140.338198,   35.102252,       24.04,
 140.347207,   35.102252,       24.54,
 140.356216,   35.102252,       25.26,
 140.365225,   35.102252,       26.50,
 140.374234,   35.102252,       27.71,
 140.383243,   35.102252,       28.93,
 139.140000,   35.111261,       59.20,
 139.149009,   35.111261,       59.26,
 139.158018,   35.111261,       59.28,
 139.167027,   35.111261,       59.25,
 139.176036,   35.111261,       59.24,
 139.185045,   35.111261,       59.25,
 139.194054,   35.111261,       59.53,
 139.203063,   35.111261,       59.99,
 139.212072,   35.111261,       60.80,
 139.221081,   35.111261,       61.76,
 139.230090,   35.111261,       62.66,
 139.239099,   35.111261,       63.46,
 139.248108,   35.111261,       64.22,
 139.257117,   35.111261,       64.86,
 139.266126,   35.111261,       65.39,
 139.275135,   35.111261,       65.87,
 139.284144,   35.111261,       66.35,
 139.293153,   35.111261,       66.82,
 139.302162,   35.111261,       67.19,
 139.311171,   35.111261,       67.44,
 139.320180,   35.111261,       67.63,
 139.329189,   35.111261,       67.83,
 139.338198,   35.111261,       68.03,
 139.347207,   35.111261,       68.09,
 139.356216,   35.111261,       67.93,
 139.365225,   35.111261,       67.75,
 139.374234,   35.111261,       67.58,
 139.383243,   35.111261,       67.42,
 139.392252,   35.111261,       67.13,
 139.401261,   35.111261,       66.64,
 139.410270,   35.111261,       66.14,
 139.419279,   35.111261,       65.69,
 139.428288,   35.111261,       65.13,
 139.437297,   35.111261,       64.34,
 139.446306,   35.111261,       63.56,
 139.455315,   35.111261,       62.79,
 139.464324,   35.111261,       62.01,
 139.473333,   35.111261,       61.17,
 139.482342,   35.111261,       60.32,
 139.491351,   35.111261,       59.50,
 139.500360,   35.111261,       58.84,
 139.509369,   35.111261,       58.21,
 139.518378,   35.111261,       57.58,
 139.527387,   35.111261,       56.99,
 139.536396,   35.111261,       56.40,
 139.545405,   35.111261,       55.66,
 139.554414,   35.111261,       54.77,
 139.563423,   35.111261,       53.97,
 139.572432,   35.111261,       53.32,
 139.581441,   35.111261,       53.19,
 139.590450,   35.111261,       53.59,
 139.599459,   35.111261,       54.32,
 139.608468,   35.111261,       55.14,
 139.617477,   35.111261,       56.31,
 139.626486,   35.111261,       57.37,
 139.635495,   35.111261,       58.50,
 139.644505,   35.111261,       59.56,
 139.653514,   35.111261,       60.37,
 139.662523,   35.111261,       60.69,
 139.671532,   35.111261,       60.55,
 139.680541,   35.111261,       60.20,
 139.689550,   35.111261,       59.65,
 139.698559,   35.111261,       59.28,
 139.707568,   35.111261,       59.24,
 139.716577,   35.111261,       59.24,
 139.725586,   35.111261,       59.08,
 139.734595,   35.111261,       58.75,
 139.743604,   35.111261,       58.54,
 139.752613,   35.111261,       58.44,
 139.761622,   35.111261,       59.11,
 139.770631,   35.111261,       59.90,
 139.779640,   35.111261,       61.21,
 139.788649,   35.111261,       63.33,
 139.797658,   35.111261,       66.10,
 139.806667,   35.111261,       69.23,
 139.815676,   35.111261,       71.02,
 139.824685,   35.111261,       71.38,
 139.833694,   35.111261,       69.96,
 139.842703,   35.111261,       69.16,
 139.851712,   35.111261,       67.75,
 139.860721,   35.111261,       66.33,
 139.869730,   35.111261,       64.96,
 139.878739,   35.111261,       63.60,
 139.887748,   35.111261,       62.27,
 139.896757,   35.111261,       60.93,
 139.905766,   35.111261,       59.59,
 139.914775,   35.111261,       58.25,
 139.923784,   35.111261,       56.90,
 139.932793,   35.111261,       55.55,
 139.941802,   35.111261,       54.19,
 139.950811,   35.111261,       52.83,
 139.959820,   35.111261,       51.44,
 139.968829,   35.111261,       50.05,
 139.977838,   35.111261,       48.65,
 139.986847,   35.111261,       47.25,
 139.995856,   35.111261,       45.85,
 140.004865,   35.111261,       44.44,
 140.013874,   35.111261,       43.05,
 140.022883,   35.111261,       41.66,
 140.031892,   35.111261,       40.29,
 140.040901,   35.111261,       38.91,
 140.049910,   35.111261,       37.54,
 140.058919,   35.111261,       36.17,
 140.067928,   35.111261,       34.78,
 140.076937,   35.111261,       33.35,
 140.085946,   35.111261,       31.88,
 140.094955,   35.111261,       30.36,
 140.103964,   35.111261,       28.80,
 140.112973,   35.111261,       27.48,
 140.121982,   35.111261,       27.27,
 140.130991,   35.111261,       27.05,
 140.140000,   35.111261,       26.81,
 140.149009,   35.111261,       26.58,
 140.158018,   35.111261,       26.42,
 140.167027,   35.111261,       26.22,
 140.176036,   35.111261,       25.94,
 140.185045,   35.111261,       25.64,
 140.194054,   35.111261,       25.42,
 140.203063,   35.111261,       25.33,
 140.212072,   35.111261,       25.17,
 140.221081,   35.111261,       25.03,
 140.230090,   35.111261,       24.92,
 140.239099,   35.111261,       24.83,
 140.248108,   35.111261,       24.68,
 140.257117,   35.111261,       24.52,
 140.266126,   35.111261,       24.43,
 140.275135,   35.111261,       24.34,
 140.284144,   35.111261,       24.26,
 140.293153,   35.111261,       24.19,
 140.302162,   35.111261,       24.14,
 140.311171,   35.111261,       24.05,
 140.320180,   35.111261,       24.00,
 140.329189,   35.111261,       24.08,
 140.338198,   35.111261,       24.30,
 140.347207,   35.111261,       24.66,
 140.356216,   35.111261,       25.35,
 140.365225,   35.111261,       26.36,
 140.374234,   35.111261,       27.56,
 140.383243,   35.111261,       28.80,
 139.140000,   35.120270,       59.30,
 139.149009,   35.120270,       59.28,
 139.158018,   35.120270,       59.27,
 139.167027,   35.120270,       59.27,
 139.176036,   35.120270,       59.27,
 139.185045,   35.120270,       59.43,
 139.194054,   35.120270,       59.94,
 139.203063,   35.120270,       60.51,
 139.212072,   35.120270,       61.41,
 139.221081,   35.120270,       62.42,
 139.230090,   35.120270,       63.36,
 139.239099,   35.120270,       64.15,
 139.248108,   35.120270,       64.93,
 139.257117,   35.120270,       65.68,
 139.266126,   35.120270,       66.21,
 139.275135,   35.120270,       66.66,
 139.284144,   35.120270,       67.12,
 139.293153,   35.120270,       67.61,
 139.302162,   35.120270,       68.07,
 139.311171,   35.120270,       68.36,
 139.320180,   35.120270,       68.53,
 139.329189,   35.120270,       68.70,
 139.338198,   35.120270,       68.85,
 139.347207,   35.120270,       68.90,
 139.356216,   35.120270,       68.83,
 139.365225,   35.120270,       68.72,
 139.374234,   35.120270,       68.55,
 139.383243,   35.120270,       68.31,
 139.392252,   35.120270,       68.02,
 139.401261,   35.120270,       67.63,
 139.410270,   35.120270,       67.14,
 139.419279,   35.120270,       66.62,
 139.428288,   35.120270,       66.00,
 139.437297,   35.120270,       65.24,
 139.446306,   35.120270,       64.48,
 139.455315,   35.120270,       63.73,
 139.464324,   35.120270,       62.87,
 139.473333,   35.120270,       61.93,
 139.482342,   35.120270,       60.99,
 139.491351,   35.120270,       60.15,
 139.500360,   35.120270,       59.46,
 139.509369,   35.120270,       58.81,
 139.518378,   35.120270,       58.18,
 139.527387,   35.120270,       57.55,
 139.536396,   35.120270,       56.97,
 139.545405,   35.120270,       56.38,
 139.554414,   35.120270,       55.64,
 139.563423,   35.120270,       55.16,
 139.572432,   35.120270,       54.99,
 139.581441,   35.120270,       55.36,
 139.590450,   35.120270,       56.46,
 139.599459,   35.120270,       58.14,
 139.608468,   35.120270,       59.97,
 139.617477,   35.120270,       61.68,
 139.626486,   35.120270,       63.36,
 139.635495,   35.120270,       64.77,
 139.644505,   35.120270,       65.91,
 139.653514,   35.120270,       66.75,
 139.662523,   35.120270,       66.79,
 139.671532,   35.120270,       66.07,
 139.680541,   35.120270,       64.90,
 139.689550,   35.120270,       63.32,
 139.698559,   35.120270,       62.76,
 139.707568,   35.120270,       62.41,
 139.716577,   35.120270,       62.29,
 139.725586,   35.120270,       62.18,
 139.734595,   35.120270,       61.85,
 139.743604,   35.120270,       61.59,
 139.752613,   35.120270,       61.61,
 139.761622,   35.120270,       61.81,
 139.770631,   35.120270,       62.43,
 139.779640,   35.120270,       63.68,
 139.788649,   35.120270,       65.49,
 139.797658,   35.120270,       67.93,
 139.806667,   35.120270,       70.32,
 139.815676,   35.120270,       72.33,
 139.824685,   35.120270,       72.60,
 139.833694,   35.120270,       71.21,
 139.842703,   35.120270,       69.77,
 139.851712,   35.120270,       68.90,
 139.860721,   35.120270,       67.85,
 139.869730,   35.120270,       66.63,
 139.878739,   35.120270,       65.37,
 139.887748,   35.120270,       64.08,
 139.896757,   35.120270,       62.78,
 139.905766,   35.120270,       61.45,
 139.914775,   35.120270,       60.12,
 139.923784,   35.120270,       58.78,
 139.932793,   35.120270,       57.43,
 139.941802,   35.120270,       56.05,
 139.950811,   35.120270,       54.65,
 139.959820,   35.120270,       53.25,
 139.968829,   35.120270,       51.84,
 139.977838,   35.120270,       50.43,
 139.986847,   35.120270,       49.01,
 139.995856,   35.120270,       47.60,
 140.004865,   35.120270,       46.20,
 140.013874,   35.120270,       44.80,
 140.022883,   35.120270,       43.41,
 140.031892,   35.120270,       42.03,
 140.040901,   35.120270,       40.65,
 140.049910,   35.120270,       39.28,
 140.058919,   35.120270,       37.90,
 140.067928,   35.120270,       36.51,
 140.076937,   35.120270,       35.10,
 140.085946,   35.120270,       33.66,
 140.094955,   35.120270,       32.20,
 140.103964,   35.120270,       30.72,
 140.112973,   35.120270,       29.20,
 140.121982,   35.120270,       27.84,
 140.130991,   35.120270,       27.44,
 140.140000,   35.120270,       27.23,
 140.149009,   35.120270,       27.02,
 140.158018,   35.120270,       26.88,
 140.167027,   35.120270,       26.67,
 140.176036,   35.120270,       26.39,
 140.185045,   35.120270,       25.85,
 140.194054,   35.120270,       25.64,
 140.203063,   35.120270,       25.59,
 140.212072,   35.120270,       25.53,
 140.221081,   35.120270,       25.44,
 140.230090,   35.120270,       25.27,
 140.239099,   35.120270,       25.28,
 140.248108,   35.120270,       25.16,
 140.257117,   35.120270,       25.00,
 140.266126,   35.120270,       24.90,
 140.275135,   35.120270,       24.81,
 140.284144,   35.120270,       24.70,
 140.293153,   35.120270,       24.60,
 140.302162,   35.120270,       24.49,
 140.311171,   35.120270,       24.40,
 140.320180,   35.120270,       24.36,
 140.329189,   35.120270,       24.45,
 140.338198,   35.120270,       24.62,
 140.347207,   35.120270,       24.89,
 140.356216,   35.120270,       25.31,
 140.365225,   35.120270,       26.15,
 140.374234,   35.120270,       27.41,
 140.383243,   35.120270,       28.58,
 139.140000,   35.129279,       59.31,
 139.149009,   35.129279,       59.36,
 139.158018,   35.129279,       59.34,
 139.167027,   35.129279,       59.33,
 139.176036,   35.129279,       59.40,
 139.185045,   35.129279,       59.63,
 139.194054,   35.129279,       60.21,
 139.203063,   35.129279,       61.05,
 139.212072,   35.129279,       62.08,
 139.221081,   35.129279,       63.13,
 139.230090,   35.129279,       64.05,
 139.239099,   35.129279,       64.81,
 139.248108,   35.129279,       65.59,
 139.257117,   35.129279,       66.35,
 139.266126,   35.129279,       66.92,
 139.275135,   35.129279,       67.37,
 139.284144,   35.129279,       67.83,
 139.293153,   35.129279,       68.32,
 139.302162,   35.129279,       68.84,
 139.311171,   35.129279,       69.21,
 139.320180,   35.129279,       69.34,
 139.329189,   35.129279,       69.50,
 139.338198,   35.129279,       69.67,
 139.347207,   35.129279,       69.69,
 139.356216,   35.129279,       69.65,
 139.365225,   35.129279,       69.62,
 139.374234,   35.129279,       69.45,
 139.383243,   35.129279,       69.17,
 139.392252,   35.129279,       68.89,
 139.401261,   35.129279,       68.58,
 139.410270,   35.129279,       68.01,
 139.419279,   35.129279,       67.42,
 139.428288,   35.129279,       66.80,
 139.437297,   35.129279,       66.08,
 139.446306,   35.129279,       65.28,
 139.455315,   35.129279,       64.44,
 139.464324,   35.129279,       63.53,
 139.473333,   35.129279,       62.58,
 139.482342,   35.129279,       61.64,
 139.491351,   35.129279,       60.74,
 139.500360,   35.129279,       59.95,
 139.509369,   35.129279,       59.17,
 139.518378,   35.129279,       58.46,
 139.527387,   35.129279,       57.93,
 139.536396,   35.129279,       57.38,
 139.545405,   35.129279,       56.84,
 139.554414,   35.129279,       56.44,
 139.563423,   35.129279,       56.45,
 139.572432,   35.129279,       56.99,
 139.581441,   35.129279,       58.24,
 139.590450,   35.129279,       60.36,
 139.599459,   35.129279,       62.62,
 139.608468,   35.129279,       65.06,
 139.617477,   35.129279,       67.28,
 139.626486,   35.129279,       69.41,
 139.635495,   35.129279,       70.78,
 139.644505,   35.129279,       71.78,
 139.653514,   35.129279,       72.31,
 139.662523,   35.129279,       72.56,
 139.671532,   35.129279,       72.22,
 139.680541,   35.129279,       70.84,
 139.689550,   35.129279,       69.08,
 139.698559,   35.129279,       67.56,
 139.707568,   35.129279,       67.14,
 139.716577,   35.129279,       66.69,
 139.725586,   35.129279,       66.23,
 139.734595,   35.129279,       65.70,
 139.743604,   35.129279,       65.15,
 139.752613,   35.129279,       64.82,
 139.761622,   35.129279,       64.78,
 139.770631,   35.129279,       65.32,
 139.779640,   35.129279,       66.28,
 139.788649,   35.129279,       68.06,
 139.797658,   35.129279,       70.15,
 139.806667,   35.129279,       71.77,
 139.815676,   35.129279,       72.93,
 139.824685,   35.129279,       73.09,
 139.833694,   35.129279,       71.99,
 139.842703,   35.129279,       70.67,
 139.851712,   35.129279,       70.19,
 139.860721,   35.129279,       69.37,
 139.869730,   35.129279,       68.32,
 139.878739,   35.129279,       67.14,
 139.887748,   35.129279,       65.90,
 139.896757,   35.129279,       64.63,
 139.905766,   35.129279,       63.32,
 139.914775,   35.129279,       61.99,
 139.923784,   35.129279,       60.65,
 139.932793,   35.129279,       59.26,
 139.941802,   35.129279,       57.86,
 139.950811,   35.129279,       56.44,
 139.959820,   35.129279,       55.02,
 139.968829,   35.129279,       53.60,
 139.977838,   35.129279,       52.18,
 139.986847,   35.129279,       50.76,
 139.995856,   35.129279,       49.35,
 140.004865,   35.129279,       47.94,
 140.013874,   35.129279,       46.55,
 140.022883,   35.129279,       45.16,
 140.031892,   35.129279,       43.77,
 140.040901,   35.129279,       42.39,
 140.049910,   35.129279,       41.02,
 140.058919,   35.129279,       39.64,
 140.067928,   35.129279,       38.25,
 140.076937,   35.129279,       36.85,
 140.085946,   35.129279,       35.44,
 140.094955,   35.129279,       34.02,
 140.103964,   35.129279,       32.63,
 140.112973,   35.129279,       31.31,
 140.121982,   35.129279,       30.15,
 140.130991,   35.129279,       29.19,
 140.140000,   35.129279,       28.50,
 140.149009,   35.129279,       28.12,
 140.158018,   35.129279,       27.77,
 140.167027,   35.129279,       27.38,
 140.176036,   35.129279,       26.92,
 140.185045,   35.129279,       26.41,
 140.194054,   35.129279,       26.07,
 140.203063,   35.129279,       25.84,
 140.212072,   35.129279,       25.72,
 140.221081,   35.129279,       25.65,
 140.230090,   35.129279,       25.58,
 140.239099,   35.129279,       25.53,
 140.248108,   35.129279,       25.43,
 140.257117,   35.129279,       25.33,
 140.266126,   35.129279,       25.30,
 140.275135,   35.129279,       25.27,
 140.284144,   35.129279,       25.21,
 140.293153,   35.129279,       25.15,
 140.302162,   35.129279,       25.09,
 140.311171,   35.129279,       25.05,
 140.320180,   35.129279,       25.05,
 140.329189,   35.129279,       24.98,
 140.338198,   35.129279,       25.05,
 140.347207,   35.129279,       25.27,
 140.356216,   35.129279,       25.55,
 140.365225,   35.129279,       26.23,
 140.374234,   35.129279,       27.35,
 140.383243,   35.129279,       28.45,
 139.140000,   35.138288,       59.08,
 139.149009,   35.138288,       59.24,
 139.158018,   35.138288,       59.35,
 139.167027,   35.138288,       59.41,
 139.176036,   35.138288,       59.63,
 139.185045,   35.138288,       59.96,
 139.194054,   35.138288,       60.78,
 139.203063,   35.138288,       61.68,
 139.212072,   35.138288,       62.75,
 139.221081,   35.138288,       63.82,
 139.230090,   35.138288,       64.69,
 139.239099,   35.138288,       65.44,
 139.248108,   35.138288,       66.18,
 139.257117,   35.138288,       66.86,
 139.266126,   35.138288,       67.45,
 139.275135,   35.138288,       67.97,
 139.284144,   35.138288,       68.46,
 139.293153,   35.138288,       68.93,
 139.302162,   35.138288,       69.37,
 139.311171,   35.138288,       69.71,
 139.320180,   35.138288,       69.97,
 139.329189,   35.138288,       70.17,
 139.338198,   35.138288,       70.37,
 139.347207,   35.138288,       70.44,
 139.356216,   35.138288,       70.39,
 139.365225,   35.138288,       70.34,
 139.374234,   35.138288,       70.24,
 139.383243,   35.138288,       70.02,
 139.392252,   35.138288,       69.72,
 139.401261,   35.138288,       69.31,
 139.410270,   35.138288,       68.75,
 139.419279,   35.138288,       68.15,
 139.428288,   35.138288,       67.58,
 139.437297,   35.138288,       66.85,
 139.446306,   35.138288,       65.96,
 139.455315,   35.138288,       65.07,
 139.464324,   35.138288,       64.16,
 139.473333,   35.138288,       63.20,
 139.482342,   35.138288,       62.18,
 139.491351,   35.138288,       61.14,
 139.500360,   35.138288,       60.26,
 139.509369,   35.138288,       59.43,
 139.518378,   35.138288,       58.71,
 139.527387,   35.138288,       58.20,
 139.536396,   35.138288,       57.71,
 139.545405,   35.138288,       57.27,
 139.554414,   35.138288,       57.42,
 139.563423,   35.138288,       57.96,
 139.572432,   35.138288,       59.40,
 139.581441,   35.138288,       61.46,
 139.590450,   35.138288,       63.95,
 139.599459,   35.138288,       66.58,
 139.608468,   35.138288,       68.97,
 139.617477,   35.138288,       71.10,
 139.626486,   35.138288,       72.84,
 139.635495,   35.138288,       74.12,
 139.644505,   35.138288,       74.85,
 139.653514,   35.138288,       75.75,
 139.662523,   35.138288,       77.06,
 139.671532,   35.138288,       77.50,
 139.680541,   35.138288,       76.36,
 139.689550,   35.138288,       74.64,
 139.698559,   35.138288,       73.01,
 139.707568,   35.138288,       71.93,
 139.716577,   35.138288,       71.09,
 139.725586,   35.138288,       69.90,
 139.734595,   35.138288,       68.93,
 139.743604,   35.138288,       68.13,
 139.752613,   35.138288,       67.46,
 139.761622,   35.138288,       67.41,
 139.770631,   35.138288,       67.93,
 139.779640,   35.138288,       69.07,
 139.788649,   35.138288,       70.71,
 139.797658,   35.138288,       72.46,
 139.806667,   35.138288,       73.77,
 139.815676,   35.138288,       73.52,
 139.824685,   35.138288,       73.04,
 139.833694,   35.138288,       71.90,
 139.842703,   35.138288,       71.82,
 139.851712,   35.138288,       71.62,
 139.860721,   35.138288,       70.94,
 139.869730,   35.138288,       70.01,
 139.878739,   35.138288,       68.92,
 139.887748,   35.138288,       67.73,
 139.896757,   35.138288,       66.48,
 139.905766,   35.138288,       65.19,
 139.914775,   35.138288,       63.86,
 139.923784,   35.138288,       62.48,
 139.932793,   35.138288,       61.06,
 139.941802,   35.138288,       59.63,
 139.950811,   35.138288,       58.20,
 139.959820,   35.138288,       56.77,
 139.968829,   35.138288,       55.34,
 139.977838,   35.138288,       53.92,
 139.986847,   35.138288,       52.50,
 139.995856,   35.138288,       51.09,
 140.004865,   35.138288,       49.68,
 140.013874,   35.138288,       48.29,
 140.022883,   35.138288,       46.90,
 140.031892,   35.138288,       45.51,
 140.040901,   35.138288,       44.13,
 140.049910,   35.138288,       42.76,
 140.058919,   35.138288,       41.38,
 140.067928,   35.138288,       40.00,
 140.076937,   35.138288,       38.65,
 140.085946,   35.138288,       37.31,
 140.094955,   35.138288,       36.01,
 140.103964,   35.138288,       34.76,
 140.112973,   35.138288,       33.57,
 140.121982,   35.138288,       32.49,
 140.130991,   35.138288,       31.59,
 140.140000,   35.138288,       30.81,
 140.149009,   35.138288,       30.19,
 140.158018,   35.138288,       29.69,
 140.167027,   35.138288,       29.26,
 140.176036,   35.138288,       28.85,
 140.185045,   35.138288,       28.46,
 140.194054,   35.138288,       28.07,
 140.203063,   35.138288,       27.67,
 140.212072,   35.138288,       27.25,
 140.221081,   35.138288,       26.84,
 140.230090,   35.138288,       26.42,
 140.239099,   35.138288,       26.02,
 140.248108,   35.138288,       25.62,
 140.257117,   35.138288,       25.51,
 140.266126,   35.138288,       25.48,
 140.275135,   35.138288,       25.46,
 140.284144,   35.138288,       25.58,
 140.293153,   35.138288,       25.60,
 140.302162,   35.138288,       25.70,
 140.311171,   35.138288,       25.84,
 140.320180,   35.138288,       25.97,
 140.329189,   35.138288,       25.94,
 140.338198,   35.138288,       25.93,
 140.347207,   35.138288,       25.94,
 140.356216,   35.138288,       26.15,
 140.365225,   35.138288,       26.62,
 140.374234,   35.138288,       27.48,
 140.383243,   35.138288,       28.49,
 139.140000,   35.147297,       58.85,
 139.149009,   35.147297,       59.15,
 139.158018,   35.147297,       59.36,
 139.167027,   35.147297,       59.57,
 139.176036,   35.147297,       59.85,
 139.185045,   35.147297,       60.47,
 139.194054,   35.147297,       61.31,
 139.203063,   35.147297,       62.32,
 139.212072,   35.147297,       63.39,
 139.221081,   35.147297,       64.38,
 139.230090,   35.147297,       65.23,
 139.239099,   35.147297,       66.02,
 139.248108,   35.147297,       66.74,
 139.257117,   35.147297,       67.37,
 139.266126,   35.147297,       67.95,
 139.275135,   35.147297,       68.50,
 139.284144,   35.147297,       69.02,
 139.293153,   35.147297,       69.46,
 139.302162,   35.147297,       69.84,
 139.311171,   35.147297,       70.19,
 139.320180,   35.147297,       70.50,
 139.329189,   35.147297,       70.72,
 139.338198,   35.147297,       70.89,
 139.347207,   35.147297,       71.03,
 139.356216,   35.147297,       71.09,
 139.365225,   35.147297,       71.03,
 139.374234,   35.147297,       70.94,
 139.383243,   35.147297,       70.86,
 139.392252,   35.147297,       70.42,
 139.401261,   35.147297,       69.95,
 139.410270,   35.147297,       69.41,
 139.419279,   35.147297,       68.79,
 139.428288,   35.147297,       68.12,
 139.437297,   35.147297,       67.35,
 139.446306,   35.147297,       66.48,
 139.455315,   35.147297,       65.63,
 139.464324,   35.147297,       64.80,
 139.473333,   35.147297,       63.72,
 139.482342,   35.147297,       62.61,
 139.491351,   35.147297,       61.51,
 139.500360,   35.147297,       60.58,
 139.509369,   35.147297,       59.71,
 139.518378,   35.147297,       58.91,
 139.527387,   35.147297,       58.42,
 139.536396,   35.147297,       58.02,
 139.545405,   35.147297,       58.07,
 139.554414,   35.147297,       58.45,
 139.563423,   35.147297,       59.85,
 139.572432,   35.147297,       61.74,
 139.581441,   35.147297,       64.31,
 139.590450,   35.147297,       67.12,
 139.599459,   35.147297,       69.31,
 139.608468,   35.147297,       71.05,
 139.617477,   35.147297,       74.29,
 139.626486,   35.147297,       80.51,
 139.635495,   35.147297,       80.90,
 139.644505,   35.147297,       79.61,
 139.653514,   35.147297,       79.50,
 139.662523,   35.147297,       81.86,
 139.671532,   35.147297,       82.81,
 139.680541,   35.147297,       81.46,
 139.689550,   35.147297,       78.93,
 139.698559,   35.147297,       77.14,
 139.707568,   35.147297,       75.73,
 139.716577,   35.147297,       74.16,
 139.725586,   35.147297,       72.62,
 139.734595,   35.147297,       71.25,
 139.743604,   35.147297,       70.28,
 139.752613,   35.147297,       69.65,
 139.761622,   35.147297,       69.86,
 139.770631,   35.147297,       70.84,
 139.779640,   35.147297,       72.18,
 139.788649,   35.147297,       73.83,
 139.797658,   35.147297,       75.38,
 139.806667,   35.147297,       75.79,
 139.815676,   35.147297,       75.28,
 139.824685,   35.147297,       73.32,
 139.833694,   35.147297,       72.09,
 139.842703,   35.147297,       73.32,
 139.851712,   35.147297,       73.26,
 139.860721,   35.147297,       72.64,
 139.869730,   35.147297,       71.76,
 139.878739,   35.147297,       70.71,
 139.887748,   35.147297,       69.56,
 139.896757,   35.147297,       68.34,
 139.905766,   35.147297,       67.06,
 139.914775,   35.147297,       65.68,
 139.923784,   35.147297,       64.26,
 139.932793,   35.147297,       62.82,
 139.941802,   35.147297,       61.38,
 139.950811,   35.147297,       59.94,
 139.959820,   35.147297,       58.50,
 139.968829,   35.147297,       57.07,
 139.977838,   35.147297,       55.65,
 139.986847,   35.147297,       54.23,
 139.995856,   35.147297,       52.82,
 140.004865,   35.147297,       51.42,
 140.013874,   35.147297,       50.02,
 140.022883,   35.147297,       48.63,
 140.031892,   35.147297,       47.25,
 140.040901,   35.147297,       45.87,
 140.049910,   35.147297,       44.50,
 140.058919,   35.147297,       43.16,
 140.067928,   35.147297,       41.84,
 140.076937,   35.147297,       40.54,
 140.085946,   35.147297,       39.28,
 140.094955,   35.147297,       38.05,
 140.103964,   35.147297,       36.88,
 140.112973,   35.147297,       35.78,
 140.121982,   35.147297,       34.76,
 140.130991,   35.147297,       33.87,
 140.140000,   35.147297,       33.07,
 140.149009,   35.147297,       32.37,
 140.158018,   35.147297,       31.78,
 140.167027,   35.147297,       31.26,
 140.176036,   35.147297,       30.81,
 140.185045,   35.147297,       30.38,
 140.194054,   35.147297,       29.97,
 140.203063,   35.147297,       29.56,
 140.212072,   35.147297,       29.14,
 140.221081,   35.147297,       28.70,
 140.230090,   35.147297,       28.24,
 140.239099,   35.147297,       27.78,
 140.248108,   35.147297,       27.31,
 140.257117,   35.147297,       26.83,
 140.266126,   35.147297,       26.36,
 140.275135,   35.147297,       25.92,
 140.284144,   35.147297,       25.77,
 140.293153,   35.147297,       25.86,
 140.302162,   35.147297,       25.97,
 140.311171,   35.147297,       26.09,
 140.320180,   35.147297,       26.79,
 140.329189,   35.147297,       27.24,
 140.338198,   35.147297,       27.22,
 140.347207,   35.147297,       27.13,
 140.356216,   35.147297,       27.18,
 140.365225,   35.147297,       27.36,
 140.374234,   35.147297,       27.87,
 140.383243,   35.147297,       28.72,
 139.140000,   35.156306,       58.72,
 139.149009,   35.156306,       59.14,
 139.158018,   35.156306,       59.50,
 139.167027,   35.156306,       59.82,
 139.176036,   35.156306,       60.21,
 139.185045,   35.156306,       60.95,
 139.194054,   35.156306,       61.86,
 139.203063,   35.156306,       62.94,
 139.212072,   35.156306,       64.03,
 139.221081,   35.156306,       64.87,
 139.230090,   35.156306,       65.71,
 139.239099,   35.156306,       66.56,
 139.248108,   35.156306,       67.28,
 139.257117,   35.156306,       67.81,
 139.266126,   35.156306,       68.37,
 139.275135,   35.156306,       68.97,
 139.284144,   35.156306,       69.58,
 139.293153,   35.156306,       69.89,
 139.302162,   35.156306,       70.21,
 139.311171,   35.156306,       70.58,
 139.320180,   35.156306,       71.00,
 139.329189,   35.156306,       71.20,
 139.338198,   35.156306,       71.28,
 139.347207,   35.156306,       71.43,
 139.356216,   35.156306,       71.63,
 139.365225,   35.156306,       71.55,
 139.374234,   35.156306,       71.40,
 139.383243,   35.156306,       71.23,
 139.392252,   35.156306,       70.87,
 139.401261,   35.156306,       70.48,
 139.410270,   35.156306,       70.04,
 139.419279,   35.156306,       69.27,
 139.428288,   35.156306,       68.52,
 139.437297,   35.156306,       67.75,
 139.446306,   35.156306,       66.91,
 139.455315,   35.156306,       66.03,
 139.464324,   35.156306,       65.12,
 139.473333,   35.156306,       64.08,
 139.482342,   35.156306,       62.97,
 139.491351,   35.156306,       61.87,
 139.500360,   35.156306,       60.85,
 139.509369,   35.156306,       59.95,
 139.518378,   35.156306,       59.10,
 139.527387,   35.156306,       58.67,
 139.536396,   35.156306,       58.52,
 139.545405,   35.156306,       58.66,
 139.554414,   35.156306,       59.49,
 139.563423,   35.156306,       60.97,
 139.572432,   35.156306,       63.24,
 139.581441,   35.156306,       65.83,
 139.590450,   35.156306,       69.00,
 139.599459,   35.156306,       72.68,
 139.608468,   35.156306,       78.10,
 139.617477,   35.156306,       89.86,
 139.626486,   35.156306,       92.05,
 139.635495,   35.156306,       90.35,
 139.644505,   35.156306,       87.57,
 139.653514,   35.156306,       85.48,
 139.662523,   35.156306,       87.37,
 139.671532,   35.156306,       88.83,
 139.680541,   35.156306,       86.77,
 139.689550,   35.156306,       82.04,
 139.698559,   35.156306,       80.38,
 139.707568,   35.156306,       78.77,
 139.716577,   35.156306,       76.87,
 139.725586,   35.156306,       75.07,
 139.734595,   35.156306,       73.56,
 139.743604,   35.156306,       72.48,
 139.752613,   35.156306,       72.45,
 139.761622,   35.156306,       72.77,
 139.770631,   35.156306,       74.46,
 139.779640,   35.156306,       76.24,
 139.788649,   35.156306,       78.06,
 139.797658,   35.156306,       78.94,
 139.806667,   35.156306,       79.04,
 139.815676,   35.156306,       78.96,
 139.824685,   35.156306,       76.64,
 139.833694,   35.156306,       75.61,
 139.842703,   35.156306,       75.31,
 139.851712,   35.156306,       75.12,
 139.860721,   35.156306,       74.49,
 139.869730,   35.156306,       73.61,
 139.878739,   35.156306,       72.56,
 139.887748,   35.156306,       71.42,
 139.896757,   35.156306,       70.21,
 139.905766,   35.156306,       68.87,
 139.914775,   35.156306,       67.44,
 139.923784,   35.156306,       66.00,
 139.932793,   35.156306,       64.55,
 139.941802,   35.156306,       63.10,
 139.950811,   35.156306,       61.66,
 139.959820,   35.156306,       60.23,
 139.968829,   35.156306,       58.80,
 139.977838,   35.156306,       57.37,
 139.986847,   35.156306,       55.96,
 139.995856,   35.156306,       54.55,
 140.004865,   35.156306,       53.15,
 140.013874,   35.156306,       51.76,
 140.022883,   35.156306,       50.37,
 140.031892,   35.156306,       48.99,
 140.040901,   35.156306,       47.63,
 140.049910,   35.156306,       46.30,
 140.058919,   35.156306,       45.00,
 140.067928,   35.156306,       43.72,
 140.076937,   35.156306,       42.47,
 140.085946,   35.156306,       41.26,
 140.094955,   35.156306,       40.10,
 140.103964,   35.156306,       38.99,
 140.112973,   35.156306,       37.94,
 140.121982,   35.156306,       36.95,
 140.130991,   35.156306,       36.07,
 140.140000,   35.156306,       35.27,
 140.149009,   35.156306,       34.54,
 140.158018,   35.156306,       33.89,
 140.167027,   35.156306,       33.32,
 140.176036,   35.156306,       32.81,
 140.185045,   35.156306,       32.35,
 140.194054,   35.156306,       31.90,
 140.203063,   35.156306,       31.47,
 140.212072,   35.156306,       31.04,
 140.221081,   35.156306,       30.60,
 140.230090,   35.156306,       30.15,
 140.239099,   35.156306,       29.69,
 140.248108,   35.156306,       29.22,
 140.257117,   35.156306,       28.74,
 140.266126,   35.156306,       28.27,
 140.275135,   35.156306,       27.82,
 140.284144,   35.156306,       27.37,
 140.293153,   35.156306,       26.87,
 140.302162,   35.156306,       26.43,
 140.311171,   35.156306,       27.00,
 140.320180,   35.156306,       27.62,
 140.329189,   35.156306,       28.51,
 140.338198,   35.156306,       28.52,
 140.347207,   35.156306,       28.53,
 140.356216,   35.156306,       28.50,
 140.365225,   35.156306,       28.37,
 140.374234,   35.156306,       28.53,
 140.383243,   35.156306,       28.99,
 139.140000,   35.165315,       58.93,
 139.149009,   35.165315,       59.44,
 139.158018,   35.165315,       59.71,
 139.167027,   35.165315,       60.11,
 139.176036,   35.165315,       60.59,
 139.185045,   35.165315,       61.46,
 139.194054,   35.165315,       62.40,
 139.203063,   35.165315,       63.43,
 139.212072,   35.165315,       64.40,
 139.221081,   35.165315,       65.26,
 139.230090,   35.165315,       66.09,
 139.239099,   35.165315,       66.87,
 139.248108,   35.165315,       67.54,
 139.257117,   35.165315,       68.11,
 139.266126,   35.165315,       68.67,
 139.275135,   35.165315,       69.23,
 139.284144,   35.165315,       69.73,
 139.293153,   35.165315,       70.13,
 139.302162,   35.165315,       70.49,
 139.311171,   35.165315,       70.85,
 139.320180,   35.165315,       71.18,
 139.329189,   35.165315,       71.37,
 139.338198,   35.165315,       71.51,
 139.347207,   35.165315,       71.64,
 139.356216,   35.165315,       71.72,
 139.365225,   35.165315,       71.71,
 139.374234,   35.165315,       71.66,
 139.383243,   35.165315,       71.52,
 139.392252,   35.165315,       71.12,
 139.401261,   35.165315,       70.71,
 139.410270,   35.165315,       70.23,
 139.419279,   35.165315,       69.54,
 139.428288,   35.165315,       68.83,
 139.437297,   35.165315,       68.15,
 139.446306,   35.165315,       67.25,
 139.455315,   35.165315,       66.32,
 139.464324,   35.165315,       65.38,
 139.473333,   35.165315,       64.38,
 139.482342,   35.165315,       63.28,
 139.491351,   35.165315,       62.14,
 139.500360,   35.165315,       61.02,
 139.509369,   35.165315,       60.10,
 139.518378,   35.165315,       59.26,
 139.527387,   35.165315,       58.79,
 139.536396,   35.165315,       58.77,
 139.545405,   35.165315,       59.14,
 139.554414,   35.165315,       60.14,
 139.563423,   35.165315,       61.40,
 139.572432,   35.165315,       63.24,
 139.581441,   35.165315,       65.10,
 139.590450,   35.165315,       68.46,
 139.599459,   35.165315,       75.90,
 139.608468,   35.165315,       93.48,
 139.617477,   35.165315,      106.91,
 139.626486,   35.165315,      105.07,
 139.635495,   35.165315,      100.48,
 139.644505,   35.165315,       95.34,
 139.653514,   35.165315,       90.99,
 139.662523,   35.165315,       92.05,
 139.671532,   35.165315,       90.46,
 139.680541,   35.165315,       86.73,
 139.689550,   35.165315,       84.48,
 139.698559,   35.165315,       82.95,
 139.707568,   35.165315,       81.55,
 139.716577,   35.165315,       79.74,
 139.725586,   35.165315,       77.84,
 139.734595,   35.165315,       76.55,
 139.743604,   35.165315,       76.05,
 139.752613,   35.165315,       76.11,
 139.761622,   35.165315,       77.85,
 139.770631,   35.165315,       79.75,
 139.779640,   35.165315,       81.93,
 139.788649,   35.165315,       82.99,
 139.797658,   35.165315,       83.41,
 139.806667,   35.165315,       82.93,
 139.815676,   35.165315,       83.42,
 139.824685,   35.165315,       82.53,
 139.833694,   35.165315,       79.07,
 139.842703,   35.165315,       77.63,
 139.851712,   35.165315,       77.12,
 139.860721,   35.165315,       76.43,
 139.869730,   35.165315,       75.53,
 139.878739,   35.165315,       74.48,
 139.887748,   35.165315,       73.33,
 139.896757,   35.165315,       72.05,
 139.905766,   35.165315,       70.63,
 139.914775,   35.165315,       69.18,
 139.923784,   35.165315,       67.73,
 139.932793,   35.165315,       66.27,
 139.941802,   35.165315,       64.82,
 139.950811,   35.165315,       63.38,
 139.959820,   35.165315,       61.94,
 139.968829,   35.165315,       60.51,
 139.977838,   35.165315,       59.09,
 139.986847,   35.165315,       57.68,
 139.995856,   35.165315,       56.28,
 140.004865,   35.165315,       54.88,
 140.013874,   35.165315,       53.48,
 140.022883,   35.165315,       52.11,
 140.031892,   35.165315,       50.76,
 140.040901,   35.165315,       49.43,
 140.049910,   35.165315,       48.13,
 140.058919,   35.165315,       46.86,
 140.067928,   35.165315,       45.62,
 140.076937,   35.165315,       44.42,
 140.085946,   35.165315,       43.26,
 140.094955,   35.165315,       42.15,
 140.103964,   35.165315,       41.08,
 140.112973,   35.165315,       40.06,
 140.121982,   35.165315,       39.10,
 140.130991,   35.165315,       38.23,
 140.140000,   35.165315,       37.43,
 140.149009,   35.165315,       36.68,
 140.158018,   35.165315,       36.00,
 140.167027,   35.165315,       35.40,
 140.176036,   35.165315,       34.85,
 140.185045,   35.165315,       34.34,
 140.194054,   35.165315,       33.87,
 140.203063,   35.165315,       33.41,
 140.212072,   35.165315,       32.96,
 140.221081,   35.165315,       32.52,
 140.230090,   35.165315,       32.07,
 140.239099,   35.165315,       31.62,
 140.248108,   35.165315,       31.15,
 140.257117,   35.165315,       30.69,
 140.266126,   35.165315,       30.23,
 140.275135,   35.165315,       29.78,
 140.284144,   35.165315,       29.35,
 140.293153,   35.165315,       28.92,
 140.302162,   35.165315,       28.50,
 140.311171,   35.165315,       28.11,
 140.320180,   35.165315,       27.97,
 140.329189,   35.165315,       28.91,
 140.338198,   35.165315,       29.27,
 140.347207,   35.165315,       29.55,
 140.356216,   35.165315,       29.53,
 140.365225,   35.165315,       29.41,
 140.374234,   35.165315,       29.25,
 140.383243,   35.165315,       29.66,
 139.140000,   35.174324,       59.12,
 139.149009,   35.174324,       59.54,
 139.158018,   35.174324,       59.88,
 139.167027,   35.174324,       60.36,
 139.176036,   35.174324,       60.95,
 139.185045,   35.174324,       61.88,
 139.194054,   35.174324,       62.83,
 139.203063,   35.174324,       63.76,
 139.212072,   35.174324,       64.71,
 139.221081,   35.174324,       65.60,
 139.230090,   35.174324,       66.37,
 139.239099,   35.174324,       67.05,
 139.248108,   35.174324,       67.69,
 139.257117,   35.174324,       68.30,
 139.266126,   35.174324,       68.87,
 139.275135,   35.174324,       69.37,
 139.284144,   35.174324,       69.83,
 139.293153,   35.174324,       70.26,
 139.302162,   35.174324,       70.67,
 139.311171,   35.174324,       71.00,
 139.320180,   35.174324,       71.24,
 139.329189,   35.174324,       71.44,
 139.338198,   35.174324,       71.62,
 139.347207,   35.174324,       71.77,
 139.356216,   35.174324,       71.81,
 139.365225,   35.174324,       71.78,
 139.374234,   35.174324,       71.75,
 139.383243,   35.174324,       71.68,
 139.392252,   35.174324,       71.26,
 139.401261,   35.174324,       70.84,
 139.410270,   35.174324,       70.37,
 139.419279,   35.174324,       69.71,
 139.428288,   35.174324,       68.99,
 139.437297,   35.174324,       68.26,
 139.446306,   35.174324,       67.40,
 139.455315,   35.174324,       66.48,
 139.464324,   35.174324,       65.59,
 139.473333,   35.174324,       64.69,
 139.482342,   35.174324,       63.56,
 139.491351,   35.174324,       62.40,
 139.500360,   35.174324,       61.23,
 139.509369,   35.174324,       60.19,
 139.518378,   35.174324,       59.36,
 139.527387,   35.174324,       58.65,
 139.536396,   35.174324,       58.74,
 139.545405,   35.174324,       59.09,
 139.554414,   35.174324,       59.90,
 139.563423,   35.174324,       60.30,
 139.572432,   35.174324,       60.78,
 139.581441,   35.174324,       61.54,
 139.590450,   35.174324,       64.58,
 139.599459,   35.174324,       75.37,
 139.608468,   35.174324,       98.89,
 139.617477,   35.174324,      121.87,
 139.626486,   35.174324,      118.08,
 139.635495,   35.174324,      109.52,
 139.644505,   35.174324,      101.49,
 139.653514,   35.174324,       94.45,
 139.662523,   35.174324,       91.31,
 139.671532,   35.174324,       89.31,
 139.680541,   35.174324,       87.59,
 139.689550,   35.174324,       86.04,
 139.698559,   35.174324,       85.25,
 139.707568,   35.174324,       84.14,
 139.716577,   35.174324,       82.72,
 139.725586,   35.174324,       81.26,
 139.734595,   35.174324,       80.24,
 139.743604,   35.174324,       80.17,
 139.752613,   35.174324,       81.35,
 139.761622,   35.174324,       83.31,
 139.770631,   35.174324,       85.80,
 139.779640,   35.174324,       87.32,
 139.788649,   35.174324,       87.93,
 139.797658,   35.174324,       86.75,
 139.806667,   35.174324,       86.05,
 139.815676,   35.174324,       86.54,
 139.824685,   35.174324,       85.35,
 139.833694,   35.174324,       82.18,
 139.842703,   35.174324,       80.29,
 139.851712,   35.174324,       79.26,
 139.860721,   35.174324,       78.46,
 139.869730,   35.174324,       77.52,
 139.878739,   35.174324,       76.44,
 139.887748,   35.174324,       75.26,
 139.896757,   35.174324,       73.85,
 139.905766,   35.174324,       72.38,
 139.914775,   35.174324,       70.91,
 139.923784,   35.174324,       69.44,
 139.932793,   35.174324,       67.98,
 139.941802,   35.174324,       66.53,
 139.950811,   35.174324,       65.09,
 139.959820,   35.174324,       63.65,
 139.968829,   35.174324,       62.23,
 139.977838,   35.174324,       60.81,
 139.986847,   35.174324,       59.40,
 139.995856,   35.174324,       58.00,
 140.004865,   35.174324,       56.60,
 140.013874,   35.174324,       55.22,
 140.022883,   35.174324,       53.87,
 140.031892,   35.174324,       52.54,
 140.040901,   35.174324,       51.24,
 140.049910,   35.174324,       49.97,
 140.058919,   35.174324,       48.73,
 140.067928,   35.174324,       47.54,
 140.076937,   35.174324,       46.38,
 140.085946,   35.174324,       45.25,
 140.094955,   35.174324,       44.17,
 140.103964,   35.174324,       43.13,
 140.112973,   35.174324,       42.14,
 140.121982,   35.174324,       41.21,
 140.130991,   35.174324,       40.35,
 140.140000,   35.174324,       39.55,
 140.149009,   35.174324,       38.80,
 140.158018,   35.174324,       38.11,
 140.167027,   35.174324,       37.47,
 140.176036,   35.174324,       36.89,
 140.185045,   35.174324,       36.35,
 140.194054,   35.174324,       35.85,
 140.203063,   35.174324,       35.37,
 140.212072,   35.174324,       34.90,
 140.221081,   35.174324,       34.45,
 140.230090,   35.174324,       34.00,
 140.239099,   35.174324,       33.55,
 140.248108,   35.174324,       33.10,
 140.257117,   35.174324,       32.64,
 140.266126,   35.174324,       32.19,
 140.275135,   35.174324,       31.74,
 140.284144,   35.174324,       31.30,
 140.293153,   35.174324,       30.88,
 140.302162,   35.174324,       30.46,
 140.311171,   35.174324,       30.05,
 140.320180,   35.174324,       29.65,
 140.329189,   35.174324,       29.31,
 140.338198,   35.174324,       29.43,
 140.347207,   35.174324,       30.02,
 140.356216,   35.174324,       30.23,
 140.365225,   35.174324,       30.20,
 140.374234,   35.174324,       30.18,
 140.383243,   35.174324,       30.43,
 139.140000,   35.183333,       59.39,
 139.149009,   35.183333,       59.69,
 139.158018,   35.183333,       60.01,
 139.167027,   35.183333,       60.53,
 139.176036,   35.183333,       61.23,
 139.185045,   35.183333,       62.12,
 139.194054,   35.183333,       63.04,
 139.203063,   35.183333,       63.98,
 139.212072,   35.183333,       64.95,
 139.221081,   35.183333,       65.94,
 139.230090,   35.183333,       66.52,
 139.239099,   35.183333,       67.14,
 139.248108,   35.183333,       67.79,
 139.257117,   35.183333,       68.46,
 139.266126,   35.183333,       69.04,
 139.275135,   35.183333,       69.47,
 139.284144,   35.183333,       69.89,
 139.293153,   35.183333,       70.33,
 139.302162,   35.183333,       70.80,
 139.311171,   35.183333,       71.09,
 139.320180,   35.183333,       71.25,
 139.329189,   35.183333,       71.44,
 139.338198,   35.183333,       71.66,
 139.347207,   35.183333,       71.90,
 139.356216,   35.183333,       71.83,
 139.365225,   35.183333,       71.76,
 139.374234,   35.183333,       71.72,
 139.383243,   35.183333,       71.59,
 139.392252,   35.183333,       71.25,
 139.401261,   35.183333,       70.88,
 139.410270,   35.183333,       70.53,
 139.419279,   35.183333,       69.79,
 139.428288,   35.183333,       69.04,
 139.437297,   35.183333,       68.29,
 139.446306,   35.183333,       67.46,
 139.455315,   35.183333,       66.57,
 139.464324,   35.183333,       65.67,
 139.473333,   35.183333,       64.77,
 139.482342,   35.183333,       63.73,
 139.491351,   35.183333,       62.62,
 139.500360,   35.183333,       61.47,
 139.509369,   35.183333,       60.27,
 139.518378,   35.183333,       59.21,
 139.527387,   35.183333,       58.54,
 139.536396,   35.183333,       58.41,
 139.545405,   35.183333,       58.47,
 139.554414,   35.183333,       57.28,
 139.563423,   35.183333,       56.78,
 139.572432,   35.183333,       53.25,
 139.581441,   35.183333,       52.55,
 139.590450,   35.183333,       57.80,
 139.599459,   35.183333,       82.33,
 139.608468,   35.183333,      108.21,
 139.617477,   35.183333,      134.67,
 139.626486,   35.183333,      405.17,
 139.635495,   35.183333,     1397.92,
 139.644505,   35.183333,      973.49,
 139.653514,   35.183333,       94.08,
 139.662523,   35.183333,       90.78,
 139.671532,   35.183333,       89.46,
 139.680541,   35.183333,       88.41,
 139.689550,   35.183333,       87.73,
 139.698559,   35.183333,       87.22,
 139.707568,   35.183333,       86.68,
 139.716577,   35.183333,       85.70,
 139.725586,   35.183333,       84.73,
 139.734595,   35.183333,       84.31,
 139.743604,   35.183333,       84.67,
 139.752613,   35.183333,       86.05,
 139.761622,   35.183333,       88.48,
 139.770631,   35.183333,       90.70,
 139.779640,   35.183333,       92.01,
 139.788649,   35.183333,       91.32,
 139.797658,   35.183333,       90.06,
 139.806667,   35.183333,       88.59,
 139.815676,   35.183333,       88.82,
 139.824685,   35.183333,       88.03,
 139.833694,   35.183333,       85.17,
 139.842703,   35.183333,       83.09,
 139.851712,   35.183333,       81.57,
 139.860721,   35.183333,       80.57,
 139.869730,   35.183333,       79.57,
 139.878739,   35.183333,       78.46,
 139.887748,   35.183333,       77.13,
 139.896757,   35.183333,       75.62,
 139.905766,   35.183333,       74.12,
 139.914775,   35.183333,       72.63,
 139.923784,   35.183333,       71.15,
 139.932793,   35.183333,       69.69,
 139.941802,   35.183333,       68.24,
 139.950811,   35.183333,       66.79,
 139.959820,   35.183333,       65.36,
 139.968829,   35.183333,       63.94,
 139.977838,   35.183333,       62.53,
 139.986847,   35.183333,       61.12,
 139.995856,   35.183333,       59.72,
 140.004865,   35.183333,       58.34,
 140.013874,   35.183333,       56.98,
 140.022883,   35.183333,       55.64,
 140.031892,   35.183333,       54.34,
 140.040901,   35.183333,       53.06,
 140.049910,   35.183333,       51.82,
 140.058919,   35.183333,       50.62,
 140.067928,   35.183333,       49.46,
 140.076937,   35.183333,       48.33,
 140.085946,   35.183333,       47.23,
 140.094955,   35.183333,       46.18,
 140.103964,   35.183333,       45.17,
 140.112973,   35.183333,       44.20,
 140.121982,   35.183333,       43.29,
 140.130991,   35.183333,       42.44,
 140.140000,   35.183333,       41.64,
 140.149009,   35.183333,       40.89,
 140.158018,   35.183333,       40.19,
 140.167027,   35.183333,       39.53,
 140.176036,   35.183333,       38.93,
 140.185045,   35.183333,       38.37,
 140.194054,   35.183333,       37.85,
 140.203063,   35.183333,       37.35,
 140.212072,   35.183333,       36.86,
 140.221081,   35.183333,       36.39,
 140.230090,   35.183333,       35.94,
 140.239099,   35.183333,       35.49,
 140.248108,   35.183333,       35.04,
 140.257117,   35.183333,       34.59,
 140.266126,   35.183333,       34.14,
 140.275135,   35.183333,       33.70,
 140.284144,   35.183333,       33.26,
 140.293153,   35.183333,       32.83,
 140.302162,   35.183333,       32.41,
 140.311171,   35.183333,       32.00,
 140.320180,   35.183333,       31.58,
 140.329189,   35.183333,       31.17,
 140.338198,   35.183333,       30.75,
 140.347207,   35.183333,       30.33,
 140.356216,   35.183333,       30.44,
 140.365225,   35.183333,       30.57,
 140.374234,   35.183333,       30.80,
 140.383243,   35.183333,       31.17,
 139.140000,   35.192342,       59.57,
 139.149009,   35.192342,       59.84,
 139.158018,   35.192342,       60.17,
 139.167027,   35.192342,       60.65,
 139.176036,   35.192342,       61.42,
 139.185045,   35.192342,       62.29,
 139.194054,   35.192342,       63.20,
 139.203063,   35.192342,       64.11,
 139.212072,   35.192342,       65.05,
 139.221081,   35.192342,       65.85,
 139.230090,   35.192342,       66.51,
 139.239099,   35.192342,       67.14,
 139.248108,   35.192342,       67.80,
 139.257117,   35.192342,       68.49,
 139.266126,   35.192342,       69.09,
 139.275135,   35.192342,       69.47,
 139.284144,   35.192342,       69.89,
 139.293153,   35.192342,       70.32,
 139.302162,   35.192342,       70.73,
 139.311171,   35.192342,       71.00,
 139.320180,   35.192342,       71.19,
 139.329189,   35.192342,       71.38,
 139.338198,   35.192342,       71.57,
 139.347207,   35.192342,       71.71,
 139.356216,   35.192342,       71.71,
 139.365225,   35.192342,       71.65,
 139.374234,   35.192342,       71.62,
 139.383243,   35.192342,       71.54,
 139.392252,   35.192342,       71.17,
 139.401261,   35.192342,       70.78,
 139.410270,   35.192342,       70.35,
 139.419279,   35.192342,       69.71,
 139.428288,   35.192342,       69.00,
 139.437297,   35.192342,       68.31,
 139.446306,   35.192342,       67.50,
 139.455315,   35.192342,       66.58,
 139.464324,   35.192342,       65.67,
 139.473333,   35.192342,       64.74,
 139.482342,   35.192342,       63.77,
 139.491351,   35.192342,       62.76,
 139.500360,   35.192342,       61.68,
 139.509369,   35.192342,       60.39,
 139.518378,   35.192342,       59.14,
 139.527387,   35.192342,       57.98,
 139.536396,   35.192342,       57.27,
 139.545405,   35.192342,       56.36,
 139.554414,   35.192342,       54.02,
 139.563423,   35.192342,       49.82,
 139.572432,   35.192342,       40.41,
 139.581441,   35.192342,       27.75,
 139.590450,   35.192342,       58.14,
 139.599459,   35.192342,      111.40,
 139.608468,   35.192342,      137.41,
 139.617477,   35.192342,     2240.22,
 139.626486,   35.192342,     8612.44,
 139.635495,   35.192342,    10663.42,
 139.644505,   35.192342,     9193.83,
 139.653514,   35.192342,     5471.81,
 139.662523,   35.192342,       90.66,
 139.671532,   35.192342,       89.90,
 139.680541,   35.192342,       89.36,
 139.689550,   35.192342,       89.03,
 139.698559,   35.192342,       89.01,
 139.707568,   35.192342,       88.80,
 139.716577,   35.192342,       88.57,
 139.725586,   35.192342,       88.18,
 139.734595,   35.192342,       88.11,
 139.743604,   35.192342,       88.68,
 139.752613,   35.192342,       90.30,
 139.761622,   35.192342,       92.52,
 139.770631,   35.192342,       94.25,
 139.779640,   35.192342,       94.65,
 139.788649,   35.192342,       93.99,
 139.797658,   35.192342,       92.67,
 139.806667,   35.192342,       91.39,
 139.815676,   35.192342,       90.86,
 139.824685,   35.192342,       90.44,
 139.833694,   35.192342,       88.13,
 139.842703,   35.192342,       86.02,
 139.851712,   35.192342,       84.08,
 139.860721,   35.192342,       82.78,
 139.869730,   35.192342,       81.68,
 139.878739,   35.192342,       80.51,
 139.887748,   35.192342,       78.94,
 139.896757,   35.192342,       77.37,
 139.905766,   35.192342,       75.84,
 139.914775,   35.192342,       74.34,
 139.923784,   35.192342,       72.86,
 139.932793,   35.192342,       71.39,
 139.941802,   35.192342,       69.94,
 139.950811,   35.192342,       68.50,
 139.959820,   35.192342,       67.07,
 139.968829,   35.192342,       65.65,
 139.977838,   35.192342,       64.24,
 139.986847,   35.192342,       62.83,
 139.995856,   35.192342,       61.45,
 140.004865,   35.192342,       60.08,
 140.013874,   35.192342,       58.74,
 140.022883,   35.192342,       57.43,
 140.031892,   35.192342,       56.14,
 140.040901,   35.192342,       54.90,
 140.049910,   35.192342,       53.69,
 140.058919,   35.192342,       52.51,
 140.067928,   35.192342,       51.37,
 140.076937,   35.192342,       50.26,
 140.085946,   35.192342,       49.20,
 140.094955,   35.192342,       48.17,
 140.103964,   35.192342,       47.18,
 140.112973,   35.192342,       46.24,
 140.121982,   35.192342,       45.34,
 140.130991,   35.192342,       44.50,
 140.140000,   35.192342,       43.71,
 140.149009,   35.192342,       42.96,
 140.158018,   35.192342,       42.25,
 140.167027,   35.192342,       41.58,
 140.176036,   35.192342,       40.97,
 140.185045,   35.192342,       40.39,
 140.194054,   35.192342,       39.84,
 140.203063,   35.192342,       39.33,
 140.212072,   35.192342,       38.83,
 140.221081,   35.192342,       38.35,
 140.230090,   35.192342,       37.88,
 140.239099,   35.192342,       37.43,
 140.248108,   35.192342,       36.99,
 140.257117,   35.192342,       36.55,
 140.266126,   35.192342,       36.11,
 140.275135,   35.192342,       35.68,
 140.284144,   35.192342,       35.25,
 140.293153,   35.192342,       34.83,
 140.302162,   35.192342,       34.41,
 140.311171,   35.192342,       34.00,
 140.320180,   35.192342,       33.60,
 140.329189,   35.192342,       33.20,
 140.338198,   35.192342,       32.81,
 140.347207,   35.192342,       32.41,
 140.356216,   35.192342,       32.01,
 140.365225,   35.192342,       31.72,
 140.374234,   35.192342,       31.51,
 140.383243,   35.192342,       31.67,
 139.140000,   35.201351,       59.52,
 139.149009,   35.201351,       59.86,
 139.158018,   35.201351,       60.21,
 139.167027,   35.201351,       60.72,
 139.176036,   35.201351,       61.46,
 139.185045,   35.201351,       62.27,
 139.194054,   35.201351,       63.20,
 139.203063,   35.201351,       64.16,
 139.212072,   35.201351,       65.01,
 139.221081,   35.201351,       65.72,
 139.230090,   35.201351,       66.41,
 139.239099,   35.201351,       67.07,
 139.248108,   35.201351,       67.71,
 139.257117,   35.201351,       68.34,
 139.266126,   35.201351,       68.90,
 139.275135,   35.201351,       69.36,
 139.284144,   35.201351,       69.81,
 139.293153,   35.201351,       70.23,
 139.302162,   35.201351,       70.55,
 139.311171,   35.201351,       70.82,
 139.320180,   35.201351,       71.06,
 139.329189,   35.201351,       71.25,
 139.338198,   35.201351,       71.38,
 139.347207,   35.201351,       71.46,
 139.356216,   35.201351,       71.49,
 139.365225,   35.201351,       71.48,
 139.374234,   35.201351,       71.44,
 139.383243,   35.201351,       71.37,
 139.392252,   35.201351,       71.00,
 139.401261,   35.201351,       70.61,
 139.410270,   35.201351,       70.20,
 139.419279,   35.201351,       69.57,
 139.428288,   35.201351,       68.89,
 139.437297,   35.201351,       68.22,
 139.446306,   35.201351,       67.45,
 139.455315,   35.201351,       66.53,
 139.464324,   35.201351,       65.61,
 139.473333,   35.201351,       64.71,
 139.482342,   35.201351,       63.72,
 139.491351,   35.201351,       62.71,
 139.500360,   35.201351,       61.65,
 139.509369,   35.201351,       60.43,
 139.518378,   35.201351,       59.03,
 139.527387,   35.201351,       57.19,
 139.536396,   35.201351,       55.94,
 139.545405,   35.201351,       54.41,
 139.554414,   35.201351,       49.83,
 139.563423,   35.201351,       42.63,
 139.572432,   35.201351,       27.15,
 139.581441,   35.201351,        8.44,
 139.590450,   35.201351,       12.52,
 139.599459,   35.201351,      546.26,
 139.608468,   35.201351,     1411.73,
 139.617477,   35.201351,    13522.78,
 139.626486,   35.201351,    21922.04,
 139.635495,   35.201351,    24437.34,
 139.644505,   35.201351,    22082.79,
 139.653514,   35.201351,    16729.78,
 139.662523,   35.201351,     8807.31,
 139.671532,   35.201351,      658.00,
 139.680541,   35.201351,       90.14,
 139.689550,   35.201351,       90.07,
 139.698559,   35.201351,       90.35,
 139.707568,   35.201351,       90.65,
 139.716577,   35.201351,       90.75,
 139.725586,   35.201351,       90.88,
 139.734595,   35.201351,       91.21,
 139.743604,   35.201351,       91.99,
 139.752613,   35.201351,       93.58,
 139.761622,   35.201351,       95.34,
 139.770631,   35.201351,       96.56,
 139.779640,   35.201351,       96.64,
 139.788649,   35.201351,       95.78,
 139.797658,   35.201351,       94.60,
 139.806667,   35.201351,       93.09,
 139.815676,   35.201351,       92.39,
 139.824685,   35.201351,       92.22,
 139.833694,   35.201351,       91.11,
 139.842703,   35.201351,       88.94,
 139.851712,   35.201351,       86.76,
 139.860721,   35.201351,       85.12,
 139.869730,   35.201351,       83.85,
 139.878739,   35.201351,       82.45,
 139.887748,   35.201351,       80.71,
 139.896757,   35.201351,       79.10,
 139.905766,   35.201351,       77.56,
 139.914775,   35.201351,       76.04,
 139.923784,   35.201351,       74.55,
 139.932793,   35.201351,       73.08,
 139.941802,   35.201351,       71.62,
 139.950811,   35.201351,       70.19,
 139.959820,   35.201351,       68.76,
 139.968829,   35.201351,       67.35,
 139.977838,   35.201351,       65.94,
 139.986847,   35.201351,       64.55,
 139.995856,   35.201351,       63.18,
 140.004865,   35.201351,       61.83,
 140.013874,   35.201351,       60.51,
 140.022883,   35.201351,       59.21,
 140.031892,   35.201351,       57.96,
 140.040901,   35.201351,       56.74,
 140.049910,   35.201351,       55.55,
 140.058919,   35.201351,       54.40,
 140.067928,   35.201351,       53.28,
 140.076937,   35.201351,       52.19,
 140.085946,   35.201351,       51.15,
 140.094955,   35.201351,       50.15,
 140.103964,   35.201351,       49.18,
 140.112973,   35.201351,       48.26,
 140.121982,   35.201351,       47.38,
 140.130991,   35.201351,       46.54,
 140.140000,   35.201351,       45.75,
 140.149009,   35.201351,       45.00,
 140.158018,   35.201351,       44.29,
 140.167027,   35.201351,       43.62,
 140.176036,   35.201351,       42.99,
 140.185045,   35.201351,       42.40,
 140.194054,   35.201351,       41.84,
 140.203063,   35.201351,       41.31,
 140.212072,   35.201351,       40.80,
 140.221081,   35.201351,       40.32,
 140.230090,   35.201351,       39.85,
 140.239099,   35.201351,       39.39,
 140.248108,   35.201351,       38.95,
 140.257117,   35.201351,       38.52,
 140.266126,   35.201351,       38.09,
 140.275135,   35.201351,       37.66,
 140.284144,   35.201351,       37.24,
 140.293153,   35.201351,       36.82,
 140.302162,   35.201351,       36.41,
 140.311171,   35.201351,       36.01,
 140.320180,   35.201351,       35.61,
 140.329189,   35.201351,       35.22,
 140.338198,   35.201351,       34.84,
 140.347207,   35.201351,       34.47,
 140.356216,   35.201351,       34.11,
 140.365225,   35.201351,       33.77,
 140.374234,   35.201351,       33.49,
 140.383243,   35.201351,       33.13,
 139.140000,   35.210360,       59.45,
 139.149009,   35.210360,       59.81,
 139.158018,   35.210360,       60.18,
 139.167027,   35.210360,       60.74,
 139.176036,   35.210360,       61.42,
 139.185045,   35.210360,       62.19,
 139.194054,   35.210360,       63.07,
 139.203063,   35.210360,       63.99,
 139.212072,   35.210360,       64.79,
 139.221081,   35.210360,       65.53,
 139.230090,   35.210360,       66.29,
 139.239099,   35.210360,       66.94,
 139.248108,   35.210360,       67.53,
 139.257117,   35.210360,       68.13,
 139.266126,   35.210360,       68.70,
 139.275135,   35.210360,       69.17,
 139.284144,   35.210360,       69.65,
 139.293153,   35.210360,       70.06,
 139.302162,   35.210360,       70.29,
 139.311171,   35.210360,       70.57,
 139.320180,   35.210360,       70.89,
 139.329189,   35.210360,       71.06,
 139.338198,   35.210360,       71.11,
 139.347207,   35.210360,       71.19,
 139.356216,   35.210360,       71.27,
 139.365225,   35.210360,       71.23,
 139.374234,   35.210360,       71.14,
 139.383243,   35.210360,       71.02,
 139.392252,   35.210360,       70.73,
 139.401261,   35.210360,       70.37,
 139.410270,   35.210360,       70.02,
 139.419279,   35.210360,       69.39,
 139.428288,   35.210360,       68.72,
 139.437297,   35.210360,       68.02,
 139.446306,   35.210360,       67.24,
 139.455315,   35.210360,       66.38,
 139.464324,   35.210360,       65.48,
 139.473333,   35.210360,       64.54,
 139.482342,   35.210360,       63.56,
 139.491351,   35.210360,       62.56,
 139.500360,   35.210360,       61.48,
 139.509369,   35.210360,       60.31,
 139.518378,   35.210360,       58.64,
 139.527387,   35.210360,       56.65,
 139.536396,   35.210360,       55.17,
 139.545405,   35.210360,       52.99,
 139.554414,   35.210360,       48.11,
 139.563423,   35.210360,       40.90,
 139.572432,   35.210360,       28.67,
 139.581441,   35.210360,       15.03,
 139.590450,   35.210360,      -12.87,
 139.599459,   35.210360,      191.14,
 139.608468,   35.210360,     3713.14,
 139.617477,   35.210360,    25881.55,
 139.626486,   35.210360,    40718.25,
 139.635495,   35.210360,    41319.10,
 139.644505,   35.210360,    34516.08,
 139.653514,   35.210360,    25871.10,
 139.662523,   35.210360,    16819.14,
 139.671532,   35.210360,     8535.21,
 139.680541,   35.210360,     1883.43,
 139.689550,   35.210360,       90.69,
 139.698559,   35.210360,       91.07,
 139.707568,   35.210360,       91.50,
 139.716577,   35.210360,       92.01,
 139.725586,   35.210360,       92.70,
 139.734595,   35.210360,       93.43,
 139.743604,   35.210360,       94.32,
 139.752613,   35.210360,       95.91,
 139.761622,   35.210360,       97.48,
 139.770631,   35.210360,       98.24,
 139.779640,   35.210360,       98.10,
 139.788649,   35.210360,       97.42,
 139.797658,   35.210360,       96.14,
 139.806667,   35.210360,       94.74,
 139.815676,   35.210360,       93.66,
 139.824685,   35.210360,       92.94,
 139.833694,   35.210360,       92.43,
 139.842703,   35.210360,       92.00,
 139.851712,   35.210360,       89.81,
 139.860721,   35.210360,       87.56,
 139.869730,   35.210360,       86.10,
 139.878739,   35.210360,       84.28,
 139.887748,   35.210360,       82.46,
 139.896757,   35.210360,       80.82,
 139.905766,   35.210360,       79.25,
 139.914775,   35.210360,       77.72,
 139.923784,   35.210360,       76.22,
 139.932793,   35.210360,       74.75,
 139.941802,   35.210360,       73.30,
 139.950811,   35.210360,       71.87,
 139.959820,   35.210360,       70.45,
 139.968829,   35.210360,       69.04,
 139.977838,   35.210360,       67.64,
 139.986847,   35.210360,       66.27,
 139.995856,   35.210360,       64.91,
 140.004865,   35.210360,       63.58,
 140.013874,   35.210360,       62.27,
 140.022883,   35.210360,       61.00,
 140.031892,   35.210360,       59.77,
 140.040901,   35.210360,       58.57,
 140.049910,   35.210360,       57.41,
 140.058919,   35.210360,       56.27,
 140.067928,   35.210360,       55.17,
 140.076937,   35.210360,       54.12,
 140.085946,   35.210360,       53.09,
 140.094955,   35.210360,       52.11,
 140.103964,   35.210360,       51.16,
 140.112973,   35.210360,       50.25,
 140.121982,   35.210360,       49.39,
 140.130991,   35.210360,       48.56,
 140.140000,   35.210360,       47.78,
 140.149009,   35.210360,       47.03,
 140.158018,   35.210360,       46.32,
 140.167027,   35.210360,       45.64,
 140.176036,   35.210360,       45.00,
 140.185045,   35.210360,       44.40,
 140.194054,   35.210360,       43.83,
 140.203063,   35.210360,       43.30,
 140.212072,   35.210360,       42.79,
 140.221081,   35.210360,       42.29,
 140.230090,   35.210360,       41.82,
 140.239099,   35.210360,       41.36,
 140.248108,   35.210360,       40.92,
 140.257117,   35.210360,       40.49,
 140.266126,   35.210360,       40.06,
 140.275135,   35.210360,       39.64,
 140.284144,   35.210360,       39.22,
 140.293153,   35.210360,       38.81,
 140.302162,   35.210360,       38.40,
 140.311171,   35.210360,       37.99,
 140.320180,   35.210360,       37.60,
 140.329189,   35.210360,       37.21,
 140.338198,   35.210360,       36.83,
 140.347207,   35.210360,       36.45,
 140.356216,   35.210360,       36.08,
 140.365225,   35.210360,       35.71,
 140.374234,   35.210360,       35.35,
 140.383243,   35.210360,       34.86,
 139.140000,   35.219369,       59.40,
 139.149009,   35.219369,       59.71,
 139.158018,   35.219369,       60.09,
 139.167027,   35.219369,       60.64,
 139.176036,   35.219369,       61.29,
 139.185045,   35.219369,       61.98,
 139.194054,   35.219369,       62.81,
 139.203063,   35.219369,       63.65,
 139.212072,   35.219369,       64.41,
 139.221081,   35.219369,       65.14,
 139.230090,   35.219369,       65.87,
 139.239099,   35.219369,       66.53,
 139.248108,   35.219369,       67.15,
 139.257117,   35.219369,       67.78,
 139.266126,   35.219369,       68.37,
 139.275135,   35.219369,       68.82,
 139.284144,   35.219369,       69.25,
 139.293153,   35.219369,       69.63,
 139.302162,   35.219369,       69.94,
 139.311171,   35.219369,       70.22,
 139.320180,   35.219369,       70.46,
 139.329189,   35.219369,       70.61,
 139.338198,   35.219369,       70.71,
 139.347207,   35.219369,       70.80,
 139.356216,   35.219369,       70.91,
 139.365225,   35.219369,       70.89,
 139.374234,   35.219369,       70.77,
 139.383243,   35.219369,       70.68,
 139.392252,   35.219369,       70.41,
 139.401261,   35.219369,       70.04,
 139.410270,   35.219369,       69.64,
 139.419279,   35.219369,       69.10,
 139.428288,   35.219369,       68.51,
 139.437297,   35.219369,       67.80,
 139.446306,   35.219369,       66.98,
 139.455315,   35.219369,       66.20,
 139.464324,   35.219369,       65.25,
 139.473333,   35.219369,       64.29,
 139.482342,   35.219369,       63.31,
 139.491351,   35.219369,       62.30,
 139.500360,   35.219369,       61.23,
 139.509369,   35.219369,       60.11,
 139.518378,   35.219369,       58.44,
 139.527387,   35.219369,       56.49,
 139.536396,   35.219369,       54.98,
 139.545405,   35.219369,       53.06,
 139.554414,   35.219369,       49.23,
 139.563423,   35.219369,       43.36,
 139.572432,   35.219369,       35.87,
 139.581441,   35.219369,       26.84,
 139.590450,   35.219369,       22.73,
 139.599459,   35.219369,      164.62,
 139.608468,   35.219369,     3603.90,
 139.617477,   35.219369,    33780.78,
 139.626486,   35.219369,    63808.86,
 139.635495,   35.219369,    52213.06,
 139.644505,   35.219369,    40948.65,
 139.653514,   35.219369,    30693.99,
 139.662523,   35.219369,    21223.23,
 139.671532,   35.219369,    12709.41,
 139.680541,   35.219369,     5532.03,
 139.689550,   35.219369,      828.10,
 139.698559,   35.219369,       93.38,
 139.707568,   35.219369,       93.69,
 139.716577,   35.219369,       94.38,
 139.725586,   35.219369,       94.88,
 139.734595,   35.219369,       95.17,
 139.743604,   35.219369,       96.32,
 139.752613,   35.219369,       97.95,
 139.761622,   35.219369,       99.13,
 139.770631,   35.219369,       99.60,
 139.779640,   35.219369,       99.39,
 139.788649,   35.219369,       98.57,
 139.797658,   35.219369,       97.37,
 139.806667,   35.219369,       96.08,
 139.815676,   35.219369,       94.72,
 139.824685,   35.219369,       93.41,
 139.833694,   35.219369,       92.45,
 139.842703,   35.219369,       92.03,
 139.851712,   35.219369,       91.55,
 139.860721,   35.219369,       90.28,
 139.869730,   35.219369,       88.35,
 139.878739,   35.219369,       86.02,
 139.887748,   35.219369,       84.17,
 139.896757,   35.219369,       82.49,
 139.905766,   35.219369,       80.90,
 139.914775,   35.219369,       79.37,
 139.923784,   35.219369,       77.87,
 139.932793,   35.219369,       76.41,
 139.941802,   35.219369,       74.97,
 139.950811,   35.219369,       73.54,
 139.959820,   35.219369,       72.13,
 139.968829,   35.219369,       70.73,
 139.977838,   35.219369,       69.34,
 139.986847,   35.219369,       67.98,
 139.995856,   35.219369,       66.64,
 140.004865,   35.219369,       65.33,
 140.013874,   35.219369,       64.04,
 140.022883,   35.219369,       62.80,
 140.031892,   35.219369,       61.59,
 140.040901,   35.219369,       60.40,
 140.049910,   35.219369,       59.25,
 140.058919,   35.219369,       58.14,
 140.067928,   35.219369,       57.07,
 140.076937,   35.219369,       56.03,
 140.085946,   35.219369,       55.02,
 140.094955,   35.219369,       54.06,
 140.103964,   35.219369,       53.13,
 140.112973,   35.219369,       52.23,
 140.121982,   35.219369,       51.38,
 140.130991,   35.219369,       50.56,
 140.140000,   35.219369,       49.78,
 140.149009,   35.219369,       49.04,
 140.158018,   35.219369,       48.32,
 140.167027,   35.219369,       47.64,
 140.176036,   35.219369,       47.00,
 140.185045,   35.219369,       46.40,
 140.194054,   35.219369,       45.83,
 140.203063,   35.219369,       45.28,
 140.212072,   35.219369,       44.77,
 140.221081,   35.219369,       44.27,
 140.230090,   35.219369,       43.80,
 140.239099,   35.219369,       43.34,
 140.248108,   35.219369,       42.89,
 140.257117,   35.219369,       42.46,
 140.266126,   35.219369,       42.03,
 140.275135,   35.219369,       41.61,
 140.284144,   35.219369,       41.19,
 140.293153,   35.219369,       40.77,
 140.302162,   35.219369,       40.36,
 140.311171,   35.219369,       39.95,
 140.320180,   35.219369,       39.55,
 140.329189,   35.219369,       39.15,
 140.338198,   35.219369,       38.75,
 140.347207,   35.219369,       38.35,
 140.356216,   35.219369,       37.95,
 140.365225,   35.219369,       37.55,
 140.374234,   35.219369,       37.09,
 140.383243,   35.219369,       36.60,
 139.140000,   35.228378,       59.37,
 139.149009,   35.228378,       59.66,
 139.158018,   35.228378,       60.02,
 139.167027,   35.228378,       60.48,
 139.176036,   35.228378,       61.08,
 139.185045,   35.228378,       61.74,
 139.194054,   35.228378,       62.49,
 139.203063,   35.228378,       63.26,
 139.212072,   35.228378,       63.95,
 139.221081,   35.228378,       64.63,
 139.230090,   35.228378,       65.32,
 139.239099,   35.228378,       65.96,
 139.248108,   35.228378,       66.60,
 139.257117,   35.228378,       67.22,
 139.266126,   35.228378,       67.78,
 139.275135,   35.228378,       68.33,
 139.284144,   35.228378,       68.75,
 139.293153,   35.228378,       69.12,
 139.302162,   35.228378,       69.49,
 139.311171,   35.228378,       69.74,
 139.320180,   35.228378,       69.91,
 139.329189,   35.228378,       70.07,
 139.338198,   35.228378,       70.20,
 139.347207,   35.228378,       70.29,
 139.356216,   35.228378,       70.38,
 139.365225,   35.228378,       70.44,
 139.374234,   35.228378,       70.36,
 139.383243,   35.228378,       70.22,
 139.392252,   35.228378,       69.98,
 139.401261,   35.228378,       69.63,
 139.410270,   35.228378,       69.29,
 139.419279,   35.228378,       68.72,
 139.428288,   35.228378,       68.13,
 139.437297,   35.228378,       67.43,
 139.446306,   35.228378,       66.64,
 139.455315,   35.228378,       65.80,
 139.464324,   35.228378,       64.92,
 139.473333,   35.228378,       63.97,
 139.482342,   35.228378,       62.97,
 139.491351,   35.228378,       61.92,
 139.500360,   35.228378,       60.87,
 139.509369,   35.228378,       59.82,
 139.518378,   35.228378,       58.45,
 139.527387,   35.228378,       56.57,
 139.536396,   35.228378,       55.04,
 139.545405,   35.228378,       53.35,
 139.554414,   35.228378,       50.20,
 139.563423,   35.228378,       46.34,
 139.572432,   35.228378,       42.63,
 139.581441,   35.228378,       26.13,
 139.590450,   35.228378,       45.43,
 139.599459,   35.228378,      271.00,
 139.608468,   35.228378,     4747.22,
 139.617477,   35.228378,    36112.19,
 139.626486,   35.228378,    50368.21,
 139.635495,   35.228378,    45665.30,
 139.644505,   35.228378,    38926.54,
 139.653514,   35.228378,    31289.93,
 139.662523,   35.228378,    22678.98,
 139.671532,   35.228378,    14630.45,
 139.680541,   35.228378,     7828.53,
 139.689550,   35.228378,     2434.72,
 139.698559,   35.228378,       96.91,
 139.707568,   35.228378,       96.41,
 139.716577,   35.228378,       96.57,
 139.725586,   35.228378,       96.38,
 139.734595,   35.228378,       96.81,
 139.743604,   35.228378,       98.17,
 139.752613,   35.228378,       99.62,
 139.761622,   35.228378,      100.57,
 139.770631,   35.228378,      100.69,
 139.779640,   35.228378,      100.20,
 139.788649,   35.228378,       99.35,
 139.797658,   35.228378,       98.27,
 139.806667,   35.228378,       96.95,
 139.815676,   35.228378,       95.58,
 139.824685,   35.228378,       94.26,
 139.833694,   35.228378,       93.05,
 139.842703,   35.228378,       91.94,
 139.851712,   35.228378,       91.14,
 139.860721,   35.228378,       90.94,
 139.869730,   35.228378,       90.33,
 139.878739,   35.228378,       87.63,
 139.887748,   35.228378,       85.78,
 139.896757,   35.228378,       84.11,
 139.905766,   35.228378,       82.53,
 139.914775,   35.228378,       81.00,
 139.923784,   35.228378,       79.52,
 139.932793,   35.228378,       78.06,
 139.941802,   35.228378,       76.63,
 139.950811,   35.228378,       75.21,
 139.959820,   35.228378,       73.81,
 139.968829,   35.228378,       72.42,
 139.977838,   35.228378,       71.05,
 139.986847,   35.228378,       69.70,
 139.995856,   35.228378,       68.37,
 140.004865,   35.228378,       67.08,
 140.013874,   35.228378,       65.82,
 140.022883,   35.228378,       64.59,
 140.031892,   35.228378,       63.39,
 140.040901,   35.228378,       62.23,
 140.049910,   35.228378,       61.10,
 140.058919,   35.228378,       60.00,
 140.067928,   35.228378,       58.95,
 140.076937,   35.228378,       57.93,
 140.085946,   35.228378,       56.94,
 140.094955,   35.228378,       55.99,
 140.103964,   35.228378,       55.08,
 140.112973,   35.228378,       54.20,
 140.121982,   35.228378,       53.35,
 140.130991,   35.228378,       52.55,
 140.140000,   35.228378,       51.77,
 140.149009,   35.228378,       51.03,
 140.158018,   35.228378,       50.31,
 140.167027,   35.228378,       49.64,
 140.176036,   35.228378,       49.00,
 140.185045,   35.228378,       48.39,
 140.194054,   35.228378,       47.82,
 140.203063,   35.228378,       47.27,
 140.212072,   35.228378,       46.75,
 140.221081,   35.228378,       46.25,
 140.230090,   35.228378,       45.77,
 140.239099,   35.228378,       45.30,
 140.248108,   35.228378,       44.85,
 140.257117,   35.228378,       44.42,
 140.266126,   35.228378,       43.99,
 140.275135,   35.228378,       43.56,
 140.284144,   35.228378,       43.14,
 140.293153,   35.228378,       42.72,
 140.302162,   35.228378,       42.30,
 140.311171,   35.228378,       41.88,
 140.320180,   35.228378,       41.46,
 140.329189,   35.228378,       41.04,
 140.338198,   35.228378,       40.62,
 140.347207,   35.228378,       40.20,
 140.356216,   35.228378,       39.76,
 140.365225,   35.228378,       39.31,
 140.374234,   35.228378,       38.85,
 140.383243,   35.228378,       38.36,
 139.140000,   35.237387,       59.38,
 139.149009,   35.237387,       59.66,
 139.158018,   35.237387,       59.93,
 139.167027,   35.237387,       60.34,
 139.176036,   35.237387,       60.87,
 139.185045,   35.237387,       61.43,
 139.194054,   35.237387,       62.06,
 139.203063,   35.237387,       62.75,
 139.212072,   35.237387,       63.41,
 139.221081,   35.237387,       64.08,
 139.230090,   35.237387,       64.72,
 139.239099,   35.237387,       65.34,
 139.248108,   35.237387,       65.99,
 139.257117,   35.237387,       66.60,
 139.266126,   35.237387,       67.15,
 139.275135,   35.237387,       67.70,
 139.284144,   35.237387,       68.17,
 139.293153,   35.237387,       68.55,
 139.302162,   35.237387,       68.91,
 139.311171,   35.237387,       69.14,
 139.320180,   35.237387,       69.31,
 139.329189,   35.237387,       69.50,
 139.338198,   35.237387,       69.68,
 139.347207,   35.237387,       69.75,
 139.356216,   35.237387,       69.82,
 139.365225,   35.237387,       69.90,
 139.374234,   35.237387,       69.84,
 139.383243,   35.237387,       69.66,
 139.392252,   35.237387,       69.45,
 139.401261,   35.237387,       69.12,
 139.410270,   35.237387,       68.77,
 139.419279,   35.237387,       68.27,
 139.428288,   35.237387,       67.71,
 139.437297,   35.237387,       66.94,
 139.446306,   35.237387,       66.19,
 139.455315,   35.237387,       65.35,
 139.464324,   35.237387,       64.49,
 139.473333,   35.237387,       63.53,
 139.482342,   35.237387,       62.56,
 139.491351,   35.237387,       61.45,
 139.500360,   35.237387,       60.48,
 139.509369,   35.237387,       59.51,
 139.518378,   35.237387,       58.42,
 139.527387,   35.237387,       56.62,
 139.536396,   35.237387,       55.05,
 139.545405,   35.237387,       53.48,
 139.554414,   35.237387,       51.25,
 139.563423,   35.237387,       48.35,
 139.572432,   35.237387,       44.23,
 139.581441,   35.237387,       34.17,
 139.590450,   35.237387,        8.04,
 139.599459,   35.237387,      190.53,
 139.608468,   35.237387,    10917.08,
 139.617477,   35.237387,    28714.17,
 139.626486,   35.237387,    36303.71,
 139.635495,   35.237387,    36007.08,
 139.644505,   35.237387,    32820.49,
 139.653514,   35.237387,    28075.43,
 139.662523,   35.237387,    22020.12,
 139.671532,   35.237387,    14955.09,
 139.680541,   35.237387,     8595.86,
 139.689550,   35.237387,     3401.46,
 139.698559,   35.237387,      289.66,
 139.707568,   35.237387,       99.04,
 139.716577,   35.237387,       98.90,
 139.725586,   35.237387,       98.38,
 139.734595,   35.237387,       98.19,
 139.743604,   35.237387,       99.69,
 139.752613,   35.237387,      101.09,
 139.761622,   35.237387,      101.62,
 139.770631,   35.237387,      101.38,
 139.779640,   35.237387,      100.68,
 139.788649,   35.237387,       99.81,
 139.797658,   35.237387,       98.76,
 139.806667,   35.237387,       97.57,
 139.815676,   35.237387,       96.23,
 139.824685,   35.237387,       94.89,
 139.833694,   35.237387,       93.55,
 139.842703,   35.237387,       92.21,
 139.851712,   35.237387,       91.11,
 139.860721,   35.237387,       90.55,
 139.869730,   35.237387,       90.39,
 139.878739,   35.237387,       88.96,
 139.887748,   35.237387,       87.27,
 139.896757,   35.237387,       85.65,
 139.905766,   35.237387,       84.10,
 139.914775,   35.237387,       82.60,
 139.923784,   35.237387,       81.13,
 139.932793,   35.237387,       79.70,
 139.941802,   35.237387,       78.28,
 139.950811,   35.237387,       76.88,
 139.959820,   35.237387,       75.48,
 139.968829,   35.237387,       74.11,
 139.977838,   35.237387,       72.75,
 139.986847,   35.237387,       71.42,
 139.995856,   35.237387,       70.10,
 140.004865,   35.237387,       68.83,
 140.013874,   35.237387,       67.58,
 140.022883,   35.237387,       66.37,
 140.031892,   35.237387,       65.19,
 140.040901,   35.237387,       64.04,
 140.049910,   35.237387,       62.93,
 140.058919,   35.237387,       61.86,
 140.067928,   35.237387,       60.82,
 140.076937,   35.237387,       59.82,
 140.085946,   35.237387,       58.85,
 140.094955,   35.237387,       57.92,
 140.103964,   35.237387,       57.01,
 140.112973,   35.237387,       56.15,
 140.121982,   35.237387,       55.31,
 140.130991,   35.237387,       54.51,
 140.140000,   35.237387,       53.74,
 140.149009,   35.237387,       53.00,
 140.158018,   35.237387,       52.29,
 140.167027,   35.237387,       51.62,
 140.176036,   35.237387,       50.98,
 140.185045,   35.237387,       50.37,
 140.194054,   35.237387,       49.80,
 140.203063,   35.237387,       49.25,
 140.212072,   35.237387,       48.73,
 140.221081,   35.237387,       48.22,
 140.230090,   35.237387,       47.74,
 140.239099,   35.237387,       47.27,
 140.248108,   35.237387,       46.81,
 140.257117,   35.237387,       46.37,
 140.266126,   35.237387,       45.93,
 140.275135,   35.237387,       45.50,
 140.284144,   35.237387,       45.07,
 140.293153,   35.237387,       44.64,
 140.302162,   35.237387,       44.21,
 140.311171,   35.237387,       43.77,
 140.320180,   35.237387,       43.33,
 140.329189,   35.237387,       42.89,
 140.338198,   35.237387,       42.44,
 140.347207,   35.237387,       41.99,
 140.356216,   35.237387,       41.52,
 140.365225,   35.237387,       41.08,
 140.374234,   35.237387,       40.62,
 140.383243,   35.237387,       40.14,
 139.140000,   35.246396,       59.42,
 139.149009,   35.246396,       59.12,
 139.158018,   35.246396,       59.82,
 139.167027,   35.246396,       60.16,
 139.176036,   35.246396,       60.60,
 139.185045,   35.246396,       61.09,
 139.194054,   35.246396,       61.63,
 139.203063,   35.246396,       62.20,
 139.212072,   35.246396,       62.82,
 139.221081,   35.246396,       63.45,
 139.230090,   35.246396,       64.04,
 139.239099,   35.246396,       64.65,
 139.248108,   35.246396,       65.25,
 139.257117,   35.246396,       65.83,
 139.266126,   35.246396,       66.43,
 139.275135,   35.246396,       66.99,
 139.284144,   35.246396,       67.49,
 139.293153,   35.246396,       67.88,
 139.302162,   35.246396,       68.20,
 139.311171,   35.246396,       68.46,
 139.320180,   35.246396,       68.65,
 139.329189,   35.246396,       68.84,
 139.338198,   35.246396,       69.03,
 139.347207,   35.246396,       69.11,
 139.356216,   35.246396,       69.16,
 139.365225,   35.246396,       69.23,
 139.374234,   35.246396,       69.16,
 139.383243,   35.246396,       69.01,
 139.392252,   35.246396,       68.85,
 139.401261,   35.246396,       68.51,
 139.410270,   35.246396,       68.18,
 139.419279,   35.246396,       67.66,
 139.428288,   35.246396,       67.05,
 139.437297,   35.246396,       66.33,
 139.446306,   35.246396,       65.57,
 139.455315,   35.246396,       64.78,
 139.464324,   35.246396,       63.87,
 139.473333,   35.246396,       62.89,
 139.482342,   35.246396,       61.81,
 139.491351,   35.246396,       60.80,
 139.500360,   35.246396,       59.94,
 139.509369,   35.246396,       59.21,
 139.518378,   35.246396,       58.26,
 139.527387,   35.246396,       56.73,
 139.536396,   35.246396,       55.28,
 139.545405,   35.246396,       53.80,
 139.554414,   35.246396,       51.97,
 139.563423,   35.246396,       49.80,
 139.572432,   35.246396,       44.37,
 139.581441,   35.246396,       39.22,
 139.590450,   35.246396,       43.10,
 139.599459,   35.246396,      507.51,
 139.608468,   35.246396,     9362.54,
 139.617477,   35.246396,    20388.42,
 139.626486,   35.246396,    26506.95,
 139.635495,   35.246396,    27885.34,
 139.644505,   35.246396,    26751.24,
 139.653514,   35.246396,    23939.58,
 139.662523,   35.246396,    19654.63,
 139.671532,   35.246396,    14061.10,
 139.680541,   35.246396,     8239.31,
 139.689550,   35.246396,     3518.37,
 139.698559,   35.246396,      337.30,
 139.707568,   35.246396,      101.74,
 139.716577,   35.246396,      101.41,
 139.725586,   35.246396,      100.53,
 139.734595,   35.246396,       99.17,
 139.743604,   35.246396,      100.94,
 139.752613,   35.246396,      102.17,
 139.761622,   35.246396,      102.39,
 139.770631,   35.246396,      101.77,
 139.779640,   35.246396,      100.87,
 139.788649,   35.246396,       99.97,
 139.797658,   35.246396,       99.04,
 139.806667,   35.246396,       97.94,
 139.815676,   35.246396,       96.67,
 139.824685,   35.246396,       95.35,
 139.833694,   35.246396,       93.92,
 139.842703,   35.246396,       92.51,
 139.851712,   35.246396,       91.23,
 139.860721,   35.246396,       90.56,
 139.869730,   35.246396,       90.44,
 139.878739,   35.246396,       89.82,
 139.887748,   35.246396,       88.54,
 139.896757,   35.246396,       87.09,
 139.905766,   35.246396,       85.61,
 139.914775,   35.246396,       84.15,
 139.923784,   35.246396,       82.73,
 139.932793,   35.246396,       81.31,
 139.941802,   35.246396,       79.91,
 139.950811,   35.246396,       78.52,
 139.959820,   35.246396,       77.15,
 139.968829,   35.246396,       75.79,
 139.977838,   35.246396,       74.45,
 139.986847,   35.246396,       73.13,
 139.995856,   35.246396,       71.83,
 140.004865,   35.246396,       70.57,
 140.013874,   35.246396,       69.34,
 140.022883,   35.246396,       68.14,
 140.031892,   35.246396,       66.98,
 140.040901,   35.246396,       65.85,
 140.049910,   35.246396,       64.76,
 140.058919,   35.246396,       63.71,
 140.067928,   35.246396,       62.69,
 140.076937,   35.246396,       61.70,
 140.085946,   35.246396,       60.75,
 140.094955,   35.246396,       59.83,
 140.103964,   35.246396,       58.94,
 140.112973,   35.246396,       58.08,
 140.121982,   35.246396,       57.25,
 140.130991,   35.246396,       56.46,
 140.140000,   35.246396,       55.70,
 140.149009,   35.246396,       54.96,
 140.158018,   35.246396,       54.26,
 140.167027,   35.246396,       53.59,
 140.176036,   35.246396,       52.96,
 140.185045,   35.246396,       52.35,
 140.194054,   35.246396,       51.77,
 140.203063,   35.246396,       51.22,
 140.212072,   35.246396,       50.70,
 140.221081,   35.246396,       50.19,
 140.230090,   35.246396,       49.70,
 140.239099,   35.246396,       49.22,
 140.248108,   35.246396,       48.76,
 140.257117,   35.246396,       48.30,
 140.266126,   35.246396,       47.86,
 140.275135,   35.246396,       47.42,
 140.284144,   35.246396,       46.97,
 140.293153,   35.246396,       46.53,
 140.302162,   35.246396,       46.08,
 140.311171,   35.246396,       45.62,
 140.320180,   35.246396,       45.16,
 140.329189,   35.246396,       44.70,
 140.338198,   35.246396,       44.22,
 140.347207,   35.246396,       43.74,
 140.356216,   35.246396,       43.30,
 140.365225,   35.246396,       42.86,
 140.374234,   35.246396,       42.41,
 140.383243,   35.246396,       41.93,
 139.140000,   35.255405,       58.77,
 139.149009,   35.255405,       56.97,
 139.158018,   35.255405,       56.82,
 139.167027,   35.255405,       59.96,
 139.176036,   35.255405,       60.29,
 139.185045,   35.255405,       60.67,
 139.194054,   35.255405,       61.13,
 139.203063,   35.255405,       61.65,
 139.212072,   35.255405,       62.21,
 139.221081,   35.255405,       62.78,
 139.230090,   35.255405,       63.35,
 139.239099,   35.255405,       63.92,
 139.248108,   35.255405,       64.46,
 139.257117,   35.255405,       65.04,
 139.266126,   35.255405,       65.60,
 139.275135,   35.255405,       66.20,
 139.284144,   35.255405,       66.70,
 139.293153,   35.255405,       67.13,
 139.302162,   35.255405,       67.46,
 139.311171,   35.255405,       67.74,
 139.320180,   35.255405,       67.91,
 139.329189,   35.255405,       68.08,
 139.338198,   35.255405,       68.24,
 139.347207,   35.255405,       68.35,
 139.356216,   35.255405,       68.44,
 139.365225,   35.255405,       68.51,
 139.374234,   35.255405,       68.41,
 139.383243,   35.255405,       68.23,
 139.392252,   35.255405,       68.02,
 139.401261,   35.255405,       67.71,
 139.410270,   35.255405,       67.34,
 139.419279,   35.255405,       66.84,
 139.428288,   35.255405,       66.26,
 139.437297,   35.255405,       65.55,
 139.446306,   35.255405,       64.74,
 139.455315,   35.255405,       63.88,
 139.464324,   35.255405,       62.92,
 139.473333,   35.255405,       61.90,
 139.482342,   35.255405,       60.88,
 139.491351,   35.255405,       60.09,
 139.500360,   35.255405,       59.40,
 139.509369,   35.255405,       58.89,
 139.518378,   35.255405,       57.91,
 139.527387,   35.255405,       56.69,
 139.536396,   35.255405,       55.40,
 139.545405,   35.255405,       54.03,
 139.554414,   35.255405,       51.99,
 139.563423,   35.255405,       48.70,
 139.572432,   35.255405,       43.62,
 139.581441,   35.255405,       36.89,
 139.590450,   35.255405,       49.59,
 139.599459,   35.255405,      717.83,
 139.608468,   35.255405,     6424.69,
 139.617477,   35.255405,    13655.34,
 139.626486,   35.255405,    18909.15,
 139.635495,   35.255405,    21064.37,
 139.644505,   35.255405,    21123.55,
 139.653514,   35.255405,    19626.58,
 139.662523,   35.255405,    16645.45,
 139.671532,   35.255405,    12223.43,
 139.680541,   35.255405,     7100.75,
 139.689550,   35.255405,     2861.45,
 139.698559,   35.255405,      143.56,
 139.707568,   35.255405,      104.56,
 139.716577,   35.255405,      104.10,
 139.725586,   35.255405,      102.99,
 139.734595,   35.255405,      101.79,
 139.743604,   35.255405,      102.55,
 139.752613,   35.255405,      103.11,
 139.761622,   35.255405,      102.68,
 139.770631,   35.255405,      101.80,
 139.779640,   35.255405,      100.79,
 139.788649,   35.255405,       99.91,
 139.797658,   35.255405,       99.04,
 139.806667,   35.255405,       98.04,
 139.815676,   35.255405,       96.87,
 139.824685,   35.255405,       95.54,
 139.833694,   35.255405,       94.08,
 139.842703,   35.255405,       92.57,
 139.851712,   35.255405,       91.27,
 139.860721,   35.255405,       90.49,
 139.869730,   35.255405,       90.99,
 139.878739,   35.255405,       90.64,
 139.887748,   35.255405,       89.62,
 139.896757,   35.255405,       88.37,
 139.905766,   35.255405,       87.03,
 139.914775,   35.255405,       85.66,
 139.923784,   35.255405,       84.28,
 139.932793,   35.255405,       82.90,
 139.941802,   35.255405,       81.53,
 139.950811,   35.255405,       80.16,
 139.959820,   35.255405,       78.80,
 139.968829,   35.255405,       77.46,
 139.977838,   35.255405,       76.13,
 139.986847,   35.255405,       74.82,
 139.995856,   35.255405,       73.55,
 140.004865,   35.255405,       72.30,
 140.013874,   35.255405,       71.09,
 140.022883,   35.255405,       69.90,
 140.031892,   35.255405,       68.76,
 140.040901,   35.255405,       67.65,
 140.049910,   35.255405,       66.58,
 140.058919,   35.255405,       65.55,
 140.067928,   35.255405,       64.55,
 140.076937,   35.255405,       63.57,
 140.085946,   35.255405,       62.63,
 140.094955,   35.255405,       61.72,
 140.103964,   35.255405,       60.85,
 140.112973,   35.255405,       60.00,
 140.121982,   35.255405,       59.18,
 140.130991,   35.255405,       58.40,
 140.140000,   35.255405,       57.64,
 140.149009,   35.255405,       56.91,
 140.158018,   35.255405,       56.22,
 140.167027,   35.255405,       55.55,
 140.176036,   35.255405,       54.92,
 140.185045,   35.255405,       54.32,
 140.194054,   35.255405,       53.74,
 140.203063,   35.255405,       53.18,
 140.212072,   35.255405,       52.66,
 140.221081,   35.255405,       52.14,
 140.230090,   35.255405,       51.65,
 140.239099,   35.255405,       51.16,
 140.248108,   35.255405,       50.69,
 140.257117,   35.255405,       50.22,
 140.266126,   35.255405,       49.76,
 140.275135,   35.255405,       49.31,
 140.284144,   35.255405,       48.85,
 140.293153,   35.255405,       48.38,
 140.302162,   35.255405,       47.91,
 140.311171,   35.255405,       47.44,
 140.320180,   35.255405,       46.96,
 140.329189,   35.255405,       46.47,
 140.338198,   35.255405,       45.97,
 140.347207,   35.255405,       45.50,
 140.356216,   35.255405,       45.09,
 140.365225,   35.255405,       44.66,
 140.374234,   35.255405,       44.21,
 140.383243,   35.255405,       43.75,
 139.140000,   35.264414,       55.67,
 139.149009,   35.264414,       53.17,
 139.158018,   35.264414,       52.32,
 139.167027,   35.264414,       53.12,
 139.176036,   35.264414,       55.57,
 139.185045,   35.264414,       60.32,
 139.194054,   35.264414,       60.73,
 139.203063,   35.264414,       61.12,
 139.212072,   35.264414,       61.63,
 139.221081,   35.264414,       62.11,
 139.230090,   35.264414,       62.63,
 139.239099,   35.264414,       63.14,
 139.248108,   35.264414,       63.65,
 139.257117,   35.264414,       64.18,
 139.266126,   35.264414,       64.71,
 139.275135,   35.264414,       65.28,
 139.284144,   35.264414,       65.83,
 139.293153,   35.264414,       66.32,
 139.302162,   35.264414,       66.65,
 139.311171,   35.264414,       66.91,
 139.320180,   35.264414,       67.11,
 139.329189,   35.264414,       67.29,
 139.338198,   35.264414,       67.43,
 139.347207,   35.264414,       67.58,
 139.356216,   35.264414,       67.64,
 139.365225,   35.264414,       67.61,
 139.374234,   35.264414,       67.53,
 139.383243,   35.264414,       67.35,
 139.392252,   35.264414,       67.07,
 139.401261,   35.264414,       66.65,
 139.410270,   35.264414,       66.25,
 139.419279,   35.264414,       65.84,
 139.428288,   35.264414,       65.24,
 139.437297,   35.264414,       64.53,
 139.446306,   35.264414,       63.72,
 139.455315,   35.264414,       62.76,
 139.464324,   35.264414,       61.64,
 139.473333,   35.264414,       60.62,
 139.482342,   35.264414,       59.88,
 139.491351,   35.264414,       59.37,
 139.500360,   35.264414,       58.93,
 139.509369,   35.264414,       58.22,
 139.518378,   35.264414,       57.33,
 139.527387,   35.264414,       56.21,
 139.536396,   35.264414,       55.00,
 139.545405,   35.264414,       53.25,
 139.554414,   35.264414,       50.88,
 139.563423,   35.264414,       47.41,
 139.572432,   35.264414,       42.05,
 139.581441,   35.264414,       43.28,
 139.590450,   35.264414,       52.76,
 139.599459,   35.264414,      344.17,
 139.608468,   35.264414,     3664.55,
 139.617477,   35.264414,     8524.11,
 139.626486,   35.264414,    12763.43,
 139.635495,   35.264414,    15188.41,
 139.644505,   35.264414,    16022.45,
 139.653514,   35.264414,    15425.01,
 139.662523,   35.264414,    13436.89,
 139.671532,   35.264414,     9875.33,
 139.680541,   35.264414,     5415.04,
 139.689550,   35.264414,     1639.13,
 139.698559,   35.264414,      107.52,
 139.707568,   35.264414,      107.53,
 139.716577,   35.264414,      107.08,
 139.725586,   35.264414,      106.51,
 139.734595,   35.264414,      106.25,
 139.743604,   35.264414,      104.50,
 139.752613,   35.264414,      103.41,
 139.761622,   35.264414,      102.57,
 139.770631,   35.264414,      101.37,
 139.779640,   35.264414,      100.41,
 139.788649,   35.264414,       99.59,
 139.797658,   35.264414,       98.85,
 139.806667,   35.264414,       97.90,
 139.815676,   35.264414,       96.76,
 139.824685,   35.264414,       95.42,
 139.833694,   35.264414,       94.02,
 139.842703,   35.264414,       92.47,
 139.851712,   35.264414,       91.14,
 139.860721,   35.264414,       90.38,
 139.869730,   35.264414,       91.78,
 139.878739,   35.264414,       91.55,
 139.887748,   35.264414,       90.72,
 139.896757,   35.264414,       89.62,
 139.905766,   35.264414,       88.39,
 139.914775,   35.264414,       87.10,
 139.923784,   35.264414,       85.79,
 139.932793,   35.264414,       84.45,
 139.941802,   35.264414,       83.11,
 139.950811,   35.264414,       81.77,
 139.959820,   35.264414,       80.43,
 139.968829,   35.264414,       79.11,
 139.977838,   35.264414,       77.80,
 139.986847,   35.264414,       76.51,
 139.995856,   35.264414,       75.25,
 140.004865,   35.264414,       74.03,
 140.013874,   35.264414,       72.83,
 140.022883,   35.264414,       71.66,
 140.031892,   35.264414,       70.54,
 140.040901,   35.264414,       69.45,
 140.049910,   35.264414,       68.40,
 140.058919,   35.264414,       67.38,
 140.067928,   35.264414,       66.39,
 140.076937,   35.264414,       65.44,
 140.085946,   35.264414,       64.51,
 140.094955,   35.264414,       63.61,
 140.103964,   35.264414,       62.74,
 140.112973,   35.264414,       61.91,
 140.121982,   35.264414,       61.10,
 140.130991,   35.264414,       60.32,
 140.140000,   35.264414,       59.57,
 140.149009,   35.264414,       58.85,
 140.158018,   35.264414,       58.17,
 140.167027,   35.264414,       57.51,
 140.176036,   35.264414,       56.87,
 140.185045,   35.264414,       56.27,
 140.194054,   35.264414,       55.69,
 140.203063,   35.264414,       55.14,
 140.212072,   35.264414,       54.60,
 140.221081,   35.264414,       54.09,
 140.230090,   35.264414,       53.58,
 140.239099,   35.264414,       53.08,
 140.248108,   35.264414,       52.60,
 140.257117,   35.264414,       52.12,
 140.266126,   35.264414,       51.64,
 140.275135,   35.264414,       51.17,
 140.284144,   35.264414,       50.69,
 140.293153,   35.264414,       50.21,
 140.302162,   35.264414,       49.72,
 140.311171,   35.264414,       49.23,
 140.320180,   35.264414,       48.72,
 140.329189,   35.264414,       48.21,
 140.338198,   35.264414,       47.69,
 140.347207,   35.264414,       47.30,
 140.356216,   35.264414,       46.90,
 140.365225,   35.264414,       46.47,
 140.374234,   35.264414,       46.03,
 140.383243,   35.264414,       45.58,
 139.140000,   35.273423,       50.92,
 139.149009,   35.273423,       47.72,
 139.158018,   35.273423,       46.18,
 139.167027,   35.273423,       46.28,
 139.176036,   35.273423,       48.03,
 139.185045,   35.273423,       51.44,
 139.194054,   35.273423,       58.18,
 139.203063,   35.273423,       60.77,
 139.212072,   35.273423,       61.14,
 139.221081,   35.273423,       61.49,
 139.230090,   35.273423,       61.94,
 139.239099,   35.273423,       62.37,
 139.248108,   35.273423,       62.83,
 139.257117,   35.273423,       63.27,
 139.266126,   35.273423,       63.72,
 139.275135,   35.273423,       64.26,
 139.284144,   35.273423,       64.85,
 139.293153,   35.273423,       65.37,
 139.302162,   35.273423,       65.79,
 139.311171,   35.273423,       66.05,
 139.320180,   35.273423,       66.25,
 139.329189,   35.273423,       66.42,
 139.338198,   35.273423,       66.57,
 139.347207,   35.273423,       66.68,
 139.356216,   35.273423,       66.69,
 139.365225,   35.273423,       66.65,
 139.374234,   35.273423,       66.54,
 139.383243,   35.273423,       66.14,
 139.392252,   35.273423,       65.76,
 139.401261,   35.273423,       65.39,
 139.410270,   35.273423,       64.98,
 139.419279,   35.273423,       64.52,
 139.428288,   35.273423,       63.96,
 139.437297,   35.273423,       63.12,
 139.446306,   35.273423,       62.23,
 139.455315,   35.273423,       61.17,
 139.464324,   35.273423,       60.05,
 139.473333,   35.273423,       59.30,
 139.482342,   35.273423,       58.91,
 139.491351,   35.273423,       58.52,
 139.500360,   35.273423,       57.98,
 139.509369,   35.273423,       57.19,
 139.518378,   35.273423,       56.21,
 139.527387,   35.273423,       55.07,
 139.536396,   35.273423,       53.57,
 139.545405,   35.273423,       51.62,
 139.554414,   35.273423,       48.91,
 139.563423,   35.273423,       45.29,
 139.572432,   35.273423,       41.13,
 139.581441,   35.273423,       47.85,
 139.590450,   35.273423,       56.05,
 139.599459,   35.273423,       70.43,
 139.608468,   35.273423,     1441.63,
 139.617477,   35.273423,     4443.91,
 139.626486,   35.273423,     7467.63,
 139.635495,   35.273423,     9922.21,
 139.644505,   35.273423,    11228.32,
 139.653514,   35.273423,    11298.89,
 139.662523,   35.273423,    10017.43,
 139.671532,   35.273423,     6972.32,
 139.680541,   35.273423,     3337.33,
 139.689550,   35.273423,      109.06,
 139.698559,   35.273423,      108.71,
 139.707568,   35.273423,      108.33,
 139.716577,   35.273423,      107.92,
 139.725586,   35.273423,      107.34,
 139.734595,   35.273423,      106.24,
 139.743604,   35.273423,      104.75,
 139.752613,   35.273423,      103.28,
 139.761622,   35.273423,      101.90,
 139.770631,   35.273423,      100.71,
 139.779640,   35.273423,       99.78,
 139.788649,   35.273423,       99.12,
 139.797658,   35.273423,       98.49,
 139.806667,   35.273423,       97.55,
 139.815676,   35.273423,       96.44,
 139.824685,   35.273423,       95.11,
 139.833694,   35.273423,       93.72,
 139.842703,   35.273423,       92.30,
 139.851712,   35.273423,       90.96,
 139.860721,   35.273423,       91.18,
 139.869730,   35.273423,       92.69,
 139.878739,   35.273423,       92.56,
 139.887748,   35.273423,       91.87,
 139.896757,   35.273423,       90.89,
 139.905766,   35.273423,       89.76,
 139.914775,   35.273423,       88.54,
 139.923784,   35.273423,       87.27,
 139.932793,   35.273423,       85.98,
 139.941802,   35.273423,       84.67,
 139.950811,   35.273423,       83.36,
 139.959820,   35.273423,       82.05,
 139.968829,   35.273423,       80.75,
 139.977838,   35.273423,       79.46,
 139.986847,   35.273423,       78.19,
 139.995856,   35.273423,       76.96,
 140.004865,   35.273423,       75.75,
 140.013874,   35.273423,       74.56,
 140.022883,   35.273423,       73.42,
 140.031892,   35.273423,       72.32,
 140.040901,   35.273423,       71.25,
 140.049910,   35.273423,       70.21,
 140.058919,   35.273423,       69.21,
 140.067928,   35.273423,       68.23,
 140.076937,   35.273423,       67.29,
 140.085946,   35.273423,       66.37,
 140.094955,   35.273423,       65.49,
 140.103964,   35.273423,       64.63,
 140.112973,   35.273423,       63.80,
 140.121982,   35.273423,       63.00,
 140.130991,   35.273423,       62.23,
 140.140000,   35.273423,       61.49,
 140.149009,   35.273423,       60.78,
 140.158018,   35.273423,       60.10,
 140.167027,   35.273423,       59.45,
 140.176036,   35.273423,       58.82,
 140.185045,   35.273423,       58.21,
 140.194054,   35.273423,       57.63,
 140.203063,   35.273423,       57.08,
 140.212072,   35.273423,       56.54,
 140.221081,   35.273423,       56.01,
 140.230090,   35.273423,       55.49,
 140.239099,   35.273423,       54.99,
 140.248108,   35.273423,       54.49,
 140.257117,   35.273423,       53.99,
 140.266126,   35.273423,       53.50,
 140.275135,   35.273423,       53.01,
 140.284144,   35.273423,       52.51,
 140.293153,   35.273423,       52.01,
 140.302162,   35.273423,       51.50,
 140.311171,   35.273423,       50.98,
 140.320180,   35.273423,       50.46,
 140.329189,   35.273423,       49.92,
 140.338198,   35.273423,       49.51,
 140.347207,   35.273423,       49.12,
 140.356216,   35.273423,       48.72,
 140.365225,   35.273423,       48.31,
 140.374234,   35.273423,       47.87,
 140.383243,   35.273423,       47.42,
 139.140000,   35.282432,       44.51,
 139.149009,   35.282432,       40.62,
 139.158018,   35.282432,       38.38,
 139.167027,   35.282432,       37.79,
 139.176036,   35.282432,       38.85,
 139.185045,   35.282432,       41.55,
 139.194054,   35.282432,       45.91,
 139.203063,   35.282432,       51.92,
 139.212072,   35.282432,       60.65,
 139.221081,   35.282432,       61.10,
 139.230090,   35.282432,       61.42,
 139.239099,   35.282432,       61.73,
 139.248108,   35.282432,       62.07,
 139.257117,   35.282432,       62.42,
 139.266126,   35.282432,       62.79,
 139.275135,   35.282432,       63.23,
 139.284144,   35.282432,       63.73,
 139.293153,   35.282432,       64.34,
 139.302162,   35.282432,       64.81,
 139.311171,   35.282432,       65.12,
 139.320180,   35.282432,       65.36,
 139.329189,   35.282432,       65.51,
 139.338198,   35.282432,       65.65,
 139.347207,   35.282432,       65.67,
 139.356216,   35.282432,       65.67,
 139.365225,   35.282432,       65.52,
 139.374234,   35.282432,       65.17,
 139.383243,   35.282432,       64.80,
 139.392252,   35.282432,       64.43,
 139.401261,   35.282432,       64.02,
 139.410270,   35.282432,       63.55,
 139.419279,   35.282432,       62.98,
 139.428288,   35.282432,       62.22,
 139.437297,   35.282432,       61.42,
 139.446306,   35.282432,       60.49,
 139.455315,   35.282432,       59.21,
 139.464324,   35.282432,       58.02,
 139.473333,   35.282432,       57.27,
 139.482342,   35.282432,       56.98,
 139.491351,   35.282432,       56.72,
 139.500360,   35.282432,       56.14,
 139.509369,   35.282432,       55.25,
 139.518378,   35.282432,       54.21,
 139.527387,   35.282432,       52.94,
 139.536396,   35.282432,       51.11,
 139.545405,   35.282432,       48.84,
 139.554414,   35.282432,       46.40,
 139.563423,   35.282432,       43.92,
 139.572432,   35.282432,       44.14,
 139.581441,   35.282432,       51.92,
 139.590450,   35.282432,       59.69,
 139.599459,   35.282432,       67.76,
 139.608468,   35.282432,      232.08,
 139.617477,   35.282432,     1452.86,
 139.626486,   35.282432,     3328.87,
 139.635495,   35.282432,     5038.38,
 139.644505,   35.282432,     6430.80,
 139.653514,   35.282432,     6969.93,
 139.662523,   35.282432,     5956.22,
 139.671532,   35.282432,     3045.26,
 139.680541,   35.282432,      163.76,
 139.689550,   35.282432,      109.05,
 139.698559,   35.282432,      108.55,
 139.707568,   35.282432,      107.94,
 139.716577,   35.282432,      107.29,
 139.725586,   35.282432,      106.63,
 139.734595,   35.282432,      105.55,
 139.743604,   35.282432,      104.19,
 139.752613,   35.282432,      102.63,
 139.761622,   35.282432,      101.19,
 139.770631,   35.282432,       99.97,
 139.779640,   35.282432,       99.15,
 139.788649,   35.282432,       98.53,
 139.797658,   35.282432,       97.92,
 139.806667,   35.282432,       97.04,
 139.815676,   35.282432,       95.88,
 139.824685,   35.282432,       94.60,
 139.833694,   35.282432,       93.31,
 139.842703,   35.282432,       91.98,
 139.851712,   35.282432,       90.83,
 139.860721,   35.282432,       92.08,
 139.869730,   35.282432,       93.67,
 139.878739,   35.282432,       93.66,
 139.887748,   35.282432,       93.10,
 139.896757,   35.282432,       92.21,
 139.905766,   35.282432,       91.16,
 139.914775,   35.282432,       90.00,
 139.923784,   35.282432,       88.78,
 139.932793,   35.282432,       87.52,
 139.941802,   35.282432,       86.24,
 139.950811,   35.282432,       84.95,
 139.959820,   35.282432,       83.67,
 139.968829,   35.282432,       82.38,
 139.977838,   35.282432,       81.11,
 139.986847,   35.282432,       79.87,
 139.995856,   35.282432,       78.65,
 140.004865,   35.282432,       77.46,
 140.013874,   35.282432,       76.30,
 140.022883,   35.282432,       75.17,
 140.031892,   35.282432,       74.09,
 140.040901,   35.282432,       73.03,
 140.049910,   35.282432,       72.01,
 140.058919,   35.282432,       71.03,
 140.067928,   35.282432,       70.06,
 140.076937,   35.282432,       69.13,
 140.085946,   35.282432,       68.23,
 140.094955,   35.282432,       67.35,
 140.103964,   35.282432,       66.51,
 140.112973,   35.282432,       65.69,
 140.121982,   35.282432,       64.90,
 140.130991,   35.282432,       64.14,
 140.140000,   35.282432,       63.41,
 140.149009,   35.282432,       62.70,
 140.158018,   35.282432,       62.03,
 140.167027,   35.282432,       61.37,
 140.176036,   35.282432,       60.75,
 140.185045,   35.282432,       60.15,
 140.194054,   35.282432,       59.56,
 140.203063,   35.282432,       59.00,
 140.212072,   35.282432,       58.45,
 140.221081,   35.282432,       57.91,
 140.230090,   35.282432,       57.39,
 140.239099,   35.282432,       56.87,
 140.248108,   35.282432,       56.35,
 140.257117,   35.282432,       55.84,
 140.266126,   35.282432,       55.33,
 140.275135,   35.282432,       54.82,
 140.284144,   35.282432,       54.30,
 140.293153,   35.282432,       53.78,
 140.302162,   35.282432,       53.25,
 140.311171,   35.282432,       52.71,
 140.320180,   35.282432,       52.16,
 140.329189,   35.282432,       51.69,
 140.338198,   35.282432,       51.34,
 140.347207,   35.282432,       50.96,
 140.356216,   35.282432,       50.57,
 140.365225,   35.282432,       50.16,
 140.374234,   35.282432,       49.73,
 140.383243,   35.282432,       49.29,
 139.140000,   35.291441,       36.46,
 139.149009,   35.291441,       31.87,
 139.158018,   35.291441,       28.93,
 139.167027,   35.291441,       27.65,
 139.176036,   35.291441,       28.01,
 139.185045,   35.291441,       30.02,
 139.194054,   35.291441,       33.68,
 139.203063,   35.291441,       38.99,
 139.212072,   35.291441,       45.96,
 139.221081,   35.291441,       54.81,
 139.230090,   35.291441,       59.92,
 139.239099,   35.291441,       61.29,
 139.248108,   35.291441,       61.57,
 139.257117,   35.291441,       61.83,
 139.266126,   35.291441,       62.06,
 139.275135,   35.291441,       62.34,
 139.284144,   35.291441,       62.60,
 139.293153,   35.291441,       63.14,
 139.302162,   35.291441,       63.67,
 139.311171,   35.291441,       64.16,
 139.320180,   35.291441,       64.43,
 139.329189,   35.291441,       64.63,
 139.338198,   35.291441,       64.68,
 139.347207,   35.291441,       64.68,
 139.356216,   35.291441,       64.55,
 139.365225,   35.291441,       64.20,
 139.374234,   35.291441,       63.82,
 139.383243,   35.291441,       63.45,
 139.392252,   35.291441,       63.11,
 139.401261,   35.291441,       62.62,
 139.410270,   35.291441,       62.08,
 139.419279,   35.291441,       61.20,
 139.428288,   35.291441,       60.24,
 139.437297,   35.291441,       59.23,
 139.446306,   35.291441,       57.78,
 139.455315,   35.291441,       56.04,
 139.464324,   35.291441,       54.50,
 139.473333,   35.291441,       53.58,
 139.482342,   35.291441,       53.41,
 139.491351,   35.291441,       53.05,
 139.500360,   35.291441,       52.58,
 139.509369,   35.291441,       51.66,
 139.518378,   35.291441,       50.41,
 139.527387,   35.291441,       49.06,
 139.536396,   35.291441,       47.52,
 139.545405,   35.291441,       46.03,
 139.554414,   35.291441,       44.36,
 139.563423,   35.291441,       42.73,
 139.572432,   35.291441,       48.82,
 139.581441,   35.291441,       56.29,
 139.590450,   35.291441,       63.75,
 139.599459,   35.291441,       71.28,
 139.608468,   35.291441,       78.94,
 139.617477,   35.291441,      123.98,
 139.626486,   35.291441,      560.78,
 139.635495,   35.291441,     1287.02,
 139.644505,   35.291441,     2017.84,
 139.653514,   35.291441,     2242.99,
 139.662523,   35.291441,      722.04,
 139.671532,   35.291441,      110.18,
 139.680541,   35.291441,      109.79,
 139.689550,   35.291441,      109.04,
 139.698559,   35.291441,      108.31,
 139.707568,   35.291441,      107.54,
 139.716577,   35.291441,      106.77,
 139.725586,   35.291441,      105.97,
 139.734595,   35.291441,      104.95,
 139.743604,   35.291441,      103.67,
 139.752613,   35.291441,      102.16,
 139.761622,   35.291441,      100.59,
 139.770631,   35.291441,       99.37,
 139.779640,   35.291441,       98.59,
 139.788649,   35.291441,       97.94,
 139.797658,   35.291441,       97.18,
 139.806667,   35.291441,       96.27,
 139.815676,   35.291441,       95.01,
 139.824685,   35.291441,       93.90,
 139.833694,   35.291441,       92.90,
 139.842703,   35.291441,       91.89,
 139.851712,   35.291441,       91.17,
 139.860721,   35.291441,       93.20,
 139.869730,   35.291441,       94.76,
 139.878739,   35.291441,       94.89,
 139.887748,   35.291441,       94.40,
 139.896757,   35.291441,       93.59,
 139.905766,   35.291441,       92.59,
 139.914775,   35.291441,       91.48,
 139.923784,   35.291441,       90.30,
 139.932793,   35.291441,       89.07,
 139.941802,   35.291441,       87.82,
 139.950811,   35.291441,       86.56,
 139.959820,   35.291441,       85.29,
 139.968829,   35.291441,       84.03,
 139.977838,   35.291441,       82.77,
 139.986847,   35.291441,       81.55,
 139.995856,   35.291441,       80.35,
 140.004865,   35.291441,       79.17,
 140.013874,   35.291441,       78.03,
 140.022883,   35.291441,       76.92,
 140.031892,   35.291441,       75.85,
 140.040901,   35.291441,       74.82,
 140.049910,   35.291441,       73.81,
 140.058919,   35.291441,       72.83,
 140.067928,   35.291441,       71.89,
 140.076937,   35.291441,       70.97,
 140.085946,   35.291441,       70.07,
 140.094955,   35.291441,       69.21,
 140.103964,   35.291441,       68.37,
 140.112973,   35.291441,       67.56,
 140.121982,   35.291441,       66.78,
 140.130991,   35.291441,       66.03,
 140.140000,   35.291441,       65.31,
 140.149009,   35.291441,       64.61,
 140.158018,   35.291441,       63.94,
 140.167027,   35.291441,       63.29,
 140.176036,   35.291441,       62.67,
 140.185045,   35.291441,       62.06,
 140.194054,   35.291441,       61.48,
 140.203063,   35.291441,       60.90,
 140.212072,   35.291441,       60.35,
 140.221081,   35.291441,       59.80,
 140.230090,   35.291441,       59.26,
 140.239099,   35.291441,       58.73,
 140.248108,   35.291441,       58.19,
 140.257117,   35.291441,       57.66,
 140.266126,   35.291441,       57.13,
 140.275135,   35.291441,       56.60,
 140.284144,   35.291441,       56.07,
 140.293153,   35.291441,       55.53,
 140.302162,   35.291441,       54.98,
 140.311171,   35.291441,       54.42,
 140.320180,   35.291441,       53.87,
 140.329189,   35.291441,       53.54,
 140.338198,   35.291441,       53.18,
 140.347207,   35.291441,       52.81,
 140.356216,   35.291441,       52.43,
 140.365225,   35.291441,       52.02,
 140.374234,   35.291441,       51.60,
 140.383243,   35.291441,       51.17,
 139.140000,   35.300450,       26.76,
 139.149009,   35.300450,       21.47,
 139.158018,   35.300450,       17.84,
 139.167027,   35.300450,       15.85,
 139.176036,   35.300450,       15.52,
 139.185045,   35.300450,       16.84,
 139.194054,   35.300450,       19.80,
 139.203063,   35.300450,       24.42,
 139.212072,   35.300450,       30.68,
 139.221081,   35.300450,       38.60,
 139.230090,   35.300450,       48.16,
 139.239099,   35.300450,       57.60,
 139.248108,   35.300450,       59.04,
 139.257117,   35.300450,       60.46,
 139.266126,   35.300450,       61.48,
 139.275135,   35.300450,       61.71,
 139.284144,   35.300450,       61.87,
 139.293153,   35.300450,       62.16,
 139.302162,   35.300450,       62.54,
 139.311171,   35.300450,       63.02,
 139.320180,   35.300450,       63.38,
 139.329189,   35.300450,       63.62,
 139.338198,   35.300450,       63.66,
 139.347207,   35.300450,       63.55,
 139.356216,   35.300450,       63.22,
 139.365225,   35.300450,       62.93,
 139.374234,   35.300450,       62.51,
 139.383243,   35.300450,       62.11,
 139.392252,   35.300450,       61.66,
 139.401261,   35.300450,       61.09,
 139.410270,   35.300450,       60.10,
 139.419279,   35.300450,       59.15,
 139.428288,   35.300450,       58.18,
 139.437297,   35.300450,       56.61,
 139.446306,   35.300450,       54.80,
 139.455315,   35.300450,       52.65,
 139.464324,   35.300450,       51.12,
 139.473333,   35.300450,       50.25,
 139.482342,   35.300450,       49.73,
 139.491351,   35.300450,       49.08,
 139.500360,   35.300450,       48.15,
 139.509369,   35.300450,       47.23,
 139.518378,   35.300450,       46.45,
 139.527387,   35.300450,       46.04,
 139.536396,   35.300450,       45.41,
 139.545405,   35.300450,       45.02,
 139.554414,   35.300450,       44.65,
 139.563423,   35.300450,       48.36,
 139.572432,   35.300450,       54.80,
 139.581441,   35.300450,       61.55,
 139.590450,   35.300450,       68.48,
 139.599459,   35.300450,       75.51,
 139.608468,   35.300450,       82.63,
 139.617477,   35.300450,       89.88,
 139.626486,   35.300450,       97.16,
 139.635495,   35.300450,      104.46,
 139.644505,   35.300450,      110.73,
 139.653514,   35.300450,      110.59,
 139.662523,   35.300450,      110.48,
 139.671532,   35.300450,      109.97,
 139.680541,   35.300450,      109.59,
 139.689550,   35.300450,      108.86,
 139.698559,   35.300450,      108.02,
 139.707568,   35.300450,      107.16,
 139.716577,   35.300450,      106.35,
 139.725586,   35.300450,      105.51,
 139.734595,   35.300450,      104.56,
 139.743604,   35.300450,      103.46,
 139.752613,   35.300450,      102.07,
 139.761622,   35.300450,      100.47,
 139.770631,   35.300450,       99.05,
 139.779640,   35.300450,       98.00,
 139.788649,   35.300450,       97.21,
 139.797658,   35.300450,       96.36,
 139.806667,   35.300450,       95.40,
 139.815676,   35.300450,       94.31,
 139.824685,   35.300450,       93.40,
 139.833694,   35.300450,       92.59,
 139.842703,   35.300450,       92.85,
 139.851712,   35.300450,       93.16,
 139.860721,   35.300450,       94.58,
 139.869730,   35.300450,       95.93,
 139.878739,   35.300450,       96.23,
 139.887748,   35.300450,       95.78,
 139.896757,   35.300450,       95.03,
 139.905766,   35.300450,       94.07,
 139.914775,   35.300450,       92.99,
 139.923784,   35.300450,       91.84,
 139.932793,   35.300450,       90.64,
 139.941802,   35.300450,       89.41,
 139.950811,   35.300450,       88.17,
 139.959820,   35.300450,       86.92,
 139.968829,   35.300450,       85.67,
 139.977838,   35.300450,       84.44,
 139.986847,   35.300450,       83.23,
 139.995856,   35.300450,       82.04,
 140.004865,   35.300450,       80.88,
 140.013874,   35.300450,       79.75,
 140.022883,   35.300450,       78.66,
 140.031892,   35.300450,       77.61,
 140.040901,   35.300450,       76.59,
 140.049910,   35.300450,       75.60,
 140.058919,   35.300450,       74.64,
 140.067928,   35.300450,       73.70,
 140.076937,   35.300450,       72.79,
 140.085946,   35.300450,       71.91,
 140.094955,   35.300450,       71.05,
 140.103964,   35.300450,       70.23,
 140.112973,   35.300450,       69.43,
 140.121982,   35.300450,       68.66,
 140.130991,   35.300450,       67.92,
 140.140000,   35.300450,       67.20,
 140.149009,   35.300450,       66.51,
 140.158018,   35.300450,       65.84,
 140.167027,   35.300450,       65.20,
 140.176036,   35.300450,       64.57,
 140.185045,   35.300450,       63.97,
 140.194054,   35.300450,       63.37,
 140.203063,   35.300450,       62.79,
 140.212072,   35.300450,       62.23,
 140.221081,   35.300450,       61.67,
 140.230090,   35.300450,       61.11,
 140.239099,   35.300450,       60.56,
 140.248108,   35.300450,       60.01,
 140.257117,   35.300450,       59.46,
 140.266126,   35.300450,       58.92,
 140.275135,   35.300450,       58.37,
 140.284144,   35.300450,       57.81,
 140.293153,   35.300450,       57.25,
 140.302162,   35.300450,       56.68,
 140.311171,   35.300450,       56.09,
 140.320180,   35.300450,       55.72,
 140.329189,   35.300450,       55.39,
 140.338198,   35.300450,       55.05,
 140.347207,   35.300450,       54.68,
 140.356216,   35.300450,       54.30,
 140.365225,   35.300450,       53.91,
 140.374234,   35.300450,       53.49,
 140.383243,   35.300450,       53.06,
 139.140000,   35.309459,       15.40,
 139.149009,   35.309459,        9.42,
 139.158018,   35.309459,        5.09,
 139.167027,   35.309459,        2.41,
 139.176036,   35.309459,        1.38,
 139.185045,   35.309459,        2.00,
 139.194054,   35.309459,        4.27,
 139.203063,   35.309459,        8.19,
 139.212072,   35.309459,       13.76,
 139.221081,   35.309459,       20.98,
 139.230090,   35.309459,       29.85,
 139.239099,   35.309459,       40.37,
 139.248108,   35.309459,       51.60,
 139.257117,   35.309459,       56.80,
 139.266126,   35.309459,       58.03,
 139.275135,   35.309459,       59.24,
 139.284144,   35.309459,       60.31,
 139.293153,   35.309459,       60.93,
 139.302162,   35.309459,       61.54,
 139.311171,   35.309459,       62.01,
 139.320180,   35.309459,       62.34,
 139.329189,   35.309459,       62.54,
 139.338198,   35.309459,       62.61,
 139.347207,   35.309459,       62.41,
 139.356216,   35.309459,       62.29,
 139.365225,   35.309459,       62.06,
 139.374234,   35.309459,       61.40,
 139.383243,   35.309459,       60.40,
 139.392252,   35.309459,       59.25,
 139.401261,   35.309459,       58.20,
 139.410270,   35.309459,       57.07,
 139.419279,   35.309459,       55.90,
 139.428288,   35.309459,       54.84,
 139.437297,   35.309459,       53.29,
 139.446306,   35.309459,       51.68,
 139.455315,   35.309459,       50.12,
 139.464324,   35.309459,       48.87,
 139.473333,   35.309459,       48.02,
 139.482342,   35.309459,       47.44,
 139.491351,   35.309459,       46.77,
 139.500360,   35.309459,       45.52,
 139.509369,   35.309459,       45.10,
 139.518378,   35.309459,       44.95,
 139.527387,   35.309459,       44.97,
 139.536396,   35.309459,       45.10,
 139.545405,   35.309459,       45.45,
 139.554414,   35.309459,       49.16,
 139.563423,   35.309459,       54.29,
 139.572432,   35.309459,       60.08,
 139.581441,   35.309459,       66.34,
 139.590450,   35.309459,       72.99,
 139.599459,   35.309459,       79.91,
 139.608468,   35.309459,       86.93,
 139.617477,   35.309459,       93.83,
 139.626486,   35.309459,      100.81,
 139.635495,   35.309459,      107.67,
 139.644505,   35.309459,      110.68,
 139.653514,   35.309459,      110.15,
 139.662523,   35.309459,      109.65,
 139.671532,   35.309459,      109.28,
 139.680541,   35.309459,      108.96,
 139.689550,   35.309459,      108.42,
 139.698559,   35.309459,      107.65,
 139.707568,   35.309459,      106.89,
 139.716577,   35.309459,      106.12,
 139.725586,   35.309459,      105.30,
 139.734595,   35.309459,      104.44,
 139.743604,   35.309459,      103.52,
 139.752613,   35.309459,      102.38,
 139.761622,   35.309459,      100.77,
 139.770631,   35.309459,       99.07,
 139.779640,   35.309459,       97.60,
 139.788649,   35.309459,       96.82,
 139.797658,   35.309459,       95.84,
 139.806667,   35.309459,       95.76,
 139.815676,   35.309459,       94.38,
 139.824685,   35.309459,       95.07,
 139.833694,   35.309459,       95.03,
 139.842703,   35.309459,       95.10,
 139.851712,   35.309459,       95.16,
 139.860721,   35.309459,       96.07,
 139.869730,   35.309459,       97.16,
 139.878739,   35.309459,       97.66,
 139.887748,   35.309459,       97.24,
 139.896757,   35.309459,       96.53,
 139.905766,   35.309459,       95.60,
 139.914775,   35.309459,       94.54,
 139.923784,   35.309459,       93.41,
 139.932793,   35.309459,       92.23,
 139.941802,   35.309459,       91.01,
 139.950811,   35.309459,       89.79,
 139.959820,   35.309459,       88.55,
 139.968829,   35.309459,       87.32,
 139.977838,   35.309459,       86.10,
 139.986847,   35.309459,       84.91,
 139.995856,   35.309459,       83.73,
 140.004865,   35.309459,       82.59,
 140.013874,   35.309459,       81.48,
 140.022883,   35.309459,       80.40,
 140.031892,   35.309459,       79.36,
 140.040901,   35.309459,       78.36,
 140.049910,   35.309459,       77.38,
 140.058919,   35.309459,       76.43,
 140.067928,   35.309459,       75.51,
 140.076937,   35.309459,       74.61,
 140.085946,   35.309459,       73.74,
 140.094955,   35.309459,       72.89,
 140.103964,   35.309459,       72.08,
 140.112973,   35.309459,       71.29,
 140.121982,   35.309459,       70.53,
 140.130991,   35.309459,       69.79,
 140.140000,   35.309459,       69.08,
 140.149009,   35.309459,       68.40,
 140.158018,   35.309459,       67.73,
 140.167027,   35.309459,       67.09,
 140.176036,   35.309459,       66.46,
 140.185045,   35.309459,       65.85,
 140.194054,   35.309459,       65.25,
 140.203063,   35.309459,       64.66,
 140.212072,   35.309459,       64.09,
 140.221081,   35.309459,       63.51,
 140.230090,   35.309459,       62.94,
 140.239099,   35.309459,       62.37,
 140.248108,   35.309459,       61.81,
 140.257117,   35.309459,       61.24,
 140.266126,   35.309459,       60.67,
 140.275135,   35.309459,       60.11,
 140.284144,   35.309459,       59.53,
 140.293153,   35.309459,       58.95,
 140.302162,   35.309459,       58.35,
 140.311171,   35.309459,       57.89,
 140.320180,   35.309459,       57.59,
 140.329189,   35.309459,       57.27,
 140.338198,   35.309459,       56.93,
 140.347207,   35.309459,       56.57,
 140.356216,   35.309459,       56.20,
 140.365225,   35.309459,       55.81,
 140.374234,   35.309459,       55.40,
 140.383243,   35.309459,       54.98,
 139.140000,   35.318468,        2.40,
 139.149009,   35.318468,       -4.28,
 139.158018,   35.318468,       -9.30,
 139.167027,   35.318468,      -12.68,
 139.176036,   35.318468,      -14.40,
 139.185045,   35.318468,      -14.48,
 139.194054,   35.318468,      -12.91,
 139.203063,   35.318468,       -9.68,
 139.212072,   35.318468,       -4.81,
 139.221081,   35.318468,        1.71,
 139.230090,   35.318468,        9.89,
 139.239099,   35.318468,       19.71,
 139.248108,   35.318468,       31.18,
 139.257117,   35.318468,       44.31,
 139.266126,   35.318468,       53.82,
 139.275135,   35.318468,       56.07,
 139.284144,   35.318468,       57.38,
 139.293153,   35.318468,       58.62,
 139.302162,   35.318468,       59.74,
 139.311171,   35.318468,       60.57,
 139.320180,   35.318468,       61.16,
 139.329189,   35.318468,       61.54,
 139.338198,   35.318468,       61.76,
 139.347207,   35.318468,       61.84,
 139.356216,   35.318468,       61.76,
 139.365225,   35.318468,       61.84,
 139.374234,   35.318468,       60.77,
 139.383243,   35.318468,       58.05,
 139.392252,   35.318468,       56.55,
 139.401261,   35.318468,       55.11,
 139.410270,   35.318468,       53.66,
 139.419279,   35.318468,       52.70,
 139.428288,   35.318468,       51.67,
 139.437297,   35.318468,       50.70,
 139.446306,   35.318468,       49.52,
 139.455315,   35.318468,       48.75,
 139.464324,   35.318468,       47.93,
 139.473333,   35.318468,       47.94,
 139.482342,   35.318468,       48.31,
 139.491351,   35.318468,       48.61,
 139.500360,   35.318468,       48.90,
 139.509369,   35.318468,       49.21,
 139.518378,   35.318468,       49.54,
 139.527387,   35.318468,       49.94,
 139.536396,   35.318468,       50.38,
 139.545405,   35.318468,       51.68,
 139.554414,   35.318468,       54.42,
 139.563423,   35.318468,       58.62,
 139.572432,   35.318468,       63.72,
 139.581441,   35.318468,       69.58,
 139.590450,   35.318468,       76.13,
 139.599459,   35.318468,       83.04,
 139.608468,   35.318468,       90.26,
 139.617477,   35.318468,       97.76,
 139.626486,   35.318468,      104.76,
 139.635495,   35.318468,      110.94,
 139.644505,   35.318468,      111.40,
 139.653514,   35.318468,      110.19,
 139.662523,   35.318468,      109.65,
 139.671532,   35.318468,      109.07,
 139.680541,   35.318468,      108.60,
 139.689550,   35.318468,      108.03,
 139.698559,   35.318468,      107.40,
 139.707568,   35.318468,      106.75,
 139.716577,   35.318468,      106.05,
 139.725586,   35.318468,      105.31,
 139.734595,   35.318468,      104.52,
 139.743604,   35.318468,      103.75,
 139.752613,   35.318468,      102.71,
 139.761622,   35.318468,      101.26,
 139.770631,   35.318468,       99.48,
 139.779640,   35.318468,       97.98,
 139.788649,   35.318468,       97.13,
 139.797658,   35.318468,       97.98,
 139.806667,   35.318468,       99.32,
 139.815676,   35.318468,       99.38,
 139.824685,   35.318468,       98.08,
 139.833694,   35.318468,       97.54,
 139.842703,   35.318468,       97.29,
 139.851712,   35.318468,       97.21,
 139.860721,   35.318468,       97.66,
 139.869730,   35.318468,       98.48,
 139.878739,   35.318468,       99.10,
 139.887748,   35.318468,       98.78,
 139.896757,   35.318468,       98.09,
 139.905766,   35.318468,       97.18,
 139.914775,   35.318468,       96.13,
 139.923784,   35.318468,       95.01,
 139.932793,   35.318468,       93.84,
 139.941802,   35.318468,       92.63,
 139.950811,   35.318468,       91.42,
 139.959820,   35.318468,       90.19,
 139.968829,   35.318468,       88.97,
 139.977838,   35.318468,       87.77,
 139.986847,   35.318468,       86.59,
 139.995856,   35.318468,       85.42,
 140.004865,   35.318468,       84.29,
 140.013874,   35.318468,       83.19,
 140.022883,   35.318468,       82.14,
 140.031892,   35.318468,       81.11,
 140.040901,   35.318468,       80.12,
 140.049910,   35.318468,       79.15,
 140.058919,   35.318468,       78.21,
 140.067928,   35.318468,       77.30,
 140.076937,   35.318468,       76.42,
 140.085946,   35.318468,       75.55,
 140.094955,   35.318468,       74.72,
 140.103964,   35.318468,       73.92,
 140.112973,   35.318468,       73.14,
 140.121982,   35.318468,       72.39,
 140.130991,   35.318468,       71.66,
 140.140000,   35.318468,       70.96,
 140.149009,   35.318468,       70.27,
 140.158018,   35.318468,       69.61,
 140.167027,   35.318468,       68.97,
 140.176036,   35.318468,       68.34,
 140.185045,   35.318468,       67.72,
 140.194054,   35.318468,       67.11,
 140.203063,   35.318468,       66.52,
 140.212072,   35.318468,       65.92,
 140.221081,   35.318468,       65.33,
 140.230090,   35.318468,       64.75,
 140.239099,   35.318468,       64.16,
 140.248108,   35.318468,       63.58,
 140.257117,   35.318468,       62.99,
 140.266126,   35.318468,       62.41,
 140.275135,   35.318468,       61.82,
 140.284144,   35.318468,       61.22,
 140.293153,   35.318468,       60.62,
 140.302162,   35.318468,       60.05,
 140.311171,   35.318468,       59.77,
 140.320180,   35.318468,       59.47,
 140.329189,   35.318468,       59.16,
 140.338198,   35.318468,       58.83,
 140.347207,   35.318468,       58.48,
 140.356216,   35.318468,       58.11,
 140.365225,   35.318468,       57.73,
 140.374234,   35.318468,       57.33,
 140.383243,   35.318468,       56.91,
 139.140000,   35.327477,      -12.25,
 139.149009,   35.327477,      -19.63,
 139.158018,   35.327477,      -25.35,
 139.167027,   35.327477,      -29.42,
 139.176036,   35.327477,      -31.84,
 139.185045,   35.327477,      -32.61,
 139.194054,   35.327477,      -31.74,
 139.203063,   35.327477,      -29.21,
 139.212072,   35.327477,      -25.03,
 139.221081,   35.327477,      -19.20,
 139.230090,   35.327477,      -11.73,
 139.239099,   35.327477,       -2.60,
 139.248108,   35.327477,        8.18,
 139.257117,   35.327477,       20.60,
 139.266126,   35.327477,       34.68,
 139.275135,   35.327477,       48.63,
 139.284144,   35.327477,       54.09,
 139.293153,   35.327477,       55.63,
 139.302162,   35.327477,       57.14,
 139.311171,   35.327477,       58.59,
 139.320180,   35.327477,       59.96,
 139.329189,   35.327477,       61.21,
 139.338198,   35.327477,       62.27,
 139.347207,   35.327477,       63.10,
 139.356216,   35.327477,       63.61,
 139.365225,   35.327477,       63.71,
 139.374234,   35.327477,       63.01,
 139.383243,   35.327477,       61.85,
 139.392252,   35.327477,       60.70,
 139.401261,   35.327477,       59.50,
 139.410270,   35.327477,       58.28,
 139.419279,   35.327477,       57.00,
 139.428288,   35.327477,       55.72,
 139.437297,   35.327477,       54.60,
 139.446306,   35.327477,       53.62,
 139.455315,   35.327477,       52.93,
 139.464324,   35.327477,       52.55,
 139.473333,   35.327477,       52.44,
 139.482342,   35.327477,       52.54,
 139.491351,   35.327477,       52.78,
 139.500360,   35.327477,       53.17,
 139.509369,   35.327477,       53.64,
 139.518378,   35.327477,       54.22,
 139.527387,   35.327477,       54.91,
 139.536396,   35.327477,       55.98,
 139.545405,   35.327477,       57.74,
 139.554414,   35.327477,       60.16,
 139.563423,   35.327477,       63.28,
 139.572432,   35.327477,       67.26,
 139.581441,   35.327477,       72.50,
 139.590450,   35.327477,       78.49,
 139.599459,   35.327477,       85.16,
 139.608468,   35.327477,       92.38,
 139.617477,   35.327477,      100.02,
 139.626486,   35.327477,      108.39,
 139.635495,   35.327477,      114.78,
 139.644505,   35.327477,      112.02,
 139.653514,   35.327477,      110.36,
 139.662523,   35.327477,      109.86,
 139.671532,   35.327477,      109.07,
 139.680541,   35.327477,      108.43,
 139.689550,   35.327477,      107.85,
 139.698559,   35.327477,      107.32,
 139.707568,   35.327477,      106.77,
 139.716577,   35.327477,      106.17,
 139.725586,   35.327477,      105.51,
 139.734595,   35.327477,      104.78,
 139.743604,   35.327477,      104.06,
 139.752613,   35.327477,      103.19,
 139.761622,   35.327477,      101.95,
 139.770631,   35.327477,      100.45,
 139.779640,   35.327477,       99.09,
 139.788649,   35.327477,       98.50,
 139.797658,   35.327477,       99.50,
 139.806667,   35.327477,      100.32,
 139.815676,   35.327477,      100.71,
 139.824685,   35.327477,      100.35,
 139.833694,   35.327477,       99.88,
 139.842703,   35.327477,       99.44,
 139.851712,   35.327477,       99.27,
 139.860721,   35.327477,       99.35,
 139.869730,   35.327477,       99.90,
 139.878739,   35.327477,      100.52,
 139.887748,   35.327477,      100.38,
 139.896757,   35.327477,       99.72,
 139.905766,   35.327477,       98.81,
 139.914775,   35.327477,       97.76,
 139.923784,   35.327477,       96.64,
 139.932793,   35.327477,       95.47,
 139.941802,   35.327477,       94.27,
 139.950811,   35.327477,       93.06,
 139.959820,   35.327477,       91.84,
 139.968829,   35.327477,       90.63,
 139.977838,   35.327477,       89.44,
 139.986847,   35.327477,       88.26,
 139.995856,   35.327477,       87.11,
 140.004865,   35.327477,       85.99,
 140.013874,   35.327477,       84.91,
 140.022883,   35.327477,       83.86,
 140.031892,   35.327477,       82.85,
 140.040901,   35.327477,       81.87,
 140.049910,   35.327477,       80.92,
 140.058919,   35.327477,       79.99,
 140.067928,   35.327477,       79.09,
 140.076937,   35.327477,       78.21,
 140.085946,   35.327477,       77.37,
 140.094955,   35.327477,       76.54,
 140.103964,   35.327477,       75.75,
 140.112973,   35.327477,       74.98,
 140.121982,   35.327477,       74.24,
 140.130991,   35.327477,       73.52,
 140.140000,   35.327477,       72.82,
 140.149009,   35.327477,       72.14,
 140.158018,   35.327477,       71.48,
 140.167027,   35.327477,       70.83,
 140.176036,   35.327477,       70.20,
 140.185045,   35.327477,       69.57,
 140.194054,   35.327477,       68.96,
 140.203063,   35.327477,       68.35,
 140.212072,   35.327477,       67.74,
 140.221081,   35.327477,       67.13,
 140.230090,   35.327477,       66.53,
 140.239099,   35.327477,       65.93,
 140.248108,   35.327477,       65.32,
 140.257117,   35.327477,       64.72,
 140.266126,   35.327477,       64.12,
 140.275135,   35.327477,       63.51,
 140.284144,   35.327477,       62.89,
 140.293153,   35.327477,       62.26,
 140.302162,   35.327477,       61.94,
 140.311171,   35.327477,       61.67,
 140.320180,   35.327477,       61.38,
 140.329189,   35.327477,       61.07,
 140.338198,   35.327477,       60.74,
 140.347207,   35.327477,       60.40,
 140.356216,   35.327477,       60.04,
 140.365225,   35.327477,       59.66,
 140.374234,   35.327477,       59.27,
 140.383243,   35.327477,       58.86,
 139.140000,   35.336486,      -28.56,
 139.149009,   35.336486,      -36.62,
 139.158018,   35.336486,      -43.04,
 139.167027,   35.336486,      -47.81,
 139.176036,   35.336486,      -50.93,
 139.185045,   35.336486,      -52.40,
 139.194054,   35.336486,      -52.21,
 139.203063,   35.336486,      -50.38,
 139.212072,   35.336486,      -46.90,
 139.221081,   35.336486,      -41.77,
 139.230090,   35.336486,      -34.99,
 139.239099,   35.336486,      -26.56,
 139.248108,   35.336486,      -16.48,
 139.257117,   35.336486,       -4.75,
 139.266126,   35.336486,        8.63,
 139.275135,   35.336486,       23.66,
 139.284144,   35.336486,       40.34,
 139.293153,   35.336486,       50.58,
 139.302162,   35.336486,       53.72,
 139.311171,   35.336486,       55.52,
 139.320180,   35.336486,       57.32,
 139.329189,   35.336486,       59.09,
 139.338198,   35.336486,       60.81,
 139.347207,   35.336486,       62.48,
 139.356216,   35.336486,       64.00,
 139.365225,   35.336486,       65.28,
 139.374234,   35.336486,       66.30,
 139.383243,   35.336486,       67.05,
 139.392252,   35.336486,       67.56,
 139.401261,   35.336486,       67.38,
 139.410270,   35.336486,       66.26,
 139.419279,   35.336486,       65.00,
 139.428288,   35.336486,       63.73,
 139.437297,   35.336486,       62.53,
 139.446306,   35.336486,       61.45,
 139.455315,   35.336486,       60.53,
 139.464324,   35.336486,       59.75,
 139.473333,   35.336486,       59.11,
 139.482342,   35.336486,       58.60,
 139.491351,   35.336486,       58.27,
 139.500360,   35.336486,       58.16,
 139.509369,   35.336486,       58.28,
 139.518378,   35.336486,       58.68,
 139.527387,   35.336486,       59.46,
 139.536396,   35.336486,       60.69,
 139.545405,   35.336486,       62.43,
 139.554414,   35.336486,       64.71,
 139.563423,   35.336486,       67.59,
 139.572432,   35.336486,       71.15,
 139.581441,   35.336486,       75.46,
 139.590450,   35.336486,       80.68,
 139.599459,   35.336486,       86.89,
 139.608468,   35.336486,       93.77,
 139.617477,   35.336486,      101.29,
 139.626486,   35.336486,      109.46,
 139.635495,   35.336486,      116.64,
 139.644505,   35.336486,      111.49,
 139.653514,   35.336486,      110.20,
 139.662523,   35.336486,      109.52,
 139.671532,   35.336486,      108.90,
 139.680541,   35.336486,      108.33,
 139.689550,   35.336486,      107.84,
 139.698559,   35.336486,      107.38,
 139.707568,   35.336486,      106.93,
 139.716577,   35.336486,      106.42,
 139.725586,   35.336486,      105.87,
 139.734595,   35.336486,      105.26,
 139.743604,   35.336486,      104.60,
 139.752613,   35.336486,      103.87,
 139.761622,   35.336486,      102.98,
 139.770631,   35.336486,      101.86,
 139.779640,   35.336486,      100.50,
 139.788649,   35.336486,      100.03,
 139.797658,   35.336486,      100.72,
 139.806667,   35.336486,      101.55,
 139.815676,   35.336486,      102.05,
 139.824685,   35.336486,      101.51,
 139.833694,   35.336486,      102.08,
 139.842703,   35.336486,      101.49,
 139.851712,   35.336486,      101.28,
 139.860721,   35.336486,      101.16,
 139.869730,   35.336486,      101.44,
 139.878739,   35.336486,      101.88,
 139.887748,   35.336486,      101.99,
 139.896757,   35.336486,      101.41,
 139.905766,   35.336486,      100.50,
 139.914775,   35.336486,       99.43,
 139.923784,   35.336486,       98.30,
 139.932793,   35.336486,       97.12,
 139.941802,   35.336486,       95.92,
 139.950811,   35.336486,       94.71,
 139.959820,   35.336486,       93.50,
 139.968829,   35.336486,       92.29,
 139.977838,   35.336486,       91.11,
 139.986847,   35.336486,       89.94,
 139.995856,   35.336486,       88.80,
 140.004865,   35.336486,       87.69,
 140.013874,   35.336486,       86.62,
 140.022883,   35.336486,       85.59,
 140.031892,   35.336486,       84.59,
 140.040901,   35.336486,       83.62,
 140.049910,   35.336486,       82.68,
 140.058919,   35.336486,       81.76,
 140.067928,   35.336486,       80.87,
 140.076937,   35.336486,       80.01,
 140.085946,   35.336486,       79.17,
 140.094955,   35.336486,       78.36,
 140.103964,   35.336486,       77.57,
 140.112973,   35.336486,       76.82,
 140.121982,   35.336486,       76.08,
 140.130991,   35.336486,       75.37,
 140.140000,   35.336486,       74.67,
 140.149009,   35.336486,       74.00,
 140.158018,   35.336486,       73.34,
 140.167027,   35.336486,       72.68,
 140.176036,   35.336486,       72.04,
 140.185045,   35.336486,       71.41,
 140.194054,   35.336486,       70.78,
 140.203063,   35.336486,       70.16,
 140.212072,   35.336486,       69.53,
 140.221081,   35.336486,       68.91,
 140.230090,   35.336486,       68.29,
 140.239099,   35.336486,       67.67,
 140.248108,   35.336486,       67.05,
 140.257117,   35.336486,       66.43,
 140.266126,   35.336486,       65.80,
 140.275135,   35.336486,       65.17,
 140.284144,   35.336486,       64.53,
 140.293153,   35.336486,       64.10,
 140.302162,   35.336486,       63.85,
 140.311171,   35.336486,       63.58,
 140.320180,   35.336486,       63.29,
 140.329189,   35.336486,       62.99,
 140.338198,   35.336486,       62.67,
 140.347207,   35.336486,       62.34,
 140.356216,   35.336486,       61.99,
 140.365225,   35.336486,       61.62,
 140.374234,   35.336486,       61.23,
 140.383243,   35.336486,       60.83,
 139.140000,   35.345495,      -46.51,
 139.149009,   35.345495,      -55.27,
 139.158018,   35.345495,      -62.39,
 139.167027,   35.345495,      -67.85,
 139.176036,   35.345495,      -71.67,
 139.185045,   35.345495,      -73.83,
 139.194054,   35.345495,      -74.34,
 139.203063,   35.345495,      -73.21,
 139.212072,   35.345495,      -70.42,
 139.221081,   35.345495,      -65.99,
 139.230090,   35.345495,      -59.90,
 139.239099,   35.345495,      -52.17,
 139.248108,   35.345495,      -42.78,
 139.257117,   35.345495,      -31.75,
 139.266126,   35.345495,      -19.06,
 139.275135,   35.345495,       -4.73,
 139.284144,   35.345495,       11.25,
 139.293153,   35.345495,       28.89,
 139.302162,   35.345495,       45.80,
 139.311171,   35.345495,       51.55,
 139.320180,   35.345495,       53.65,
 139.329189,   35.345495,       55.73,
 139.338198,   35.345495,       57.78,
 139.347207,   35.345495,       59.78,
 139.356216,   35.345495,       61.76,
 139.365225,   35.345495,       63.75,
 139.374234,   35.345495,       65.67,
 139.383243,   35.345495,       67.40,
 139.392252,   35.345495,       68.92,
 139.401261,   35.345495,       70.22,
 139.410270,   35.345495,       71.32,
 139.419279,   35.345495,       72.10,
 139.428288,   35.345495,       71.81,
 139.437297,   35.345495,       70.58,
 139.446306,   35.345495,       69.42,
 139.455315,   35.345495,       68.36,
 139.464324,   35.345495,       67.38,
 139.473333,   35.345495,       66.50,
 139.482342,   35.345495,       65.72,
 139.491351,   35.345495,       65.04,
 139.500360,   35.345495,       64.49,
 139.509369,   35.345495,       64.10,
 139.518378,   35.345495,       63.96,
 139.527387,   35.345495,       64.22,
 139.536396,   35.345495,       65.04,
 139.545405,   35.345495,       66.56,
 139.554414,   35.345495,       68.61,
 139.563423,   35.345495,       71.18,
 139.572432,   35.345495,       74.37,
 139.581441,   35.345495,       78.33,
 139.590450,   35.345495,       83.03,
 139.599459,   35.345495,       88.42,
 139.608468,   35.345495,       94.83,
 139.617477,   35.345495,      101.82,
 139.626486,   35.345495,      108.93,
 139.635495,   35.345495,      114.13,
 139.644505,   35.345495,      112.04,
 139.653514,   35.345495,      110.43,
 139.662523,   35.345495,      109.43,
 139.671532,   35.345495,      108.77,
 139.680541,   35.345495,      108.29,
 139.689550,   35.345495,      107.89,
 139.698559,   35.345495,      107.53,
 139.707568,   35.345495,      107.14,
 139.716577,   35.345495,      106.80,
 139.725586,   35.345495,      106.42,
 139.734595,   35.345495,      105.96,
 139.743604,   35.345495,      105.43,
 139.752613,   35.345495,      104.89,
 139.761622,   35.345495,      104.33,
 139.770631,   35.345495,      103.56,
 139.779640,   35.345495,      102.46,
 139.788649,   35.345495,      101.83,
 139.797658,   35.345495,      102.07,
 139.806667,   35.345495,      102.75,
 139.815676,   35.345495,      103.55,
 139.824685,   35.345495,      103.65,
 139.833694,   35.345495,      103.34,
 139.842703,   35.345495,      103.34,
 139.851712,   35.345495,      103.19,
 139.860721,   35.345495,      103.13,
 139.869730,   35.345495,      103.11,
 139.878739,   35.345495,      103.34,
 139.887748,   35.345495,      103.58,
 139.896757,   35.345495,      103.14,
 139.905766,   35.345495,      102.25,
 139.914775,   35.345495,      101.15,
 139.923784,   35.345495,       99.99,
 139.932793,   35.345495,       98.79,
 139.941802,   35.345495,       97.58,
 139.950811,   35.345495,       96.37,
 139.959820,   35.345495,       95.16,
 139.968829,   35.345495,       93.96,
 139.977838,   35.345495,       92.78,
 139.986847,   35.345495,       91.62,
 139.995856,   35.345495,       90.48,
 140.004865,   35.345495,       89.38,
 140.013874,   35.345495,       88.33,
 140.022883,   35.345495,       87.31,
 140.031892,   35.345495,       86.32,
 140.040901,   35.345495,       85.36,
 140.049910,   35.345495,       84.43,
 140.058919,   35.345495,       83.53,
 140.067928,   35.345495,       82.65,
 140.076937,   35.345495,       81.79,
 140.085946,   35.345495,       80.97,
 140.094955,   35.345495,       80.17,
 140.103964,   35.345495,       79.39,
 140.112973,   35.345495,       78.64,
 140.121982,   35.345495,       77.92,
 140.130991,   35.345495,       77.21,
 140.140000,   35.345495,       76.52,
 140.149009,   35.345495,       75.84,
 140.158018,   35.345495,       75.18,
 140.167027,   35.345495,       74.52,
 140.176036,   35.345495,       73.87,
 140.185045,   35.345495,       73.23,
 140.194054,   35.345495,       72.58,
 140.203063,   35.345495,       71.94,
 140.212072,   35.345495,       71.30,
 140.221081,   35.345495,       70.66,
 140.230090,   35.345495,       70.02,
 140.239099,   35.345495,       69.39,
 140.248108,   35.345495,       68.75,
 140.257117,   35.345495,       68.11,
 140.266126,   35.345495,       67.47,
 140.275135,   35.345495,       66.81,
 140.284144,   35.345495,       66.24,
 140.293153,   35.345495,       66.01,
 140.302162,   35.345495,       65.77,
 140.311171,   35.345495,       65.51,
 140.320180,   35.345495,       65.23,
 140.329189,   35.345495,       64.94,
 140.338198,   35.345495,       64.62,
 140.347207,   35.345495,       64.30,
 140.356216,   35.345495,       63.95,
 140.365225,   35.345495,       63.59,
 140.374234,   35.345495,       63.21,
 140.383243,   35.345495,       62.81,
 139.140000,   35.354505,      -66.11,
 139.149009,   35.354505,      -75.57,
 139.158018,   35.354505,      -83.38,
 139.167027,   35.354505,      -89.54,
 139.176036,   35.354505,      -94.05,
 139.185045,   35.354505,      -96.91,
 139.194054,   35.354505,      -98.12,
 139.203063,   35.354505,      -97.68,
 139.212072,   35.354505,      -95.59,
 139.221081,   35.354505,      -91.85,
 139.230090,   35.354505,      -86.47,
 139.239099,   35.354505,      -79.43,
 139.248108,   35.354505,      -70.74,
 139.257117,   35.354505,      -60.40,
 139.266126,   35.354505,      -48.41,
 139.275135,   35.354505,      -34.77,
 139.284144,   35.354505,      -19.48,
 139.293153,   35.354505,       -2.55,
 139.302162,   35.354505,       16.04,
 139.311171,   35.354505,       36.28,
 139.320180,   35.354505,       47.63,
 139.329189,   35.354505,       51.43,
 139.338198,   35.354505,       53.75,
 139.347207,   35.354505,       56.06,
 139.356216,   35.354505,       58.35,
 139.365225,   35.354505,       60.62,
 139.374234,   35.354505,       62.89,
 139.383243,   35.354505,       65.22,
 139.392252,   35.354505,       67.52,
 139.401261,   35.354505,       69.67,
 139.410270,   35.354505,       71.66,
 139.419279,   35.354505,       73.48,
 139.428288,   35.354505,       75.14,
 139.437297,   35.354505,       76.63,
 139.446306,   35.354505,       77.21,
 139.455315,   35.354505,       76.36,
 139.464324,   35.354505,       75.25,
 139.473333,   35.354505,       74.20,
 139.482342,   35.354505,       73.22,
 139.491351,   35.354505,       72.32,
 139.500360,   35.354505,       71.52,
 139.509369,   35.354505,       70.81,
 139.518378,   35.354505,       70.26,
 139.527387,   35.354505,       70.00,
 139.536396,   35.354505,       70.15,
 139.545405,   35.354505,       70.84,
 139.554414,   35.354505,       72.23,
 139.563423,   35.354505,       74.45,
 139.572432,   35.354505,       77.24,
 139.581441,   35.354505,       80.70,
 139.590450,   35.354505,       85.01,
 139.599459,   35.354505,       90.10,
 139.608468,   35.354505,       95.69,
 139.617477,   35.354505,      101.93,
 139.626486,   35.354505,      108.15,
 139.635495,   35.354505,      112.86,
 139.644505,   35.354505,      112.59,
 139.653514,   35.354505,      110.67,
 139.662523,   35.354505,      109.55,
 139.671532,   35.354505,      108.77,
 139.680541,   35.354505,      108.34,
 139.689550,   35.354505,      107.99,
 139.698559,   35.354505,      107.67,
 139.707568,   35.354505,      107.42,
 139.716577,   35.354505,      107.21,
 139.725586,   35.354505,      107.02,
 139.734595,   35.354505,      106.76,
 139.743604,   35.354505,      106.41,
 139.752613,   35.354505,      106.01,
 139.761622,   35.354505,      105.61,
 139.770631,   35.354505,      105.14,
 139.779640,   35.354505,      104.48,
 139.788649,   35.354505,      104.07,
 139.797658,   35.354505,      104.11,
 139.806667,   35.354505,      104.45,
 139.815676,   35.354505,      104.79,
 139.824685,   35.354505,      105.07,
 139.833694,   35.354505,      104.78,
 139.842703,   35.354505,      104.67,
 139.851712,   35.354505,      104.90,
 139.860721,   35.354505,      104.98,
 139.869730,   35.354505,      105.04,
 139.878739,   35.354505,      104.98,
 139.887748,   35.354505,      105.07,
 139.896757,   35.354505,      104.89,
 139.905766,   35.354505,      104.05,
 139.914775,   35.354505,      102.90,
 139.923784,   35.354505,      101.70,
 139.932793,   35.354505,      100.48,
 139.941802,   35.354505,       99.26,
 139.950811,   35.354505,       98.04,
 139.959820,   35.354505,       96.83,
 139.968829,   35.354505,       95.63,
 139.977838,   35.354505,       94.45,
 139.986847,   35.354505,       93.30,
 139.995856,   35.354505,       92.17,
 140.004865,   35.354505,       91.08,
 140.013874,   35.354505,       90.03,
 140.022883,   35.354505,       89.02,
 140.031892,   35.354505,       88.04,
 140.040901,   35.354505,       87.10,
 140.049910,   35.354505,       86.18,
 140.058919,   35.354505,       85.28,
 140.067928,   35.354505,       84.41,
 140.076937,   35.354505,       83.57,
 140.085946,   35.354505,       82.76,
 140.094955,   35.354505,       81.97,
 140.103964,   35.354505,       81.21,
 140.112973,   35.354505,       80.47,
 140.121982,   35.354505,       79.74,
 140.130991,   35.354505,       79.04,
 140.140000,   35.354505,       78.36,
 140.149009,   35.354505,       77.68,
 140.158018,   35.354505,       77.00,
 140.167027,   35.354505,       76.34,
 140.176036,   35.354505,       75.68,
 140.185045,   35.354505,       75.02,
 140.194054,   35.354505,       74.36,
 140.203063,   35.354505,       73.70,
 140.212072,   35.354505,       73.05,
 140.221081,   35.354505,       72.39,
 140.230090,   35.354505,       71.74,
 140.239099,   35.354505,       71.08,
 140.248108,   35.354505,       70.43,
 140.257117,   35.354505,       69.77,
 140.266126,   35.354505,       69.10,
 140.275135,   35.354505,       68.42,
 140.284144,   35.354505,       68.16,
 140.293153,   35.354505,       67.95,
 140.302162,   35.354505,       67.71,
 140.311171,   35.354505,       67.46,
 140.320180,   35.354505,       67.18,
 140.329189,   35.354505,       66.90,
 140.338198,   35.354505,       66.59,
 140.347207,   35.354505,       66.27,
 140.356216,   35.354505,       65.93,
 140.365225,   35.354505,       65.57,
 140.374234,   35.354505,       65.20,
 140.383243,   35.354505,       64.81,
 139.140000,   35.363514,      -87.36,
 139.149009,   35.363514,      -97.52,
 139.158018,   35.363514,     -106.03,
 139.167027,   35.363514,     -112.88,
 139.176036,   35.363514,     -118.09,
 139.185045,   35.363514,     -121.64,
 139.194054,   35.363514,     -123.55,
 139.203063,   35.363514,     -123.81,
 139.212072,   35.363514,     -122.41,
 139.221081,   35.363514,     -119.37,
 139.230090,   35.363514,     -114.68,
 139.239099,   35.363514,     -108.34,
 139.248108,   35.363514,     -100.34,
 139.257117,   35.363514,      -90.70,
 139.266126,   35.363514,      -79.41,
 139.275135,   35.363514,      -66.47,
 139.284144,   35.363514,      -51.87,
 139.293153,   35.363514,      -35.63,
 139.302162,   35.363514,      -17.74,
 139.311171,   35.363514,        1.80,
 139.320180,   35.363514,       22.99,
 139.329189,   35.363514,       43.02,
 139.338198,   35.363514,       48.90,
 139.347207,   35.363514,       51.51,
 139.356216,   35.363514,       54.04,
 139.365225,   35.363514,       56.58,
 139.374234,   35.363514,       59.11,
 139.383243,   35.363514,       61.66,
 139.392252,   35.363514,       64.25,
 139.401261,   35.363514,       66.94,
 139.410270,   35.363514,       69.61,
 139.419279,   35.363514,       72.19,
 139.428288,   35.363514,       74.67,
 139.437297,   35.363514,       77.04,
 139.446306,   35.363514,       79.30,
 139.455315,   35.363514,       81.40,
 139.464324,   35.363514,       82.62,
 139.473333,   35.363514,       82.13,
 139.482342,   35.363514,       81.00,
 139.491351,   35.363514,       79.94,
 139.500360,   35.363514,       78.94,
 139.509369,   35.363514,       78.01,
 139.518378,   35.363514,       77.19,
 139.527387,   35.363514,       76.55,
 139.536396,   35.363514,       76.17,
 139.545405,   35.363514,       76.14,
 139.554414,   35.363514,       76.62,
 139.563423,   35.363514,       77.78,
 139.572432,   35.363514,       79.99,
 139.581441,   35.363514,       82.96,
 139.590450,   35.363514,       86.65,
 139.599459,   35.363514,       91.32,
 139.608468,   35.363514,       96.77,
 139.617477,   35.363514,      102.33,
 139.626486,   35.363514,      107.90,
 139.635495,   35.363514,      112.43,
 139.644505,   35.363514,      112.82,
 139.653514,   35.363514,      110.81,
 139.662523,   35.363514,      109.56,
 139.671532,   35.363514,      108.84,
 139.680541,   35.363514,      108.40,
 139.689550,   35.363514,      108.06,
 139.698559,   35.363514,      107.80,
 139.707568,   35.363514,      107.60,
 139.716577,   35.363514,      107.52,
 139.725586,   35.363514,      107.46,
 139.734595,   35.363514,      107.37,
 139.743604,   35.363514,      107.21,
 139.752613,   35.363514,      106.99,
 139.761622,   35.363514,      106.75,
 139.770631,   35.363514,      106.57,
 139.779640,   35.363514,      106.32,
 139.788649,   35.363514,      106.20,
 139.797658,   35.363514,      106.33,
 139.806667,   35.363514,      106.54,
 139.815676,   35.363514,      106.75,
 139.824685,   35.363514,      106.54,
 139.833694,   35.363514,      106.06,
 139.842703,   35.363514,      105.42,
 139.851712,   35.363514,      106.10,
 139.860721,   35.363514,      106.60,
 139.869730,   35.363514,      106.94,
 139.878739,   35.363514,      107.04,
 139.887748,   35.363514,      106.70,
 139.896757,   35.363514,      106.58,
 139.905766,   35.363514,      105.89,
 139.914775,   35.363514,      104.70,
 139.923784,   35.363514,      103.44,
 139.932793,   35.363514,      102.19,
 139.941802,   35.363514,      100.95,
 139.950811,   35.363514,       99.72,
 139.959820,   35.363514,       98.51,
 139.968829,   35.363514,       97.30,
 139.977838,   35.363514,       96.13,
 139.986847,   35.363514,       94.98,
 139.995856,   35.363514,       93.85,
 140.004865,   35.363514,       92.77,
 140.013874,   35.363514,       91.73,
 140.022883,   35.363514,       90.73,
 140.031892,   35.363514,       89.76,
 140.040901,   35.363514,       88.83,
 140.049910,   35.363514,       87.92,
 140.058919,   35.363514,       87.03,
 140.067928,   35.363514,       86.18,
 140.076937,   35.363514,       85.35,
 140.085946,   35.363514,       84.54,
 140.094955,   35.363514,       83.77,
 140.103964,   35.363514,       83.01,
 140.112973,   35.363514,       82.28,
 140.121982,   35.363514,       81.56,
 140.130991,   35.363514,       80.87,
 140.140000,   35.363514,       80.18,
 140.149009,   35.363514,       79.49,
 140.158018,   35.363514,       78.81,
 140.167027,   35.363514,       78.14,
 140.176036,   35.363514,       77.47,
 140.185045,   35.363514,       76.80,
 140.194054,   35.363514,       76.12,
 140.203063,   35.363514,       75.45,
 140.212072,   35.363514,       74.77,
 140.221081,   35.363514,       74.10,
 140.230090,   35.363514,       73.43,
 140.239099,   35.363514,       72.76,
 140.248108,   35.363514,       72.08,
 140.257117,   35.363514,       71.40,
 140.266126,   35.363514,       70.71,
 140.275135,   35.363514,       70.30,
 140.284144,   35.363514,       70.11,
 140.293153,   35.363514,       69.90,
 140.302162,   35.363514,       69.67,
 140.311171,   35.363514,       69.42,
 140.320180,   35.363514,       69.16,
 140.329189,   35.363514,       68.87,
 140.338198,   35.363514,       68.58,
 140.347207,   35.363514,       68.26,
 140.356216,   35.363514,       67.93,
 140.365225,   35.363514,       67.58,
 140.374234,   35.363514,       67.21,
 140.383243,   35.363514,       66.83,
 139.140000,   35.372523,     -110.27,
 139.149009,   35.372523,     -121.12,
 139.158018,   35.372523,     -130.32,
 139.167027,   35.372523,     -137.87,
 139.176036,   35.372523,     -143.78,
 139.185045,   35.372523,     -148.03,
 139.194054,   35.372523,     -150.63,
 139.203063,   35.372523,     -151.58,
 139.212072,   35.372523,     -150.89,
 139.221081,   35.372523,     -148.54,
 139.230090,   35.372523,     -144.54,
 139.239099,   35.372523,     -138.89,
 139.248108,   35.372523,     -131.60,
 139.257117,   35.372523,     -122.65,
 139.266126,   35.372523,     -112.06,
 139.275135,   35.372523,      -99.81,
 139.284144,   35.372523,      -85.91,
 139.293153,   35.372523,      -70.37,
 139.302162,   35.372523,      -53.17,
 139.311171,   35.372523,      -34.33,
 139.320180,   35.372523,      -13.83,
 139.329189,   35.372523,        8.32,
 139.338198,   35.372523,       32.11,
 139.347207,   35.372523,       44.78,
 139.356216,   35.372523,       49.02,
 139.365225,   35.372523,       51.77,
 139.374234,   35.372523,       54.53,
 139.383243,   35.372523,       57.30,
 139.392252,   35.372523,       60.10,
 139.401261,   35.372523,       62.94,
 139.410270,   35.372523,       65.87,
 139.419279,   35.372523,       68.95,
 139.428288,   35.372523,       72.03,
 139.437297,   35.372523,       75.07,
 139.446306,   35.372523,       78.05,
 139.455315,   35.372523,       80.99,
 139.464324,   35.372523,       83.84,
 139.473333,   35.372523,       86.52,
 139.482342,   35.372523,       88.19,
 139.491351,   35.372523,       87.82,
 139.500360,   35.372523,       86.67,
 139.509369,   35.372523,       85.56,
 139.518378,   35.372523,       84.52,
 139.527387,   35.372523,       83.61,
 139.536396,   35.372523,       82.85,
 139.545405,   35.372523,       82.31,
 139.554414,   35.372523,       82.06,
 139.563423,   35.372523,       82.26,
 139.572432,   35.372523,       83.14,
 139.581441,   35.372523,       85.23,
 139.590450,   35.372523,       88.37,
 139.599459,   35.372523,       92.31,
 139.608468,   35.372523,       97.42,
 139.617477,   35.372523,      103.15,
 139.626486,   35.372523,      108.29,
 139.635495,   35.372523,      112.72,
 139.644505,   35.372523,      112.97,
 139.653514,   35.372523,      111.16,
 139.662523,   35.372523,      109.80,
 139.671532,   35.372523,      108.90,
 139.680541,   35.372523,      108.45,
 139.689550,   35.372523,      108.10,
 139.698559,   35.372523,      107.84,
 139.707568,   35.372523,      107.68,
 139.716577,   35.372523,      107.66,
 139.725586,   35.372523,      107.73,
 139.734595,   35.372523,      107.78,
 139.743604,   35.372523,      107.79,
 139.752613,   35.372523,      107.78,
 139.761622,   35.372523,      107.84,
 139.770631,   35.372523,      107.96,
 139.779640,   35.372523,      108.06,
 139.788649,   35.372523,      108.15,
 139.797658,   35.372523,      108.43,
 139.806667,   35.372523,      108.49,
 139.815676,   35.372523,      108.58,
 139.824685,   35.372523,      108.39,
 139.833694,   35.372523,      107.85,
 139.842703,   35.372523,      107.64,
 139.851712,   35.372523,      107.96,
 139.860721,   35.372523,      108.25,
 139.869730,   35.372523,      108.01,
 139.878739,   35.372523,      107.78,
 139.887748,   35.372523,      107.98,
 139.896757,   35.372523,      108.10,
 139.905766,   35.372523,      107.75,
 139.914775,   35.372523,      106.52,
 139.923784,   35.372523,      105.20,
 139.932793,   35.372523,      103.91,
 139.941802,   35.372523,      102.64,
 139.950811,   35.372523,      101.40,
 139.959820,   35.372523,      100.18,
 139.968829,   35.372523,       98.98,
 139.977838,   35.372523,       97.80,
 139.986847,   35.372523,       96.65,
 139.995856,   35.372523,       95.53,
 140.004865,   35.372523,       94.45,
 140.013874,   35.372523,       93.42,
 140.022883,   35.372523,       92.43,
 140.031892,   35.372523,       91.48,
 140.040901,   35.372523,       90.55,
 140.049910,   35.372523,       89.65,
 140.058919,   35.372523,       88.78,
 140.067928,   35.372523,       87.94,
 140.076937,   35.372523,       87.12,
 140.085946,   35.372523,       86.32,
 140.094955,   35.372523,       85.56,
 140.103964,   35.372523,       84.81,
 140.112973,   35.372523,       84.09,
 140.121982,   35.372523,       83.38,
 140.130991,   35.372523,       82.68,
 140.140000,   35.372523,       81.99,
 140.149009,   35.372523,       81.30,
 140.158018,   35.372523,       80.61,
 140.167027,   35.372523,       79.93,
 140.176036,   35.372523,       79.24,
 140.185045,   35.372523,       78.55,
 140.194054,   35.372523,       77.86,
 140.203063,   35.372523,       77.17,
 140.212072,   35.372523,       76.48,
 140.221081,   35.372523,       75.79,
 140.230090,   35.372523,       75.10,
 140.239099,   35.372523,       74.41,
 140.248108,   35.372523,       73.71,
 140.257117,   35.372523,       73.01,
 140.266126,   35.372523,       72.43,
 140.275135,   35.372523,       72.26,
 140.284144,   35.372523,       72.07,
 140.293153,   35.372523,       71.86,
 140.302162,   35.372523,       71.64,
 140.311171,   35.372523,       71.40,
 140.320180,   35.372523,       71.14,
 140.329189,   35.372523,       70.87,
 140.338198,   35.372523,       70.58,
 140.347207,   35.372523,       70.27,
 140.356216,   35.372523,       69.94,
 140.365225,   35.372523,       69.60,
 140.374234,   35.372523,       69.24,
 140.383243,   35.372523,       68.86,
 139.140000,   35.381532,     -134.82,
 139.149009,   35.381532,     -146.37,
 139.158018,   35.381532,     -156.27,
 139.167027,   35.381532,     -164.51,
 139.176036,   35.381532,     -171.11,
 139.185045,   35.381532,     -176.06,
 139.194054,   35.381532,     -179.36,
 139.203063,   35.381532,     -181.01,
 139.212072,   35.381532,     -181.01,
 139.221081,   35.381532,     -179.35,
 139.230090,   35.381532,     -176.05,
 139.239099,   35.381532,     -171.10,
 139.248108,   35.381532,     -164.50,
 139.257117,   35.381532,     -156.25,
 139.266126,   35.381532,     -146.35,
 139.275135,   35.381532,     -134.80,
 139.284144,   35.381532,     -121.60,
 139.293153,   35.381532,     -106.75,
 139.302162,   35.381532,      -90.25,
 139.311171,   35.381532,      -72.10,
 139.320180,   35.381532,      -52.30,
 139.329189,   35.381532,      -30.85,
 139.338198,   35.381532,       -7.75,
 139.347207,   35.381532,       16.99,
 139.356216,   35.381532,       40.27,
 139.365225,   35.381532,       46.14,
 139.374234,   35.381532,       49.27,
 139.383243,   35.381532,       52.24,
 139.392252,   35.381532,       55.22,
 139.401261,   35.381532,       58.25,
 139.410270,   35.381532,       61.33,
 139.419279,   35.381532,       64.50,
 139.428288,   35.381532,       67.83,
 139.437297,   35.381532,       71.31,
 139.446306,   35.381532,       74.83,
 139.455315,   35.381532,       78.36,
 139.464324,   35.381532,       81.88,
 139.473333,   35.381532,       85.41,
 139.482342,   35.381532,       88.88,
 139.491351,   35.381532,       92.09,
 139.500360,   35.381532,       93.99,
 139.509369,   35.381532,       93.42,
 139.518378,   35.381532,       92.20,
 139.527387,   35.381532,       91.06,
 139.536396,   35.381532,       90.02,
 139.545405,   35.381532,       89.10,
 139.554414,   35.381532,       88.34,
 139.563423,   35.381532,       87.82,
 139.572432,   35.381532,       87.68,
 139.581441,   35.381532,       88.23,
 139.590450,   35.381532,       90.19,
 139.599459,   35.381532,       93.50,
 139.608468,   35.381532,       97.79,
 139.617477,   35.381532,      103.56,
 139.626486,   35.381532,      109.24,
 139.635495,   35.381532,      113.61,
 139.644505,   35.381532,      113.04,
 139.653514,   35.381532,      110.94,
 139.662523,   35.381532,      109.74,
 139.671532,   35.381532,      108.90,
 139.680541,   35.381532,      108.42,
 139.689550,   35.381532,      108.03,
 139.698559,   35.381532,      107.68,
 139.707568,   35.381532,      107.57,
 139.716577,   35.381532,      107.63,
 139.725586,   35.381532,      107.82,
 139.734595,   35.381532,      108.00,
 139.743604,   35.381532,      108.17,
 139.752613,   35.381532,      108.39,
 139.761622,   35.381532,      108.70,
 139.770631,   35.381532,      109.04,
 139.779640,   35.381532,      109.34,
 139.788649,   35.381532,      109.71,
 139.797658,   35.381532,      110.01,
 139.806667,   35.381532,      110.06,
 139.815676,   35.381532,      110.03,
 139.824685,   35.381532,      109.74,
 139.833694,   35.381532,      109.34,
 139.842703,   35.381532,      109.08,
 139.851712,   35.381532,      109.19,
 139.860721,   35.381532,      109.07,
 139.869730,   35.381532,      108.74,
 139.878739,   35.381532,      108.42,
 139.887748,   35.381532,      108.31,
 139.896757,   35.381532,      108.45,
 139.905766,   35.381532,      109.14,
 139.914775,   35.381532,      108.36,
 139.923784,   35.381532,      106.94,
 139.932793,   35.381532,      105.61,
 139.941802,   35.381532,      104.33,
 139.950811,   35.381532,      103.07,
 139.959820,   35.381532,      101.85,
 139.968829,   35.381532,      100.65,
 139.977838,   35.381532,       99.47,
 139.986847,   35.381532,       98.33,
 139.995856,   35.381532,       97.21,
 140.004865,   35.381532,       96.13,
 140.013874,   35.381532,       95.11,
 140.022883,   35.381532,       94.13,
 140.031892,   35.381532,       93.18,
 140.040901,   35.381532,       92.27,
 140.049910,   35.381532,       91.38,
 140.058919,   35.381532,       90.52,
 140.067928,   35.381532,       89.69,
 140.076937,   35.381532,       88.88,
 140.085946,   35.381532,       88.10,
 140.094955,   35.381532,       87.35,
 140.103964,   35.381532,       86.61,
 140.112973,   35.381532,       85.89,
 140.121982,   35.381532,       85.19,
 140.130991,   35.381532,       84.49,
 140.140000,   35.381532,       83.79,
 140.149009,   35.381532,       83.09,
 140.158018,   35.381532,       82.40,
 140.167027,   35.381532,       81.70,
 140.176036,   35.381532,       80.99,
 140.185045,   35.381532,       80.28,
 140.194054,   35.381532,       79.58,
 140.203063,   35.381532,       78.87,
 140.212072,   35.381532,       78.16,
 140.221081,   35.381532,       77.45,
 140.230090,   35.381532,       76.74,
 140.239099,   35.381532,       76.03,
 140.248108,   35.381532,       75.31,
 140.257117,   35.381532,       74.58,
 140.266126,   35.381532,       74.39,
 140.275135,   35.381532,       74.23,
 140.284144,   35.381532,       74.05,
 140.293153,   35.381532,       73.85,
 140.302162,   35.381532,       73.63,
 140.311171,   35.381532,       73.40,
 140.320180,   35.381532,       73.15,
 140.329189,   35.381532,       72.88,
 140.338198,   35.381532,       72.59,
 140.347207,   35.381532,       72.29,
 140.356216,   35.381532,       71.97,
 140.365225,   35.381532,       71.64,
 140.374234,   35.381532,       71.28,
 140.383243,   35.381532,       70.91,
 139.140000,   35.390541,     -161.02,
 139.149009,   35.390541,     -173.27,
 139.158018,   35.390541,     -183.86,
 139.167027,   35.390541,     -192.80,
 139.176036,   35.390541,     -200.10,
 139.185045,   35.390541,     -205.74,
 139.194054,   35.390541,     -209.74,
 139.203063,   35.390541,     -212.08,
 139.212072,   35.390541,     -212.78,
 139.221081,   35.390541,     -211.82,
 139.230090,   35.390541,     -209.22,
 139.239099,   35.390541,     -204.96,
 139.248108,   35.390541,     -199.06,
 139.257117,   35.390541,     -191.50,
 139.266126,   35.390541,     -182.30,
 139.275135,   35.390541,     -171.44,
 139.284144,   35.390541,     -158.94,
 139.293153,   35.390541,     -144.79,
 139.302162,   35.390541,     -128.98,
 139.311171,   35.390541,     -111.53,
 139.320180,   35.390541,      -92.43,
 139.329189,   35.390541,      -71.67,
 139.338198,   35.390541,      -49.27,
 139.347207,   35.390541,      -25.22,
 139.356216,   35.390541,        0.49,
 139.365225,   35.390541,       27.84,
 139.374234,   35.390541,       41.99,
 139.383243,   35.390541,       46.57,
 139.392252,   35.390541,       49.72,
 139.401261,   35.390541,       52.91,
 139.410270,   35.390541,       56.14,
 139.419279,   35.390541,       59.45,
 139.428288,   35.390541,       62.85,
 139.437297,   35.390541,       66.39,
 139.446306,   35.390541,       70.15,
 139.455315,   35.390541,       74.08,
 139.464324,   35.390541,       78.08,
 139.473333,   35.390541,       82.13,
 139.482342,   35.390541,       86.25,
 139.491351,   35.390541,       90.41,
 139.500360,   35.390541,       94.53,
 139.509369,   35.390541,       98.17,
 139.518378,   35.390541,       99.94,
 139.527387,   35.390541,       98.88,
 139.536396,   35.390541,       97.61,
 139.545405,   35.390541,       96.40,
 139.554414,   35.390541,       95.27,
 139.563423,   35.390541,       94.24,
 139.572432,   35.390541,       93.37,
 139.581441,   35.390541,       92.82,
 139.590450,   35.390541,       92.97,
 139.599459,   35.390541,       94.95,
 139.608468,   35.390541,       98.48,
 139.617477,   35.390541,      103.45,
 139.626486,   35.390541,      110.33,
 139.635495,   35.390541,      114.77,
 139.644505,   35.390541,      112.72,
 139.653514,   35.390541,      110.77,
 139.662523,   35.390541,      109.38,
 139.671532,   35.390541,      108.65,
 139.680541,   35.390541,      108.22,
 139.689550,   35.390541,      107.70,
 139.698559,   35.390541,      107.29,
 139.707568,   35.390541,      107.20,
 139.716577,   35.390541,      107.42,
 139.725586,   35.390541,      107.75,
 139.734595,   35.390541,      108.04,
 139.743604,   35.390541,      108.32,
 139.752613,   35.390541,      108.72,
 139.761622,   35.390541,      109.13,
 139.770631,   35.390541,      109.62,
 139.779640,   35.390541,      110.13,
 139.788649,   35.390541,      110.64,
 139.797658,   35.390541,      110.87,
 139.806667,   35.390541,      110.99,
 139.815676,   35.390541,      110.98,
 139.824685,   35.390541,      110.83,
 139.833694,   35.390541,      110.68,
 139.842703,   35.390541,      110.49,
 139.851712,   35.390541,      110.35,
 139.860721,   35.390541,      110.15,
 139.869730,   35.390541,      109.76,
 139.878739,   35.390541,      109.27,
 139.887748,   35.390541,      108.83,
 139.896757,   35.390541,      108.66,
 139.905766,   35.390541,      109.18,
 139.914775,   35.390541,      109.97,
 139.923784,   35.390541,      108.62,
 139.932793,   35.390541,      107.27,
 139.941802,   35.390541,      105.98,
 139.950811,   35.390541,      104.73,
 139.959820,   35.390541,      103.51,
 139.968829,   35.390541,      102.31,
 139.977838,   35.390541,      101.14,
 139.986847,   35.390541,      100.00,
 139.995856,   35.390541,       98.88,
 140.004865,   35.390541,       97.81,
 140.013874,   35.390541,       96.80,
 140.022883,   35.390541,       95.82,
 140.031892,   35.390541,       94.89,
 140.040901,   35.390541,       93.99,
 140.049910,   35.390541,       93.11,
 140.058919,   35.390541,       92.26,
 140.067928,   35.390541,       91.44,
 140.076937,   35.390541,       90.64,
 140.085946,   35.390541,       89.87,
 140.094955,   35.390541,       89.13,
 140.103964,   35.390541,       88.40,
 140.112973,   35.390541,       87.69,
 140.121982,   35.390541,       86.99,
 140.130991,   35.390541,       86.28,
 140.140000,   35.390541,       85.57,
 140.149009,   35.390541,       84.87,
 140.158018,   35.390541,       84.16,
 140.167027,   35.390541,       83.45,
 140.176036,   35.390541,       82.72,
 140.185045,   35.390541,       82.00,
 140.194054,   35.390541,       81.27,
 140.203063,   35.390541,       80.55,
 140.212072,   35.390541,       79.82,
 140.221081,   35.390541,       79.09,
 140.230090,   35.390541,       78.36,
 140.239099,   35.390541,       77.63,
 140.248108,   35.390541,       76.89,
 140.257117,   35.390541,       76.52,
 140.266126,   35.390541,       76.38,
 140.275135,   35.390541,       76.22,
 140.284144,   35.390541,       76.04,
 140.293153,   35.390541,       75.85,
 140.302162,   35.390541,       75.64,
 140.311171,   35.390541,       75.41,
 140.320180,   35.390541,       75.17,
 140.329189,   35.390541,       74.91,
 140.338198,   35.390541,       74.63,
 140.347207,   35.390541,       74.33,
 140.356216,   35.390541,       74.02,
 140.365225,   35.390541,       73.69,
 140.374234,   35.390541,       73.35,
 140.383243,   35.390541,       72.98,
 139.140000,   35.399550,     -188.87,
 139.149009,   35.399550,     -201.81,
 139.158018,   35.399550,     -213.10,
 139.167027,   35.399550,     -222.74,
 139.176036,   35.399550,     -230.73,
 139.185045,   35.399550,     -237.07,
 139.194054,   35.399550,     -241.76,
 139.203063,   35.399550,     -244.81,
 139.212072,   35.399550,     -246.20,
 139.221081,   35.399550,     -245.94,
 139.230090,   35.399550,     -244.03,
 139.239099,   35.399550,     -240.47,
 139.248108,   35.399550,     -235.26,
 139.257117,   35.399550,     -228.40,
 139.266126,   35.399550,     -219.89,
 139.275135,   35.399550,     -209.74,
 139.284144,   35.399550,     -197.93,
 139.293153,   35.399550,     -184.47,
 139.302162,   35.399550,     -169.36,
 139.311171,   35.399550,     -152.61,
 139.320180,   35.399550,     -134.20,
 139.329189,   35.399550,     -114.14,
 139.338198,   35.399550,      -92.43,
 139.347207,   35.399550,      -69.08,
 139.356216,   35.399550,      -44.07,
 139.365225,   35.399550,      -17.41,
 139.374234,   35.399550,       10.89,
 139.383243,   35.399550,       37.53,
 139.392252,   35.399550,       43.42,
 139.401261,   35.399550,       47.01,
 139.410270,   35.399550,       50.38,
 139.419279,   35.399550,       53.81,
 139.428288,   35.399550,       57.31,
 139.437297,   35.399550,       60.93,
 139.446306,   35.399550,       64.69,
 139.455315,   35.399550,       68.66,
 139.464324,   35.399550,       72.90,
 139.473333,   35.399550,       77.32,
 139.482342,   35.399550,       81.85,
 139.491351,   35.399550,       86.50,
 139.500360,   35.399550,       91.27,
 139.509369,   35.399550,       96.13,
 139.518378,   35.399550,      100.93,
 139.527387,   35.399550,      104.74,
 139.536396,   35.399550,      105.60,
 139.545405,   35.399550,      104.16,
 139.554414,   35.399550,      102.74,
 139.563423,   35.399550,      101.34,
 139.572432,   35.399550,       99.97,
 139.581441,   35.399550,       98.70,
 139.590450,   35.399550,       97.67,
 139.599459,   35.399550,       97.46,
 139.608468,   35.399550,       99.80,
 139.617477,   35.399550,      103.92,
 139.626486,   35.399550,      110.45,
 139.635495,   35.399550,      115.24,
 139.644505,   35.399550,      112.49,
 139.653514,   35.399550,      110.38,
 139.662523,   35.399550,      109.22,
 139.671532,   35.399550,      108.43,
 139.680541,   35.399550,      107.70,
 139.689550,   35.399550,      106.90,
 139.698559,   35.399550,      106.44,
 139.707568,   35.399550,      106.66,
 139.716577,   35.399550,      107.15,
 139.725586,   35.399550,      107.56,
 139.734595,   35.399550,      107.84,
 139.743604,   35.399550,      108.20,
 139.752613,   35.399550,      108.66,
 139.761622,   35.399550,      109.21,
 139.770631,   35.399550,      109.81,
 139.779640,   35.399550,      110.37,
 139.788649,   35.399550,      110.80,
 139.797658,   35.399550,      111.21,
 139.806667,   35.399550,      111.39,
 139.815676,   35.399550,      111.50,
 139.824685,   35.399550,      111.54,
 139.833694,   35.399550,      111.55,
 139.842703,   35.399550,      111.46,
 139.851712,   35.399550,      111.34,
 139.860721,   35.399550,      111.15,
 139.869730,   35.399550,      110.75,
 139.878739,   35.399550,      110.16,
 139.887748,   35.399550,      109.50,
 139.896757,   35.399550,      109.29,
 139.905766,   35.399550,      109.70,
 139.914775,   35.399550,      110.18,
 139.923784,   35.399550,      109.95,
 139.932793,   35.399550,      108.77,
 139.941802,   35.399550,      107.56,
 139.950811,   35.399550,      106.35,
 139.959820,   35.399550,      105.15,
 139.968829,   35.399550,      103.97,
 139.977838,   35.399550,      102.80,
 139.986847,   35.399550,      101.67,
 139.995856,   35.399550,      100.55,
 140.004865,   35.399550,       99.49,
 140.013874,   35.399550,       98.48,
 140.022883,   35.399550,       97.51,
 140.031892,   35.399550,       96.59,
 140.040901,   35.399550,       95.70,
 140.049910,   35.399550,       94.83,
 140.058919,   35.399550,       94.00,
 140.067928,   35.399550,       93.19,
 140.076937,   35.399550,       92.40,
 140.085946,   35.399550,       91.64,
 140.094955,   35.399550,       90.91,
 140.103964,   35.399550,       90.18,
 140.112973,   35.399550,       89.48,
 140.121982,   35.399550,       88.77,
 140.130991,   35.399550,       88.06,
 140.140000,   35.399550,       87.35,
 140.149009,   35.399550,       86.64,
 140.158018,   35.399550,       85.91,
 140.167027,   35.399550,       85.17,
 140.176036,   35.399550,       84.43,
 140.185045,   35.399550,       83.69,
 140.194054,   35.399550,       82.95,
 140.203063,   35.399550,       82.20,
 140.212072,   35.399550,       81.46,
 140.221081,   35.399550,       80.71,
 140.230090,   35.399550,       79.96,
 140.239099,   35.399550,       79.20,
 140.248108,   35.399550,       78.63,
 140.257117,   35.399550,       78.51,
 140.266126,   35.399550,       78.37,
 140.275135,   35.399550,       78.22,
 140.284144,   35.399550,       78.05,
 140.293153,   35.399550,       77.87,
 140.302162,   35.399550,       77.67,
 140.311171,   35.399550,       77.45,
 140.320180,   35.399550,       77.21,
 140.329189,   35.399550,       76.95,
 140.338198,   35.399550,       76.68,
 140.347207,   35.399550,       76.39,
 140.356216,   35.399550,       76.09,
 140.365225,   35.399550,       75.77,
 140.374234,   35.399550,       75.43,
 140.383243,   35.399550,       75.07,
 139.140000,   35.408559,     -218.38,
 139.149009,   35.408559,     -232.01,
 139.158018,   35.408559,     -244.00,
 139.167027,   35.408559,     -254.33,
 139.176036,   35.408559,     -263.02,
 139.185045,   35.408559,     -270.06,
 139.194054,   35.408559,     -275.44,
 139.203063,   35.408559,     -279.18,
 139.212072,   35.408559,     -281.27,
 139.221081,   35.408559,     -281.70,
 139.230090,   35.408559,     -280.49,
 139.239099,   35.408559,     -277.63,
 139.248108,   35.408559,     -273.12,
 139.257117,   35.408559,     -266.95,
 139.266126,   35.408559,     -259.14,
 139.275135,   35.408559,     -249.68,
 139.284144,   35.408559,     -238.57,
 139.293153,   35.408559,     -225.81,
 139.302162,   35.408559,     -211.39,
 139.311171,   35.408559,     -195.33,
 139.320180,   35.408559,     -177.62,
 139.329189,   35.408559,     -158.26,
 139.338198,   35.408559,     -137.25,
 139.347207,   35.408559,     -114.59,
 139.356216,   35.408559,      -90.28,
 139.365225,   35.408559,      -64.32,
 139.374234,   35.408559,      -36.71,
 139.383243,   35.408559,       -7.45,
 139.392252,   35.408559,       23.46,
 139.401261,   35.408559,       39.26,
 139.410270,   35.408559,       44.11,
 139.419279,   35.408559,       47.65,
 139.428288,   35.408559,       51.26,
 139.437297,   35.408559,       54.96,
 139.446306,   35.408559,       58.77,
 139.455315,   35.408559,       62.74,
 139.464324,   35.408559,       66.92,
 139.473333,   35.408559,       71.39,
 139.482342,   35.408559,       76.15,
 139.491351,   35.408559,       81.11,
 139.500360,   35.408559,       86.25,
 139.509369,   35.408559,       91.58,
 139.518378,   35.408559,       97.10,
 139.527387,   35.408559,      102.74,
 139.536396,   35.408559,      108.09,
 139.545405,   35.408559,      111.53,
 139.554414,   35.408559,      110.72,
 139.563423,   35.408559,      109.05,
 139.572432,   35.408559,      107.33,
 139.581441,   35.408559,      105.57,
 139.590450,   35.408559,      103.78,
 139.599459,   35.408559,      102.15,
 139.608468,   35.408559,      101.64,
 139.617477,   35.408559,      104.73,
 139.626486,   35.408559,      110.36,
 139.635495,   35.408559,      126.36,
 139.644505,   35.408559,      118.92,
 139.653514,   35.408559,      110.83,
 139.662523,   35.408559,      109.42,
 139.671532,   35.408559,      107.35,
 139.680541,   35.408559,      105.74,
 139.689550,   35.408559,      105.55,
 139.698559,   35.408559,      104.84,
 139.707568,   35.408559,      105.95,
 139.716577,   35.408559,      106.85,
 139.725586,   35.408559,      107.37,
 139.734595,   35.408559,      107.54,
 139.743604,   35.408559,      107.91,
 139.752613,   35.408559,      108.43,
 139.761622,   35.408559,      109.01,
 139.770631,   35.408559,      109.60,
 139.779640,   35.408559,      110.16,
 139.788649,   35.408559,      110.66,
 139.797658,   35.408559,      111.02,
 139.806667,   35.408559,      111.35,
 139.815676,   35.408559,      111.59,
 139.824685,   35.408559,      111.76,
 139.833694,   35.408559,      111.88,
 139.842703,   35.408559,      111.93,
 139.851712,   35.408559,      111.93,
 139.860721,   35.408559,      111.79,
 139.869730,   35.408559,      111.45,
 139.878739,   35.408559,      110.84,
 139.887748,   35.408559,      110.04,
 139.896757,   35.408559,      109.81,
 139.905766,   35.408559,      110.13,
 139.914775,   35.408559,      110.40,
 139.923784,   35.408559,      110.60,
 139.932793,   35.408559,      110.09,
 139.941802,   35.408559,      109.04,
 139.950811,   35.408559,      107.90,
 139.959820,   35.408559,      106.75,
 139.968829,   35.408559,      105.60,
 139.977838,   35.408559,      104.46,
 139.986847,   35.408559,      103.33,
 139.995856,   35.408559,      102.23,
 140.004865,   35.408559,      101.16,
 140.013874,   35.408559,      100.16,
 140.022883,   35.408559,       99.20,
 140.031892,   35.408559,       98.29,
 140.040901,   35.408559,       97.40,
 140.049910,   35.408559,       96.55,
 140.058919,   35.408559,       95.73,
 140.067928,   35.408559,       94.93,
 140.076937,   35.408559,       94.15,
 140.085946,   35.408559,       93.40,
 140.094955,   35.408559,       92.68,
 140.103964,   35.408559,       91.96,
 140.112973,   35.408559,       91.26,
 140.121982,   35.408559,       90.55,
 140.130991,   35.408559,       89.83,
 140.140000,   35.408559,       89.11,
 140.149009,   35.408559,       88.39,
 140.158018,   35.408559,       87.64,
 140.167027,   35.408559,       86.88,
 140.176036,   35.408559,       86.12,
 140.185045,   35.408559,       85.36,
 140.194054,   35.408559,       84.60,
 140.203063,   35.408559,       83.83,
 140.212072,   35.408559,       83.07,
 140.221081,   35.408559,       82.30,
 140.230090,   35.408559,       81.52,
 140.239099,   35.408559,       80.74,
 140.248108,   35.408559,       80.63,
 140.257117,   35.408559,       80.52,
 140.266126,   35.408559,       80.39,
 140.275135,   35.408559,       80.25,
 140.284144,   35.408559,       80.08,
 140.293153,   35.408559,       79.90,
 140.302162,   35.408559,       79.71,
 140.311171,   35.408559,       79.50,
 140.320180,   35.408559,       79.26,
 140.329189,   35.408559,       79.02,
 140.338198,   35.408559,       78.75,
 140.347207,   35.408559,       78.47,
 140.356216,   35.408559,       78.17,
 140.365225,   35.408559,       77.86,
 140.374234,   35.408559,       77.52,
 140.383243,   35.408559,       77.17,
 139.140000,   35.417568,     -249.53,
 139.149009,   35.417568,     -263.86,
 139.158018,   35.417568,     -276.54,
 139.167027,   35.417568,     -287.57,
 139.176036,   35.417568,     -296.96,
 139.185045,   35.417568,     -304.69,
 139.194054,   35.417568,     -310.77,
 139.203063,   35.417568,     -315.20,
 139.212072,   35.417568,     -317.99,
 139.221081,   35.417568,     -319.12,
 139.230090,   35.417568,     -318.60,
 139.239099,   35.417568,     -316.44,
 139.248108,   35.417568,     -312.62,
 139.257117,   35.417568,     -307.15,
 139.266126,   35.417568,     -300.04,
 139.275135,   35.417568,     -291.27,
 139.284144,   35.417568,     -280.86,
 139.293153,   35.417568,     -268.79,
 139.302162,   35.417568,     -255.07,
 139.311171,   35.417568,     -239.71,
 139.320180,   35.417568,     -222.69,
 139.329189,   35.417568,     -204.03,
 139.338198,   35.417568,     -183.71,
 139.347207,   35.417568,     -161.75,
 139.356216,   35.417568,     -138.13,
 139.365225,   35.417568,     -112.87,
 139.374234,   35.417568,      -85.95,
 139.383243,   35.417568,      -57.39,
 139.392252,   35.417568,      -27.18,
 139.401261,   35.417568,        4.69,
 139.410270,   35.417568,       34.81,
 139.419279,   35.417568,       40.75,
 139.428288,   35.417568,       44.74,
 139.437297,   35.417568,       48.51,
 139.446306,   35.417568,       52.39,
 139.455315,   35.417568,       56.40,
 139.464324,   35.417568,       60.57,
 139.473333,   35.417568,       64.95,
 139.482342,   35.417568,       69.61,
 139.491351,   35.417568,       74.65,
 139.500360,   35.417568,       79.99,
 139.509369,   35.417568,       85.56,
 139.518378,   35.417568,       91.40,
 139.527387,   35.417568,       97.53,
 139.536396,   35.417568,      103.91,
 139.545405,   35.417568,      110.40,
 139.554414,   35.417568,      115.88,
 139.563423,   35.417568,      117.32,
 139.572432,   35.417568,      115.36,
 139.581441,   35.417568,      113.27,
 139.590450,   35.417568,      110.98,
 139.599459,   35.417568,      108.47,
 139.608468,   35.417568,      105.91,
 139.617477,   35.417568,      105.65,
 139.626486,   35.417568,      109.23,
 139.635495,   35.417568,      117.87,
 139.644505,   35.417568,      122.69,
 139.653514,   35.417568,      111.40,
 139.662523,   35.417568,      108.15,
 139.671532,   35.417568,      105.84,
 139.680541,   35.417568,       99.96,
 139.689550,   35.417568,       96.56,
 139.698559,   35.417568,      102.31,
 139.707568,   35.417568,      105.19,
 139.716577,   35.417568,      106.73,
 139.725586,   35.417568,      107.15,
 139.734595,   35.417568,      107.40,
 139.743604,   35.417568,      107.64,
 139.752613,   35.417568,      108.03,
 139.761622,   35.417568,      108.58,
 139.770631,   35.417568,      109.24,
 139.779640,   35.417568,      109.77,
 139.788649,   35.417568,      110.25,
 139.797658,   35.417568,      110.64,
 139.806667,   35.417568,      111.01,
 139.815676,   35.417568,      111.35,
 139.824685,   35.417568,      111.69,
 139.833694,   35.417568,      111.92,
 139.842703,   35.417568,      112.07,
 139.851712,   35.417568,      112.18,
 139.860721,   35.417568,      112.15,
 139.869730,   35.417568,      111.96,
 139.878739,   35.417568,      111.41,
 139.887748,   35.417568,      110.58,
 139.896757,   35.417568,      110.29,
 139.905766,   35.417568,      110.61,
 139.914775,   35.417568,      110.72,
 139.923784,   35.417568,      110.62,
 139.932793,   35.417568,      111.02,
 139.941802,   35.417568,      110.37,
 139.950811,   35.417568,      109.40,
 139.959820,   35.417568,      108.33,
 139.968829,   35.417568,      107.22,
 139.977838,   35.417568,      106.11,
 139.986847,   35.417568,      105.00,
 139.995856,   35.417568,      103.90,
 140.004865,   35.417568,      102.83,
 140.013874,   35.417568,      101.83,
 140.022883,   35.417568,      100.88,
 140.031892,   35.417568,       99.98,
 140.040901,   35.417568,       99.11,
 140.049910,   35.417568,       98.26,
 140.058919,   35.417568,       97.45,
 140.067928,   35.417568,       96.66,
 140.076937,   35.417568,       95.90,
 140.085946,   35.417568,       95.16,
 140.094955,   35.417568,       94.44,
 140.103964,   35.417568,       93.74,
 140.112973,   35.417568,       93.04,
 140.121982,   35.417568,       92.32,
 140.130991,   35.417568,       91.60,
 140.140000,   35.417568,       90.87,
 140.149009,   35.417568,       90.11,
 140.158018,   35.417568,       89.35,
 140.167027,   35.417568,       88.57,
 140.176036,   35.417568,       87.79,
 140.185045,   35.417568,       87.01,
 140.194054,   35.417568,       86.23,
 140.203063,   35.417568,       85.44,
 140.212072,   35.417568,       84.65,
 140.221081,   35.417568,       83.86,
 140.230090,   35.417568,       83.06,
 140.239099,   35.417568,       82.74,
 140.248108,   35.417568,       82.65,
 140.257117,   35.417568,       82.54,
 140.266126,   35.417568,       82.42,
 140.275135,   35.417568,       82.29,
 140.284144,   35.417568,       82.13,
 140.293153,   35.417568,       81.96,
 140.302162,   35.417568,       81.77,
 140.311171,   35.417568,       81.56,
 140.320180,   35.417568,       81.34,
 140.329189,   35.417568,       81.10,
 140.338198,   35.417568,       80.84,
 140.347207,   35.417568,       80.56,
 140.356216,   35.417568,       80.27,
 140.365225,   35.417568,       79.96,
 140.374234,   35.417568,       79.64,
 140.383243,   35.417568,       79.29,
 139.140000,   35.426577,     -282.33,
 139.149009,   35.426577,     -297.36,
 139.158018,   35.426577,     -310.73,
 139.167027,   35.426577,     -322.46,
 139.176036,   35.426577,     -332.54,
 139.185045,   35.426577,     -340.97,
 139.194054,   35.426577,     -347.75,
 139.203063,   35.426577,     -352.88,
 139.212072,   35.426577,     -356.36,
 139.221081,   35.426577,     -358.19,
 139.230090,   35.426577,     -358.36,
 139.239099,   35.426577,     -356.89,
 139.248108,   35.426577,     -353.77,
 139.257117,   35.426577,     -349.00,
 139.266126,   35.426577,     -342.58,
 139.275135,   35.426577,     -334.51,
 139.284144,   35.426577,     -324.79,
 139.293153,   35.426577,     -313.42,
 139.302162,   35.426577,     -300.40,
 139.311171,   35.426577,     -285.73,
 139.320180,   35.426577,     -269.42,
 139.329189,   35.426577,     -251.45,
 139.338198,   35.426577,     -231.83,
 139.347207,   35.426577,     -210.56,
 139.356216,   35.426577,     -187.64,
 139.365225,   35.426577,     -163.07,
 139.374234,   35.426577,     -136.85,
 139.383243,   35.426577,     -108.98,
 139.392252,   35.426577,      -79.47,
 139.401261,   35.426577,      -48.30,
 139.410270,   35.426577,      -15.48,
 139.419279,   35.426577,       18.99,
 139.428288,   35.426577,       36.56,
 139.437297,   35.426577,       41.65,
 139.446306,   35.426577,       45.58,
 139.455315,   35.426577,       49.63,
 139.464324,   35.426577,       53.81,
 139.473333,   35.426577,       58.17,
 139.482342,   35.426577,       62.75,
 139.491351,   35.426577,       67.61,
 139.500360,   35.426577,       72.86,
 139.509369,   35.426577,       78.52,
 139.518378,   35.426577,       84.51,
 139.527387,   35.426577,       90.82,
 139.536396,   35.426577,       97.50,
 139.545405,   35.426577,      104.57,
 139.554414,   35.426577,      111.95,
 139.563423,   35.426577,      119.09,
 139.572432,   35.426577,      123.51,
 139.581441,   35.426577,      121.70,
 139.590450,   35.426577,      119.11,
 139.599459,   35.426577,      116.07,
 139.608468,   35.426577,      112.42,
 139.617477,   35.426577,      108.37,
 139.626486,   35.426577,      108.79,
 139.635495,   35.426577,      113.63,
 139.644505,   35.426577,      119.03,
 139.653514,   35.426577,      107.44,
 139.662523,   35.426577,      103.11,
 139.671532,   35.426577,      103.63,
 139.680541,   35.426577,      101.65,
 139.689550,   35.426577,       94.50,
 139.698559,   35.426577,      100.34,
 139.707568,   35.426577,      104.71,
 139.716577,   35.426577,      106.48,
 139.725586,   35.426577,      107.00,
 139.734595,   35.426577,      107.17,
 139.743604,   35.426577,      107.34,
 139.752613,   35.426577,      107.65,
 139.761622,   35.426577,      108.15,
 139.770631,   35.426577,      108.73,
 139.779640,   35.426577,      109.27,
 139.788649,   35.426577,      109.75,
 139.797658,   35.426577,      110.17,
 139.806667,   35.426577,      110.58,
 139.815676,   35.426577,      111.00,
 139.824685,   35.426577,      111.40,
 139.833694,   35.426577,      111.78,
 139.842703,   35.426577,      112.06,
 139.851712,   35.426577,      112.30,
 139.860721,   35.426577,      112.48,
 139.869730,   35.426577,      112.50,
 139.878739,   35.426577,      112.17,
 139.887748,   35.426577,      111.50,
 139.896757,   35.426577,      111.22,
 139.905766,   35.426577,      111.22,
 139.914775,   35.426577,      111.14,
 139.923784,   35.426577,      110.96,
 139.932793,   35.426577,      110.83,
 139.941802,   35.426577,      111.41,
 139.950811,   35.426577,      110.78,
 139.959820,   35.426577,      109.85,
 139.968829,   35.426577,      108.83,
 139.977838,   35.426577,      107.76,
 139.986847,   35.426577,      106.66,
 139.995856,   35.426577,      105.58,
 140.004865,   35.426577,      104.51,
 140.013874,   35.426577,      103.51,
 140.022883,   35.426577,      102.56,
 140.031892,   35.426577,      101.66,
 140.040901,   35.426577,      100.80,
 140.049910,   35.426577,       99.97,
 140.058919,   35.426577,       99.17,
 140.067928,   35.426577,       98.39,
 140.076937,   35.426577,       97.64,
 140.085946,   35.426577,       96.92,
 140.094955,   35.426577,       96.21,
 140.103964,   35.426577,       95.51,
 140.112973,   35.426577,       94.81,
 140.121982,   35.426577,       94.08,
 140.130991,   35.426577,       93.35,
 140.140000,   35.426577,       92.60,
 140.149009,   35.426577,       91.82,
 140.158018,   35.426577,       91.03,
 140.167027,   35.426577,       90.24,
 140.176036,   35.426577,       89.44,
 140.185045,   35.426577,       88.63,
 140.194054,   35.426577,       87.83,
 140.203063,   35.426577,       87.02,
 140.212072,   35.426577,       86.21,
 140.221081,   35.426577,       85.39,
 140.230090,   35.426577,       84.83,
 140.239099,   35.426577,       84.77,
 140.248108,   35.426577,       84.69,
 140.257117,   35.426577,       84.59,
 140.266126,   35.426577,       84.47,
 140.275135,   35.426577,       84.34,
 140.284144,   35.426577,       84.19,
 140.293153,   35.426577,       84.03,
 140.302162,   35.426577,       83.85,
 140.311171,   35.426577,       83.65,
 140.320180,   35.426577,       83.43,
 140.329189,   35.426577,       83.19,
 140.338198,   35.426577,       82.94,
 140.347207,   35.426577,       82.67,
 140.356216,   35.426577,       82.39,
 140.365225,   35.426577,       82.09,
 140.374234,   35.426577,       81.77,
 140.383243,   35.426577,       81.43,
 139.140000,   35.435586,     -316.78,
 139.149009,   35.435586,     -332.50,
 139.158018,   35.435586,     -346.58,
 139.167027,   35.435586,     -359.00,
 139.176036,   35.435586,     -369.78,
 139.185045,   35.435586,     -378.90,
 139.194054,   35.435586,     -386.38,
 139.203063,   35.435586,     -392.20,
 139.212072,   35.435586,     -396.38,
 139.221081,   35.435586,     -398.90,
 139.230090,   35.435586,     -399.78,
 139.239099,   35.435586,     -399.00,
 139.248108,   35.435586,     -396.58,
 139.257117,   35.435586,     -392.50,
 139.266126,   35.435586,     -386.78,
 139.275135,   35.435586,     -379.40,
 139.284144,   35.435586,     -370.38,
 139.293153,   35.435586,     -359.71,
 139.302162,   35.435586,     -347.38,
 139.311171,   35.435586,     -333.41,
 139.320180,   35.435586,     -317.79,
 139.329189,   35.435586,     -300.51,
 139.338198,   35.435586,     -281.59,
 139.347207,   35.435586,     -261.02,
 139.356216,   35.435586,     -238.80,
 139.365225,   35.435586,     -214.92,
 139.374234,   35.435586,     -189.40,
 139.383243,   35.435586,     -162.23,
 139.392252,   35.435586,     -133.41,
 139.401261,   35.435586,     -102.94,
 139.410270,   35.435586,      -70.81,
 139.419279,   35.435586,      -37.04,
 139.428288,   35.435586,       -1.62,
 139.437297,   35.435586,       32.08,
 139.446306,   35.435586,       38.13,
 139.455315,   35.435586,       42.49,
 139.464324,   35.435586,       46.69,
 139.473333,   35.435586,       51.04,
 139.482342,   35.435586,       55.57,
 139.491351,   35.435586,       60.34,
 139.500360,   35.435586,       65.40,
 139.509369,   35.435586,       70.84,
 139.518378,   35.435586,       76.77,
 139.527387,   35.435586,       83.13,
 139.536396,   35.435586,       89.88,
 139.545405,   35.435586,       97.08,
 139.554414,   35.435586,      104.77,
 139.563423,   35.435586,      112.98,
 139.572432,   35.435586,      121.46,
 139.581441,   35.435586,      128.36,
 139.590450,   35.435586,      128.09,
 139.599459,   35.435586,      124.80,
 139.608468,   35.435586,      120.60,
 139.617477,   35.435586,      114.84,
 139.626486,   35.435586,      109.27,
 139.635495,   35.435586,      109.99,
 139.644505,   35.435586,      112.66,
 139.653514,   35.435586,      101.70,
 139.662523,   35.435586,       96.10,
 139.671532,   35.435586,       97.36,
 139.680541,   35.435586,       94.19,
 139.689550,   35.435586,       85.17,
 139.698559,   35.435586,       99.33,
 139.707568,   35.435586,      104.56,
 139.716577,   35.435586,      106.44,
 139.725586,   35.435586,      106.80,
 139.734595,   35.435586,      106.93,
 139.743604,   35.435586,      107.05,
 139.752613,   35.435586,      107.25,
 139.761622,   35.435586,      107.72,
 139.770631,   35.435586,      108.20,
 139.779640,   35.435586,      108.74,
 139.788649,   35.435586,      109.22,
 139.797658,   35.435586,      109.66,
 139.806667,   35.435586,      110.11,
 139.815676,   35.435586,      110.56,
 139.824685,   35.435586,      111.03,
 139.833694,   35.435586,      111.49,
 139.842703,   35.435586,      111.91,
 139.851712,   35.435586,      112.30,
 139.860721,   35.435586,      112.68,
 139.869730,   35.435586,      112.97,
 139.878739,   35.435586,      112.97,
 139.887748,   35.435586,      112.61,
 139.896757,   35.435586,      112.25,
 139.905766,   35.435586,      111.95,
 139.914775,   35.435586,      111.65,
 139.923784,   35.435586,      111.39,
 139.932793,   35.435586,      111.07,
 139.941802,   35.435586,      111.25,
 139.950811,   35.435586,      111.91,
 139.959820,   35.435586,      111.29,
 139.968829,   35.435586,      110.40,
 139.977838,   35.435586,      109.40,
 139.986847,   35.435586,      108.34,
 139.995856,   35.435586,      107.26,
 140.004865,   35.435586,      106.20,
 140.013874,   35.435586,      105.18,
 140.022883,   35.435586,      104.24,
 140.031892,   35.435586,      103.34,
 140.040901,   35.435586,      102.49,
 140.049910,   35.435586,      101.67,
 140.058919,   35.435586,      100.88,
 140.067928,   35.435586,      100.11,
 140.076937,   35.435586,       99.38,
 140.085946,   35.435586,       98.66,
 140.094955,   35.435586,       97.96,
 140.103964,   35.435586,       97.27,
 140.112973,   35.435586,       96.56,
 140.121982,   35.435586,       95.83,
 140.130991,   35.435586,       95.08,
 140.140000,   35.435586,       94.31,
 140.149009,   35.435586,       93.51,
 140.158018,   35.435586,       92.70,
 140.167027,   35.435586,       91.88,
 140.176036,   35.435586,       91.06,
 140.185045,   35.435586,       90.23,
 140.194054,   35.435586,       89.41,
 140.203063,   35.435586,       88.58,
 140.212072,   35.435586,       87.74,
 140.221081,   35.435586,       86.91,
 140.230090,   35.435586,       86.87,
 140.239099,   35.435586,       86.81,
 140.248108,   35.435586,       86.74,
 140.257117,   35.435586,       86.65,
 140.266126,   35.435586,       86.54,
 140.275135,   35.435586,       86.42,
 140.284144,   35.435586,       86.27,
 140.293153,   35.435586,       86.12,
 140.302162,   35.435586,       85.94,
 140.311171,   35.435586,       85.75,
 140.320180,   35.435586,       85.54,
 140.329189,   35.435586,       85.31,
 140.338198,   35.435586,       85.06,
 140.347207,   35.435586,       84.80,
 140.356216,   35.435586,       84.52,
 140.365225,   35.435586,       84.23,
 140.374234,   35.435586,       83.91,
 140.383243,   35.435586,       83.58,
 139.140000,   35.444595,     -352.88,
 139.149009,   35.444595,     -369.30,
 139.158018,   35.444595,     -384.07,
 139.167027,   35.444595,     -397.19,
 139.176036,   35.444595,     -408.66,
 139.185045,   35.444595,     -418.48,
 139.194054,   35.444595,     -426.65,
 139.203063,   35.444595,     -433.17,
 139.212072,   35.444595,     -438.05,
 139.221081,   35.444595,     -441.27,
 139.230090,   35.444595,     -442.84,
 139.239099,   35.444595,     -442.76,
 139.248108,   35.444595,     -441.03,
 139.257117,   35.444595,     -437.65,
 139.266126,   35.444595,     -432.62,
 139.275135,   35.444595,     -425.95,
 139.284144,   35.444595,     -417.62,
 139.293153,   35.444595,     -407.64,
 139.302162,   35.444595,     -396.01,
 139.311171,   35.444595,     -382.74,
 139.320180,   35.444595,     -367.81,
 139.329189,   35.444595,     -351.23,
 139.338198,   35.444595,     -333.01,
 139.347207,   35.444595,     -313.13,
 139.356216,   35.444595,     -291.60,
 139.365225,   35.444595,     -268.43,
 139.374234,   35.444595,     -243.60,
 139.383243,   35.444595,     -217.12,
 139.392252,   35.444595,     -189.00,
 139.401261,   35.444595,     -159.22,
 139.410270,   35.444595,     -127.80,
 139.419279,   35.444595,      -94.72,
 139.428288,   35.444595,      -59.99,
 139.437297,   35.444595,      -23.62,
 139.446306,   35.444595,       14.41,
 139.455315,   35.444595,       33.89,
 139.464324,   35.444595,       39.22,
 139.473333,   35.444595,       43.57,
 139.482342,   35.444595,       48.08,
 139.491351,   35.444595,       52.78,
 139.500360,   35.444595,       57.73,
 139.509369,   35.444595,       62.98,
 139.518378,   35.444595,       68.62,
 139.527387,   35.444595,       74.76,
 139.536396,   35.444595,       81.46,
 139.545405,   35.444595,       88.62,
 139.554414,   35.444595,       96.31,
 139.563423,   35.444595,      104.59,
 139.572432,   35.444595,      113.56,
 139.581441,   35.444595,      123.17,
 139.590450,   35.444595,      132.19,
 139.599459,   35.444595,      134.54,
 139.608468,   35.444595,      130.17,
 139.617477,   35.444595,      123.88,
 139.626486,   35.444595,      113.65,
 139.635495,   35.444595,      107.39,
 139.644505,   35.444595,      106.45,
 139.653514,   35.444595,       95.97,
 139.662523,   35.444595,       85.76,
 139.671532,   35.444595,       85.42,
 139.680541,   35.444595,       80.13,
 139.689550,   35.444595,       88.27,
 139.698559,   35.444595,       99.76,
 139.707568,   35.444595,      105.35,
 139.716577,   35.444595,      106.29,
 139.725586,   35.444595,      106.49,
 139.734595,   35.444595,      106.58,
 139.743604,   35.444595,      106.68,
 139.752613,   35.444595,      106.81,
 139.761622,   35.444595,      107.19,
 139.770631,   35.444595,      107.65,
 139.779640,   35.444595,      108.17,
 139.788649,   35.444595,      108.64,
 139.797658,   35.444595,      109.10,
 139.806667,   35.444595,      109.59,
 139.815676,   35.444595,      110.09,
 139.824685,   35.444595,      110.61,
 139.833694,   35.444595,      111.14,
 139.842703,   35.444595,      111.63,
 139.851712,   35.444595,      112.13,
 139.860721,   35.444595,      112.66,
 139.869730,   35.444595,      113.15,
 139.878739,   35.444595,      113.47,
 139.887748,   35.444595,      113.51,
 139.896757,   35.444595,      113.32,
 139.905766,   35.444595,      112.97,
 139.914775,   35.444595,      112.58,
 139.923784,   35.444595,      112.01,
 139.932793,   35.444595,      111.49,
 139.941802,   35.444595,      111.08,
 139.950811,   35.444595,      111.71,
 139.959820,   35.444595,      112.58,
 139.968829,   35.444595,      111.94,
 139.977838,   35.444595,      111.03,
 139.986847,   35.444595,      110.03,
 139.995856,   35.444595,      108.96,
 140.004865,   35.444595,      107.89,
 140.013874,   35.444595,      106.86,
 140.022883,   35.444595,      105.91,
 140.031892,   35.444595,      105.02,
 140.040901,   35.444595,      104.17,
 140.049910,   35.444595,      103.36,
 140.058919,   35.444595,      102.58,
 140.067928,   35.444595,      101.83,
 140.076937,   35.444595,      101.11,
 140.085946,   35.444595,      100.41,
 140.094955,   35.444595,       99.71,
 140.103964,   35.444595,       99.03,
 140.112973,   35.444595,       98.31,
 140.121982,   35.444595,       97.57,
 140.130991,   35.444595,       96.81,
 140.140000,   35.444595,       96.01,
 140.149009,   35.444595,       95.18,
 140.158018,   35.444595,       94.34,
 140.167027,   35.444595,       93.50,
 140.176036,   35.444595,       92.66,
 140.185045,   35.444595,       91.81,
 140.194054,   35.444595,       90.96,
 140.203063,   35.444595,       90.10,
 140.212072,   35.444595,       89.23,
 140.221081,   35.444595,       88.96,
 140.230090,   35.444595,       88.93,
 140.239099,   35.444595,       88.88,
 140.248108,   35.444595,       88.81,
 140.257117,   35.444595,       88.73,
 140.266126,   35.444595,       88.63,
 140.275135,   35.444595,       88.51,
 140.284144,   35.444595,       88.37,
 140.293153,   35.444595,       88.22,
 140.302162,   35.444595,       88.05,
 140.311171,   35.444595,       87.86,
 140.320180,   35.444595,       87.66,
 140.329189,   35.444595,       87.44,
 140.338198,   35.444595,       87.20,
 140.347207,   35.444595,       86.95,
 140.356216,   35.444595,       86.67,
 140.365225,   35.444595,       86.39,
 140.374234,   35.444595,       86.08,
 140.383243,   35.444595,       85.76,
 139.140000,   35.453604,     -390.63,
 139.149009,   35.453604,     -407.75,
 139.158018,   35.453604,     -423.21,
 139.167027,   35.453604,     -437.03,
 139.176036,   35.453604,     -449.20,
 139.185045,   35.453604,     -459.71,
 139.194054,   35.453604,     -468.58,
 139.203063,   35.453604,     -475.80,
 139.212072,   35.453604,     -481.36,
 139.221081,   35.453604,     -485.28,
 139.230090,   35.453604,     -487.55,
 139.239099,   35.453604,     -488.17,
 139.248108,   35.453604,     -487.13,
 139.257117,   35.453604,     -484.45,
 139.266126,   35.453604,     -480.12,
 139.275135,   35.453604,     -474.14,
 139.284144,   35.453604,     -466.51,
 139.293153,   35.453604,     -457.22,
 139.302162,   35.453604,     -446.29,
 139.311171,   35.453604,     -433.71,
 139.320180,   35.453604,     -419.48,
 139.329189,   35.453604,     -403.60,
 139.338198,   35.453604,     -386.07,
 139.347207,   35.453604,     -366.89,
 139.356216,   35.453604,     -346.06,
 139.365225,   35.453604,     -323.58,
 139.374234,   35.453604,     -299.45,
 139.383243,   35.453604,     -273.67,
 139.392252,   35.453604,     -246.24,
 139.401261,   35.453604,     -217.16,
 139.410270,   35.453604,     -186.43,
 139.419279,   35.453604,     -154.05,
 139.428288,   35.453604,     -120.02,
 139.437297,   35.453604,      -84.34,
 139.446306,   35.453604,      -47.01,
 139.455315,   35.453604,       -8.03,
 139.464324,   35.453604,       29.36,
 139.473333,   35.453604,       35.55,
 139.482342,   35.453604,       40.28,
 139.491351,   35.453604,       44.94,
 139.500360,   35.453604,       49.80,
 139.509369,   35.453604,       54.92,
 139.518378,   35.453604,       60.36,
 139.527387,   35.453604,       66.20,
 139.536396,   35.453604,       72.54,
 139.545405,   35.453604,       79.52,
 139.554414,   35.453604,       87.08,
 139.563423,   35.453604,       95.22,
 139.572432,   35.453604,      104.08,
 139.581441,   35.453604,      113.76,
 139.590450,   35.453604,      124.36,
 139.599459,   35.453604,      135.23,
 139.608468,   35.453604,      141.08,
 139.617477,   35.453604,      134.91,
 139.626486,   35.453604,      124.01,
 139.635495,   35.453604,      108.00,
 139.644505,   35.453604,      100.91,
 139.653514,   35.453604,       94.09,
 139.662523,   35.453604,       88.41,
 139.671532,   35.453604,       86.04,
 139.680541,   35.453604,       89.09,
 139.689550,   35.453604,      101.42,
 139.698559,   35.453604,       99.46,
 139.707568,   35.453604,      104.99,
 139.716577,   35.453604,      105.84,
 139.725586,   35.453604,      106.10,
 139.734595,   35.453604,      106.26,
 139.743604,   35.453604,      106.26,
 139.752613,   35.453604,      106.31,
 139.761622,   35.453604,      106.62,
 139.770631,   35.453604,      107.02,
 139.779640,   35.453604,      107.56,
 139.788649,   35.453604,      108.08,
 139.797658,   35.453604,      108.59,
 139.806667,   35.453604,      109.10,
 139.815676,   35.453604,      109.63,
 139.824685,   35.453604,      110.17,
 139.833694,   35.453604,      110.73,
 139.842703,   35.453604,      111.28,
 139.851712,   35.453604,      111.87,
 139.860721,   35.453604,      112.48,
 139.869730,   35.453604,      113.04,
 139.878739,   35.453604,      113.58,
 139.887748,   35.453604,      114.05,
 139.896757,   35.453604,      114.28,
 139.905766,   35.453604,      114.26,
 139.914775,   35.453604,      114.00,
 139.923784,   35.453604,      113.52,
 139.932793,   35.453604,      112.89,
 139.941802,   35.453604,      112.11,
 139.950811,   35.453604,      111.59,
 139.959820,   35.453604,      112.88,
 139.968829,   35.453604,      113.49,
 139.977838,   35.453604,      112.69,
 139.986847,   35.453604,      111.73,
 139.995856,   35.453604,      110.68,
 140.004865,   35.453604,      109.61,
 140.013874,   35.453604,      108.55,
 140.022883,   35.453604,      107.58,
 140.031892,   35.453604,      106.68,
 140.040901,   35.453604,      105.84,
 140.049910,   35.453604,      105.04,
 140.058919,   35.453604,      104.27,
 140.067928,   35.453604,      103.53,
 140.076937,   35.453604,      102.82,
 140.085946,   35.453604,      102.14,
 140.094955,   35.453604,      101.46,
 140.103964,   35.453604,      100.78,
 140.112973,   35.453604,      100.05,
 140.121982,   35.453604,       99.29,
 140.130991,   35.453604,       98.51,
 140.140000,   35.453604,       97.68,
 140.149009,   35.453604,       96.83,
 140.158018,   35.453604,       95.97,
 140.167027,   35.453604,       95.10,
 140.176036,   35.453604,       94.23,
 140.185045,   35.453604,       93.36,
 140.194054,   35.453604,       92.48,
 140.203063,   35.453604,       91.59,
 140.212072,   35.453604,       91.04,
 140.221081,   35.453604,       91.03,
 140.230090,   35.453604,       91.00,
 140.239099,   35.453604,       90.96,
 140.248108,   35.453604,       90.90,
 140.257117,   35.453604,       90.82,
 140.266126,   35.453604,       90.73,
 140.275135,   35.453604,       90.62,
 140.284144,   35.453604,       90.49,
 140.293153,   35.453604,       90.34,
 140.302162,   35.453604,       90.18,
 140.311171,   35.453604,       90.00,
 140.320180,   35.453604,       89.80,
 140.329189,   35.453604,       89.59,
 140.338198,   35.453604,       89.36,
 140.347207,   35.453604,       89.11,
 140.356216,   35.453604,       88.84,
 140.365225,   35.453604,       88.56,
 140.374234,   35.453604,       88.26,
 140.383243,   35.453604,       87.94,
 139.140000,   35.462613,     -430.03,
 139.149009,   35.462613,     -447.84,
 139.158018,   35.462613,     -464.01,
 139.167027,   35.462613,     -478.52,
 139.176036,   35.462613,     -491.38,
 139.185045,   35.462613,     -502.59,
 139.194054,   35.462613,     -512.16,
 139.203063,   35.462613,     -520.07,
 139.212072,   35.462613,     -526.33,
 139.221081,   35.462613,     -530.95,
 139.230090,   35.462613,     -533.91,
 139.239099,   35.462613,     -535.22,
 139.248108,   35.462613,     -534.89,
 139.257117,   35.462613,     -532.90,
 139.266126,   35.462613,     -529.27,
 139.275135,   35.462613,     -523.98,
 139.284144,   35.462613,     -517.04,
 139.293153,   35.462613,     -508.46,
 139.302162,   35.462613,     -498.22,
 139.311171,   35.462613,     -486.34,
 139.320180,   35.462613,     -472.80,
 139.329189,   35.462613,     -457.62,
 139.338198,   35.462613,     -440.78,
 139.347207,   35.462613,     -422.30,
 139.356216,   35.462613,     -402.16,
 139.365225,   35.462613,     -380.38,
 139.374234,   35.462613,     -356.95,
 139.383243,   35.462613,     -331.86,
 139.392252,   35.462613,     -305.13,
 139.401261,   35.462613,     -276.74,
 139.410270,   35.462613,     -246.71,
 139.419279,   35.462613,     -215.03,
 139.428288,   35.462613,     -181.69,
 139.437297,   35.462613,     -146.71,
 139.446306,   35.462613,     -110.08,
 139.455315,   35.462613,      -71.79,
 139.464324,   35.462613,      -31.86,
 139.473333,   35.462613,        9.72,
 139.482342,   35.462613,       31.25,
 139.491351,   35.462613,       36.83,
 139.500360,   35.462613,       41.62,
 139.509369,   35.462613,       46.63,
 139.518378,   35.462613,       51.91,
 139.527387,   35.462613,       57.51,
 139.536396,   35.462613,       63.53,
 139.545405,   35.462613,       70.07,
 139.554414,   35.462613,       77.28,
 139.563423,   35.462613,       85.20,
 139.572432,   35.462613,       93.81,
 139.581441,   35.462613,      103.22,
 139.590450,   35.462613,      113.61,
 139.599459,   35.462613,      125.15,
 139.608468,   35.462613,      137.66,
 139.617477,   35.462613,      147.36,
 139.626486,   35.462613,      138.07,
 139.635495,   35.462613,      112.46,
 139.644505,   35.462613,      103.89,
 139.653514,   35.462613,       96.92,
 139.662523,   35.462613,       90.12,
 139.671532,   35.462613,       89.75,
 139.680541,   35.462613,       95.53,
 139.689550,   35.462613,      102.59,
 139.698559,   35.462613,      104.11,
 139.707568,   35.462613,      103.78,
 139.716577,   35.462613,      102.88,
 139.725586,   35.462613,      103.90,
 139.734595,   35.462613,      104.19,
 139.743604,   35.462613,      104.72,
 139.752613,   35.462613,      105.62,
 139.761622,   35.462613,      106.03,
 139.770631,   35.462613,      106.48,
 139.779640,   35.462613,      106.97,
 139.788649,   35.462613,      107.53,
 139.797658,   35.462613,      108.06,
 139.806667,   35.462613,      108.56,
 139.815676,   35.462613,      109.11,
 139.824685,   35.462613,      109.66,
 139.833694,   35.462613,      110.23,
 139.842703,   35.462613,      110.87,
 139.851712,   35.462613,      111.50,
 139.860721,   35.462613,      112.16,
 139.869730,   35.462613,      112.82,
 139.878739,   35.462613,      113.53,
 139.887748,   35.462613,      114.18,
 139.896757,   35.462613,      114.69,
 139.905766,   35.462613,      115.02,
 139.914775,   35.462613,      115.11,
 139.923784,   35.462613,      115.00,
 139.932793,   35.462613,      114.55,
 139.941802,   35.462613,      113.85,
 139.950811,   35.462613,      113.11,
 139.959820,   35.462613,      113.18,
 139.968829,   35.462613,      114.37,
 139.977838,   35.462613,      114.45,
 139.986847,   35.462613,      113.48,
 139.995856,   35.462613,      112.45,
 140.004865,   35.462613,      111.35,
 140.013874,   35.462613,      110.26,
 140.022883,   35.462613,      109.24,
 140.031892,   35.462613,      108.33,
 140.040901,   35.462613,      107.49,
 140.049910,   35.462613,      106.70,
 140.058919,   35.462613,      105.95,
 140.067928,   35.462613,      105.22,
 140.076937,   35.462613,      104.53,
 140.085946,   35.462613,      103.87,
 140.094955,   35.462613,      103.20,
 140.103964,   35.462613,      102.52,
 140.112973,   35.462613,      101.78,
 140.121982,   35.462613,      101.01,
 140.130991,   35.462613,      100.20,
 140.140000,   35.462613,       99.34,
 140.149009,   35.462613,       98.46,
 140.158018,   35.462613,       97.57,
 140.167027,   35.462613,       96.68,
 140.176036,   35.462613,       95.78,
 140.185045,   35.462613,       94.87,
 140.194054,   35.462613,       93.96,
 140.203063,   35.462613,       93.10,
 140.212072,   35.462613,       93.11,
 140.221081,   35.462613,       93.11,
 140.230090,   35.462613,       93.09,
 140.239099,   35.462613,       93.06,
 140.248108,   35.462613,       93.00,
 140.257117,   35.462613,       92.93,
 140.266126,   35.462613,       92.85,
 140.275135,   35.462613,       92.74,
 140.284144,   35.462613,       92.62,
 140.293153,   35.462613,       92.48,
 140.302162,   35.462613,       92.32,
 140.311171,   35.462613,       92.15,
 140.320180,   35.462613,       91.96,
 140.329189,   35.462613,       91.75,
 140.338198,   35.462613,       91.53,
 140.347207,   35.462613,       91.29,
 140.356216,   35.462613,       91.03,
 140.365225,   35.462613,       90.75,
 140.374234,   35.462613,       90.46,
 140.383243,   35.462613,       90.15,
 139.140000,   35.471622,     -471.08,
 139.149009,   35.471622,     -489.59,
 139.158018,   35.471622,     -506.45,
 139.167027,   35.471622,     -521.66,
 139.176036,   35.471622,     -535.22,
 139.185045,   35.471622,     -547.13,
 139.194054,   35.471622,     -557.38,
 139.203063,   35.471622,     -565.99,
 139.212072,   35.471622,     -572.95,
 139.221081,   35.471622,     -578.26,
 139.230090,   35.471622,     -581.92,
 139.239099,   35.471622,     -583.93,
 139.248108,   35.471622,     -584.29,
 139.257117,   35.471622,     -583.00,
 139.266126,   35.471622,     -580.06,
 139.275135,   35.471622,     -575.47,
 139.284144,   35.471622,     -569.23,
 139.293153,   35.471622,     -561.34,
 139.302162,   35.471622,     -551.80,
 139.311171,   35.471622,     -540.61,
 139.320180,   35.471622,     -527.77,
 139.329189,   35.471622,     -513.29,
 139.338198,   35.471622,     -497.15,
 139.347207,   35.471622,     -479.36,
 139.356216,   35.471622,     -459.92,
 139.365225,   35.471622,     -438.83,
 139.374234,   35.471622,     -416.09,
 139.383243,   35.471622,     -391.70,
 139.392252,   35.471622,     -365.67,
 139.401261,   35.471622,     -337.98,
 139.410270,   35.471622,     -308.64,
 139.419279,   35.471622,     -277.65,
 139.428288,   35.471622,     -245.02,
 139.437297,   35.471622,     -210.73,
 139.446306,   35.471622,     -174.79,
 139.455315,   35.471622,     -137.21,
 139.464324,   35.471622,      -97.97,
 139.473333,   35.471622,      -57.08,
 139.482342,   35.471622,      -14.55,
 139.491351,   35.471622,       26.64,
 139.500360,   35.471622,       33.01,
 139.509369,   35.471622,       38.12,
 139.518378,   35.471622,       43.27,
 139.527387,   35.471622,       48.69,
 139.536396,   35.471622,       54.45,
 139.545405,   35.471622,       60.63,
 139.554414,   35.471622,       67.35,
 139.563423,   35.471622,       74.76,
 139.572432,   35.471622,       82.99,
 139.581441,   35.471622,       92.00,
 139.590450,   35.471622,      101.92,
 139.599459,   35.471622,      112.99,
 139.608468,   35.471622,      125.51,
 139.617477,   35.471622,      139.63,
 139.626486,   35.471622,      153.18,
 139.635495,   35.471622,      136.61,
 139.644505,   35.471622,      112.35,
 139.653514,   35.471622,       99.50,
 139.662523,   35.471622,       79.47,
 139.671532,   35.471622,       79.00,
 139.680541,   35.471622,       96.49,
 139.689550,   35.471622,      108.73,
 139.698559,   35.471622,      104.45,
 139.707568,   35.471622,      101.95,
 139.716577,   35.471622,      100.12,
 139.725586,   35.471622,      101.18,
 139.734595,   35.471622,      102.09,
 139.743604,   35.471622,      101.93,
 139.752613,   35.471622,      102.38,
 139.761622,   35.471622,      103.29,
 139.770631,   35.471622,      105.56,
 139.779640,   35.471622,      106.46,
 139.788649,   35.471622,      107.00,
 139.797658,   35.471622,      107.49,
 139.806667,   35.471622,      107.95,
 139.815676,   35.471622,      108.51,
 139.824685,   35.471622,      109.08,
 139.833694,   35.471622,      109.71,
 139.842703,   35.471622,      110.37,
 139.851712,   35.471622,      111.04,
 139.860721,   35.471622,      111.73,
 139.869730,   35.471622,      112.47,
 139.878739,   35.471622,      113.29,
 139.887748,   35.471622,      114.08,
 139.896757,   35.471622,      114.77,
 139.905766,   35.471622,      115.30,
 139.914775,   35.471622,      115.63,
 139.923784,   35.471622,      115.80,
 139.932793,   35.471622,      115.74,
 139.941802,   35.471622,      115.43,
 139.950811,   35.471622,      114.94,
 139.959820,   35.471622,      114.53,
 139.968829,   35.471622,      114.65,
 139.977838,   35.471622,      114.81,
 139.986847,   35.471622,      114.63,
 139.995856,   35.471622,      114.13,
 140.004865,   35.471622,      113.10,
 140.013874,   35.471622,      111.98,
 140.022883,   35.471622,      110.90,
 140.031892,   35.471622,      109.96,
 140.040901,   35.471622,      109.11,
 140.049910,   35.471622,      108.34,
 140.058919,   35.471622,      107.60,
 140.067928,   35.471622,      106.90,
 140.076937,   35.471622,      106.23,
 140.085946,   35.471622,      105.59,
 140.094955,   35.471622,      104.94,
 140.103964,   35.471622,      104.26,
 140.112973,   35.471622,      103.51,
 140.121982,   35.471622,      102.72,
 140.130991,   35.471622,      101.87,
 140.140000,   35.471622,      100.98,
 140.149009,   35.471622,      100.06,
 140.158018,   35.471622,       99.15,
 140.167027,   35.471622,       98.22,
 140.176036,   35.471622,       97.29,
 140.185045,   35.471622,       96.35,
 140.194054,   35.471622,       95.40,
 140.203063,   35.471622,       95.19,
 140.212072,   35.471622,       95.21,
 140.221081,   35.471622,       95.21,
 140.230090,   35.471622,       95.20,
 140.239099,   35.471622,       95.17,
 140.248108,   35.471622,       95.13,
 140.257117,   35.471622,       95.06,
 140.266126,   35.471622,       94.98,
 140.275135,   35.471622,       94.88,
 140.284144,   35.471622,       94.77,
 140.293153,   35.471622,       94.64,
 140.302162,   35.471622,       94.49,
 140.311171,   35.471622,       94.32,
 140.320180,   35.471622,       94.14,
 140.329189,   35.471622,       93.94,
 140.338198,   35.471622,       93.72,
 140.347207,   35.471622,       93.48,
 140.356216,   35.471622,       93.23,
 140.365225,   35.471622,       92.96,
 140.374234,   35.471622,       92.68,
 140.383243,   35.471622,       92.37,
 139.140000,   35.480631,     -513.78,
 139.149009,   35.480631,     -532.99,
 139.158018,   35.480631,     -550.54,
 139.167027,   35.480631,     -566.45,
 139.176036,   35.480631,     -580.70,
 139.185045,   35.480631,     -593.31,
 139.194054,   35.480631,     -604.26,
 139.203063,   35.480631,     -613.57,
 139.212072,   35.480631,     -621.22,
 139.221081,   35.480631,     -627.23,
 139.230090,   35.480631,     -631.58,
 139.239099,   35.480631,     -634.29,
 139.248108,   35.480631,     -635.34,
 139.257117,   35.480631,     -634.75,
 139.266126,   35.480631,     -632.51,
 139.275135,   35.480631,     -628.61,
 139.284144,   35.480631,     -623.07,
 139.293153,   35.480631,     -615.87,
 139.302162,   35.480631,     -607.03,
 139.311171,   35.480631,     -596.54,
 139.320180,   35.480631,     -584.40,
 139.329189,   35.480631,     -570.60,
 139.338198,   35.480631,     -555.16,
 139.347207,   35.480631,     -538.07,
 139.356216,   35.480631,     -519.32,
 139.365225,   35.480631,     -498.93,
 139.374234,   35.480631,     -476.89,
 139.383243,   35.480631,     -453.20,
 139.392252,   35.480631,     -427.86,
 139.401261,   35.480631,     -400.86,
 139.410270,   35.480631,     -372.22,
 139.419279,   35.480631,     -341.93,
 139.428288,   35.480631,     -309.99,
 139.437297,   35.480631,     -276.40,
 139.446306,   35.480631,     -241.16,
 139.455315,   35.480631,     -204.27,
 139.464324,   35.480631,     -165.73,
 139.473333,   35.480631,     -125.54,
 139.482342,   35.480631,      -83.70,
 139.491351,   35.480631,      -40.21,
 139.500360,   35.480631,        4.93,
 139.509369,   35.480631,       28.62,
 139.518378,   35.480631,       34.46,
 139.527387,   35.480631,       39.72,
 139.536396,   35.480631,       45.27,
 139.545405,   35.480631,       51.18,
 139.554414,   35.480631,       57.51,
 139.563423,   35.480631,       64.40,
 139.572432,   35.480631,       71.98,
 139.581441,   35.480631,       80.46,
 139.590450,   35.480631,       89.84,
 139.599459,   35.480631,      100.22,
 139.608468,   35.480631,      111.89,
 139.617477,   35.480631,      125.27,
 139.626486,   35.480631,      141.02,
 139.635495,   35.480631,      160.07,
 139.644505,   35.480631,      152.07,
 139.653514,   35.480631,      142.76,
 139.662523,   35.480631,        3.02,
 139.671532,   35.480631,       35.59,
 139.680541,   35.480631,       56.94,
 139.689550,   35.480631,       77.43,
 139.698559,   35.480631,       90.03,
 139.707568,   35.480631,       95.65,
 139.716577,   35.480631,       98.79,
 139.725586,   35.480631,      112.43,
 139.734595,   35.480631,      113.94,
 139.743604,   35.480631,      101.72,
 139.752613,   35.480631,       98.33,
 139.761622,   35.480631,      101.38,
 139.770631,   35.480631,      103.55,
 139.779640,   35.480631,      105.62,
 139.788649,   35.480631,      106.60,
 139.797658,   35.480631,      106.95,
 139.806667,   35.480631,      107.41,
 139.815676,   35.480631,      107.92,
 139.824685,   35.480631,      108.53,
 139.833694,   35.480631,      109.19,
 139.842703,   35.480631,      109.86,
 139.851712,   35.480631,      110.57,
 139.860721,   35.480631,      111.27,
 139.869730,   35.480631,      112.03,
 139.878739,   35.480631,      112.90,
 139.887748,   35.480631,      113.73,
 139.896757,   35.480631,      114.53,
 139.905766,   35.480631,      115.31,
 139.914775,   35.480631,      115.79,
 139.923784,   35.480631,      116.13,
 139.932793,   35.480631,      116.32,
 139.941802,   35.480631,      116.33,
 139.950811,   35.480631,      116.16,
 139.959820,   35.480631,      115.90,
 139.968829,   35.480631,      115.64,
 139.977838,   35.480631,      115.49,
 139.986847,   35.480631,      115.20,
 139.995856,   35.480631,      114.82,
 140.004865,   35.480631,      114.63,
 140.013874,   35.480631,      113.74,
 140.022883,   35.480631,      112.61,
 140.031892,   35.480631,      111.58,
 140.040901,   35.480631,      110.72,
 140.049910,   35.480631,      109.95,
 140.058919,   35.480631,      109.24,
 140.067928,   35.480631,      108.57,
 140.076937,   35.480631,      107.92,
 140.085946,   35.480631,      107.31,
 140.094955,   35.480631,      106.67,
 140.103964,   35.480631,      106.00,
 140.112973,   35.480631,      105.23,
 140.121982,   35.480631,      104.42,
 140.130991,   35.480631,      103.52,
 140.140000,   35.480631,      102.59,
 140.149009,   35.480631,      101.65,
 140.158018,   35.480631,      100.69,
 140.167027,   35.480631,       99.73,
 140.176036,   35.480631,       98.76,
 140.185045,   35.480631,       97.78,
 140.194054,   35.480631,       97.25,
 140.203063,   35.480631,       97.29,
 140.212072,   35.480631,       97.32,
 140.221081,   35.480631,       97.33,
 140.230090,   35.480631,       97.33,
 140.239099,   35.480631,       97.30,
 140.248108,   35.480631,       97.26,
 140.257117,   35.480631,       97.21,
 140.266126,   35.480631,       97.13,
 140.275135,   35.480631,       97.04,
 140.284144,   35.480631,       96.93,
 140.293153,   35.480631,       96.81,
 140.302162,   35.480631,       96.67,
 140.311171,   35.480631,       96.51,
 140.320180,   35.480631,       96.33,
 140.329189,   35.480631,       96.14,
 140.338198,   35.480631,       95.93,
 140.347207,   35.480631,       95.70,
 140.356216,   35.480631,       95.45,
 140.365225,   35.480631,       95.19,
 140.374234,   35.480631,       94.91,
 140.383243,   35.480631,       94.61,
 139.140000,   35.489640,     -558.13,
 139.149009,   35.489640,     -578.03,
 139.158018,   35.489640,     -596.28,
 139.167027,   35.489640,     -612.89,
 139.176036,   35.489640,     -627.84,
 139.185045,   35.489640,     -641.14,
 139.194054,   35.489640,     -652.79,
 139.203063,   35.489640,     -662.79,
 139.212072,   35.489640,     -671.14,
 139.221081,   35.489640,     -677.84,
 139.230090,   35.489640,     -682.89,
 139.239099,   35.489640,     -686.29,
 139.248108,   35.489640,     -688.05,
 139.257117,   35.489640,     -688.15,
 139.266126,   35.489640,     -686.60,
 139.275135,   35.489640,     -683.40,
 139.284144,   35.489640,     -678.56,
 139.293153,   35.489640,     -672.06,
 139.302162,   35.489640,     -663.91,
 139.311171,   35.489640,     -654.11,
 139.320180,   35.489640,     -642.67,
 139.329189,   35.489640,     -629.57,
 139.338198,   35.489640,     -614.82,
 139.347207,   35.489640,     -598.43,
 139.356216,   35.489640,     -580.38,
 139.365225,   35.489640,     -560.68,
 139.374234,   35.489640,     -539.34,
 139.383243,   35.489640,     -516.34,
 139.392252,   35.489640,     -491.70,
 139.401261,   35.489640,     -465.40,
 139.410270,   35.489640,     -437.45,
 139.419279,   35.489640,     -407.86,
 139.428288,   35.489640,     -376.61,
 139.437297,   35.489640,     -343.72,
 139.446306,   35.489640,     -309.17,
 139.455315,   35.489640,     -272.98,
 139.464324,   35.489640,     -235.13,
 139.473333,   35.489640,     -195.64,
 139.482342,   35.489640,     -154.50,
 139.491351,   35.489640,     -111.70,
 139.500360,   35.489640,      -67.26,
 139.509369,   35.489640,      -21.16,
 139.518378,   35.489640,       23.92,
 139.527387,   35.489640,       30.50,
 139.536396,   35.489640,       36.01,
 139.545405,   35.489640,       41.68,
 139.554414,   35.489640,       47.71,
 139.563423,   35.489640,       54.19,
 139.572432,   35.489640,       61.22,
 139.581441,   35.489640,       68.98,
 139.590450,   35.489640,       77.67,
 139.599459,   35.489640,       87.38,
 139.608468,   35.489640,       98.17,
 139.617477,   35.489640,      110.37,
 139.626486,   35.489640,      124.49,
 139.635495,   35.489640,      141.78,
 139.644505,   35.489640,      158.85,
 139.653514,   35.489640,      144.04,
 139.662523,   35.489640,      121.74,
 139.671532,   35.489640,      104.33,
 139.680541,   35.489640,       88.46,
 139.689550,   35.489640,       75.56,
 139.698559,   35.489640,       68.72,
 139.707568,   35.489640,       67.08,
 139.716577,   35.489640,       70.32,
 139.725586,   35.489640,       73.32,
 139.734595,   35.489640,       85.35,
 139.743604,   35.489640,      111.09,
 139.752613,   35.489640,      100.60,
 139.761622,   35.489640,       96.95,
 139.770631,   35.489640,       99.04,
 139.779640,   35.489640,      103.83,
 139.788649,   35.489640,      105.93,
 139.797658,   35.489640,      106.41,
 139.806667,   35.489640,      106.82,
 139.815676,   35.489640,      107.34,
 139.824685,   35.489640,      107.99,
 139.833694,   35.489640,      108.67,
 139.842703,   35.489640,      109.37,
 139.851712,   35.489640,      110.08,
 139.860721,   35.489640,      110.83,
 139.869730,   35.489640,      111.59,
 139.878739,   35.489640,      112.44,
 139.887748,   35.489640,      113.32,
 139.896757,   35.489640,      114.19,
 139.905766,   35.489640,      115.05,
 139.914775,   35.489640,      115.67,
 139.923784,   35.489640,      116.20,
 139.932793,   35.489640,      116.52,
 139.941802,   35.489640,      116.68,
 139.950811,   35.489640,      116.74,
 139.959820,   35.489640,      116.67,
 139.968829,   35.489640,      116.54,
 139.977838,   35.489640,      116.33,
 139.986847,   35.489640,      115.98,
 139.995856,   35.489640,      115.55,
 140.004865,   35.489640,      115.14,
 140.013874,   35.489640,      114.88,
 140.022883,   35.489640,      114.30,
 140.031892,   35.489640,      113.21,
 140.040901,   35.489640,      112.29,
 140.049910,   35.489640,      111.54,
 140.058919,   35.489640,      110.85,
 140.067928,   35.489640,      110.22,
 140.076937,   35.489640,      109.61,
 140.085946,   35.489640,      109.03,
 140.094955,   35.489640,      108.41,
 140.103964,   35.489640,      107.74,
 140.112973,   35.489640,      106.95,
 140.121982,   35.489640,      106.10,
 140.130991,   35.489640,      105.16,
 140.140000,   35.489640,      104.19,
 140.149009,   35.489640,      103.20,
 140.158018,   35.489640,      102.21,
 140.167027,   35.489640,      101.20,
 140.176036,   35.489640,      100.19,
 140.185045,   35.489640,       99.29,
 140.194054,   35.489640,       99.36,
 140.203063,   35.489640,       99.42,
 140.212072,   35.489640,       99.45,
 140.221081,   35.489640,       99.47,
 140.230090,   35.489640,       99.47,
 140.239099,   35.489640,       99.45,
 140.248108,   35.489640,       99.42,
 140.257117,   35.489640,       99.37,
 140.266126,   35.489640,       99.30,
 140.275135,   35.489640,       99.22,
 140.284144,   35.489640,       99.12,
 140.293153,   35.489640,       99.00,
 140.302162,   35.489640,       98.86,
 140.311171,   35.489640,       98.71,
 140.320180,   35.489640,       98.54,
 140.329189,   35.489640,       98.35,
 140.338198,   35.489640,       98.15,
 140.347207,   35.489640,       97.93,
 140.356216,   35.489640,       97.69,
 140.365225,   35.489640,       97.43,
 140.374234,   35.489640,       97.16,
 140.383243,   35.489640,       96.87,
 139.140000,   35.498649,     -604.13,
 139.149009,   35.498649,     -624.73,
 139.158018,   35.498649,     -643.68,
 139.167027,   35.498649,     -660.97,
 139.176036,   35.498649,     -676.62,
 139.185045,   35.498649,     -690.62,
 139.194054,   35.498649,     -702.96,
 139.203063,   35.498649,     -713.66,
 139.212072,   35.498649,     -722.71,
 139.221081,   35.498649,     -730.11,
 139.230090,   35.498649,     -735.85,
 139.239099,   35.498649,     -739.95,
 139.248108,   35.498649,     -742.40,
 139.257117,   35.498649,     -743.20,
 139.266126,   35.498649,     -742.35,
 139.275135,   35.498649,     -739.84,
 139.284144,   35.498649,     -735.69,
 139.293153,   35.498649,     -729.89,
 139.302162,   35.498649,     -722.44,
 139.311171,   35.498649,     -713.34,
 139.320180,   35.498649,     -702.59,
 139.329189,   35.498649,     -690.19,
 139.338198,   35.498649,     -676.14,
 139.347207,   35.498649,     -660.44,
 139.356216,   35.498649,     -643.09,
 139.365225,   35.498649,     -624.08,
 139.374234,   35.498649,     -603.43,
 139.383243,   35.498649,     -581.13,
 139.392252,   35.498649,     -557.19,
 139.401261,   35.498649,     -531.59,
 139.410270,   35.498649,     -504.34,
 139.419279,   35.498649,     -475.44,
 139.428288,   35.498649,     -444.89,
 139.437297,   35.498649,     -412.69,
 139.446306,   35.498649,     -378.84,
 139.455315,   35.498649,     -343.34,
 139.464324,   35.498649,     -306.19,
 139.473333,   35.498649,     -267.39,
 139.482342,   35.498649,     -226.95,
 139.491351,   35.498649,     -184.85,
 139.500360,   35.498649,     -141.10,
 139.509369,   35.498649,      -95.70,
 139.518378,   35.498649,      -48.65,
 139.527387,   35.498649,        0.04,
 139.536396,   35.498649,       26.01,
 139.545405,   35.498649,       32.14,
 139.554414,   35.498649,       37.92,
 139.563423,   35.498649,       44.06,
 139.572432,   35.498649,       50.67,
 139.581441,   35.498649,       57.86,
 139.590450,   35.498649,       65.78,
 139.599459,   35.498649,       74.65,
 139.608468,   35.498649,       84.65,
 139.617477,   35.498649,       95.80,
 139.626486,   35.498649,      108.45,
 139.635495,   35.498649,      122.68,
 139.644505,   35.498649,      137.54,
 139.653514,   35.498649,      146.82,
 139.662523,   35.498649,      134.98,
 139.671532,   35.498649,      123.35,
 139.680541,   35.498649,      107.69,
 139.689550,   35.498649,       90.33,
 139.698559,   35.498649,       73.91,
 139.707568,   35.498649,       59.58,
 139.716577,   35.498649,       50.39,
 139.725586,   35.498649,       47.63,
 139.734595,   35.498649,       46.35,
 139.743604,   35.498649,       53.83,
 139.752613,   35.498649,       94.69,
 139.761622,   35.498649,      102.90,
 139.770631,   35.498649,      102.79,
 139.779640,   35.498649,      102.06,
 139.788649,   35.498649,      105.65,
 139.797658,   35.498649,      105.90,
 139.806667,   35.498649,      106.11,
 139.815676,   35.498649,      106.74,
 139.824685,   35.498649,      107.53,
 139.833694,   35.498649,      108.36,
 139.842703,   35.498649,      108.99,
 139.851712,   35.498649,      109.58,
 139.860721,   35.498649,      110.35,
 139.869730,   35.498649,      111.14,
 139.878739,   35.498649,      112.03,
 139.887748,   35.498649,      112.95,
 139.896757,   35.498649,      113.83,
 139.905766,   35.498649,      114.71,
 139.914775,   35.498649,      115.44,
 139.923784,   35.498649,      116.03,
 139.932793,   35.498649,      116.42,
 139.941802,   35.498649,      116.71,
 139.950811,   35.498649,      116.82,
 139.959820,   35.498649,      116.88,
 139.968829,   35.498649,      116.87,
 139.977838,   35.498649,      116.75,
 139.986847,   35.498649,      116.53,
 139.995856,   35.498649,      116.21,
 140.004865,   35.498649,      115.83,
 140.013874,   35.498649,      115.53,
 140.022883,   35.498649,      115.36,
 140.031892,   35.498649,      114.82,
 140.040901,   35.498649,      113.80,
 140.049910,   35.498649,      113.07,
 140.058919,   35.498649,      112.44,
 140.067928,   35.498649,      111.85,
 140.076937,   35.498649,      111.29,
 140.085946,   35.498649,      110.75,
 140.094955,   35.498649,      110.16,
 140.103964,   35.498649,      109.49,
 140.112973,   35.498649,      108.68,
 140.121982,   35.498649,      107.77,
 140.130991,   35.498649,      106.77,
 140.140000,   35.498649,      105.75,
 140.149009,   35.498649,      104.72,
 140.158018,   35.498649,      103.67,
 140.167027,   35.498649,      102.63,
 140.176036,   35.498649,      101.57,
 140.185045,   35.498649,      101.42,
 140.194054,   35.498649,      101.50,
 140.203063,   35.498649,      101.56,
 140.212072,   35.498649,      101.60,
 140.221081,   35.498649,      101.62,
 140.230090,   35.498649,      101.63,
 140.239099,   35.498649,      101.62,
 140.248108,   35.498649,      101.60,
 140.257117,   35.498649,      101.55,
 140.266126,   35.498649,      101.49,
 140.275135,   35.498649,      101.41,
 140.284144,   35.498649,      101.32,
 140.293153,   35.498649,      101.21,
 140.302162,   35.498649,      101.08,
 140.311171,   35.498649,      100.93,
 140.320180,   35.498649,      100.77,
 140.329189,   35.498649,      100.59,
 140.338198,   35.498649,      100.39,
 140.347207,   35.498649,      100.18,
 140.356216,   35.498649,       99.94,
 140.365225,   35.498649,       99.69,
 140.374234,   35.498649,       99.43,
 140.383243,   35.498649,       99.15,
 139.140000,   35.507658,     -651.78,
 139.149009,   35.507658,     -673.08,
 139.158018,   35.507658,     -692.72,
 139.167027,   35.507658,     -710.71,
 139.176036,   35.507658,     -727.05,
 139.185045,   35.507658,     -741.75,
 139.194054,   35.507658,     -754.79,
 139.203063,   35.507658,     -766.18,
 139.212072,   35.507658,     -775.93,
 139.221081,   35.507658,     -784.02,
 139.230090,   35.507658,     -790.46,
 139.239099,   35.507658,     -795.26,
 139.248108,   35.507658,     -798.40,
 139.257117,   35.507658,     -799.90,
 139.266126,   35.507658,     -799.74,
 139.275135,   35.507658,     -797.93,
 139.284144,   35.507658,     -794.48,
 139.293153,   35.507658,     -789.37,
 139.302162,   35.507658,     -782.62,
 139.311171,   35.507658,     -774.21,
 139.320180,   35.507658,     -764.16,
 139.329189,   35.507658,     -752.45,
 139.338198,   35.507658,     -739.10,
 139.347207,   35.507658,     -724.09,
 139.356216,   35.507658,     -707.44,
 139.365225,   35.507658,     -689.14,
 139.374234,   35.507658,     -669.18,
 139.383243,   35.507658,     -647.58,
 139.392252,   35.507658,     -624.32,
 139.401261,   35.507658,     -599.42,
 139.410270,   35.507658,     -572.87,
 139.419279,   35.507658,     -544.66,
 139.428288,   35.507658,     -514.81,
 139.437297,   35.507658,     -483.31,
 139.446306,   35.507658,     -450.15,
 139.455315,   35.507658,     -415.35,
 139.464324,   35.507658,     -378.90,
 139.473333,   35.507658,     -340.80,
 139.482342,   35.507658,     -301.04,
 139.491351,   35.507658,     -259.64,
 139.500360,   35.507658,     -216.59,
 139.509369,   35.507658,     -171.89,
 139.518378,   35.507658,     -125.54,
 139.527387,   35.507658,      -77.54,
 139.536396,   35.507658,      -27.88,
 139.545405,   35.507658,       21.19,
 139.554414,   35.507658,       28.03,
 139.563423,   35.507658,       33.99,
 139.572432,   35.507658,       40.25,
 139.581441,   35.507658,       46.98,
 139.590450,   35.507658,       54.30,
 139.599459,   35.507658,       62.37,
 139.608468,   35.507658,       71.40,
 139.617477,   35.507658,       81.63,
 139.626486,   35.507658,       92.88,
 139.635495,   35.507658,      105.21,
 139.644505,   35.507658,      118.17,
 139.653514,   35.507658,      129.49,
 139.662523,   35.507658,      135.59,
 139.671532,   35.507658,      123.95,
 139.680541,   35.507658,      115.03,
 139.689550,   35.507658,      102.56,
 139.698559,   35.507658,       83.87,
 139.707568,   35.507658,       64.71,
 139.716577,   35.507658,       46.28,
 139.725586,   35.507658,       31.44,
 139.734595,   35.507658,       21.70,
 139.743604,   35.507658,       12.84,
 139.752613,   35.507658,       37.79,
 139.761622,   35.507658,      103.96,
 139.770631,   35.507658,      104.30,
 139.779640,   35.507658,      105.14,
 139.788649,   35.507658,      105.31,
 139.797658,   35.507658,      105.22,
 139.806667,   35.507658,      105.44,
 139.815676,   35.507658,      106.55,
 139.824685,   35.507658,      107.37,
 139.833694,   35.507658,      108.10,
 139.842703,   35.507658,      108.76,
 139.851712,   35.507658,      109.37,
 139.860721,   35.507658,      110.01,
 139.869730,   35.507658,      110.71,
 139.878739,   35.507658,      111.63,
 139.887748,   35.507658,      112.56,
 139.896757,   35.507658,      113.44,
 139.905766,   35.507658,      114.30,
 139.914775,   35.507658,      115.05,
 139.923784,   35.507658,      115.75,
 139.932793,   35.507658,      116.20,
 139.941802,   35.507658,      116.54,
 139.950811,   35.507658,      116.72,
 139.959820,   35.507658,      116.84,
 139.968829,   35.507658,      116.87,
 139.977838,   35.507658,      116.85,
 139.986847,   35.507658,      116.81,
 139.995856,   35.507658,      116.67,
 140.004865,   35.507658,      116.42,
 140.013874,   35.507658,      116.12,
 140.022883,   35.507658,      115.79,
 140.031892,   35.507658,      115.71,
 140.040901,   35.507658,      115.29,
 140.049910,   35.507658,      114.45,
 140.058919,   35.507658,      113.92,
 140.067928,   35.507658,      113.43,
 140.076937,   35.507658,      112.94,
 140.085946,   35.507658,      112.46,
 140.094955,   35.507658,      111.91,
 140.103964,   35.507658,      111.24,
 140.112973,   35.507658,      110.39,
 140.121982,   35.507658,      109.41,
 140.130991,   35.507658,      108.35,
 140.140000,   35.507658,      107.27,
 140.149009,   35.507658,      106.19,
 140.158018,   35.507658,      105.09,
 140.167027,   35.507658,      103.99,
 140.176036,   35.507658,      103.46,
 140.185045,   35.507658,      103.56,
 140.194054,   35.507658,      103.65,
 140.203063,   35.507658,      103.71,
 140.212072,   35.507658,      103.76,
 140.221081,   35.507658,      103.79,
 140.230090,   35.507658,      103.81,
 140.239099,   35.507658,      103.81,
 140.248108,   35.507658,      103.79,
 140.257117,   35.507658,      103.75,
 140.266126,   35.507658,      103.70,
 140.275135,   35.507658,      103.62,
 140.284144,   35.507658,      103.54,
 140.293153,   35.507658,      103.43,
 140.302162,   35.507658,      103.31,
 140.311171,   35.507658,      103.17,
 140.320180,   35.507658,      103.01,
 140.329189,   35.507658,      102.84,
 140.338198,   35.507658,      102.65,
 140.347207,   35.507658,      102.44,
 140.356216,   35.507658,      102.21,
 140.365225,   35.507658,      101.97,
 140.374234,   35.507658,      101.71,
 140.383243,   35.507658,      101.44,
 139.140000,   35.516667,     -701.08,
 139.149009,   35.516667,     -723.07,
 139.158018,   35.516667,     -743.41,
 139.167027,   35.516667,     -762.10,
 139.176036,   35.516667,     -779.14,
 139.185045,   35.516667,     -794.53,
 139.194054,   35.516667,     -808.27,
 139.203063,   35.516667,     -820.36,
 139.212072,   35.516667,     -830.80,
 139.221081,   35.516667,     -839.58,
 139.230090,   35.516667,     -846.72,
 139.239099,   35.516667,     -852.21,
 139.248108,   35.516667,     -856.05,
 139.257117,   35.516667,     -858.24,
 139.266126,   35.516667,     -858.78,
 139.275135,   35.516667,     -857.67,
 139.284144,   35.516667,     -854.92,
 139.293153,   35.516667,     -850.51,
 139.302162,   35.516667,     -844.45,
 139.311171,   35.516667,     -836.74,
 139.320180,   35.516667,     -827.38,
 139.329189,   35.516667,     -816.37,
 139.338198,   35.516667,     -803.71,
 139.347207,   35.516667,     -789.40,
 139.356216,   35.516667,     -773.44,
 139.365225,   35.516667,     -755.84,
 139.374234,   35.516667,     -736.58,
 139.383243,   35.516667,     -715.67,
 139.392252,   35.516667,     -693.11,
 139.401261,   35.516667,     -668.91,
 139.410270,   35.516667,     -643.05,
 139.419279,   35.516667,     -615.54,
 139.428288,   35.516667,     -586.38,
 139.437297,   35.516667,     -555.58,
 139.446306,   35.516667,     -523.12,
 139.455315,   35.516667,     -489.01,
 139.464324,   35.516667,     -453.26,
 139.473333,   35.516667,     -415.85,
 139.482342,   35.516667,     -376.79,
 139.491351,   35.516667,     -336.09,
 139.500360,   35.516667,     -293.73,
 139.509369,   35.516667,     -249.73,
 139.518378,   35.516667,     -204.07,
 139.527387,   35.516667,     -156.77,
 139.536396,   35.516667,     -107.81,
 139.545405,   35.516667,      -57.20,
 139.554414,   35.516667,       -4.95,
 139.563423,   35.516667,       23.41,
 139.572432,   35.516667,       29.90,
 139.581441,   35.516667,       36.26,
 139.590450,   35.516667,       43.10,
 139.599459,   35.516667,       50.54,
 139.608468,   35.516667,       58.74,
 139.617477,   35.516667,       67.83,
 139.626486,   35.516667,       77.97,
 139.635495,   35.516667,       89.05,
 139.644505,   35.516667,      100.57,
 139.653514,   35.516667,      111.30,
 139.662523,   35.516667,      121.29,
 139.671532,   35.516667,      123.39,
 139.680541,   35.516667,      111.98,
 139.689550,   35.516667,      104.03,
 139.698559,   35.516667,       93.47,
 139.707568,   35.516667,       74.53,
 139.716577,   35.516667,       51.22,
 139.725586,   35.516667,       27.17,
 139.734595,   35.516667,        4.97,
 139.743604,   35.516667,      -14.97,
 139.752613,   35.516667,      -22.49,
 139.761622,   35.516667,       70.73,
 139.770631,   35.516667,      104.22,
 139.779640,   35.516667,      105.48,
 139.788649,   35.516667,      106.43,
 139.797658,   35.516667,      105.73,
 139.806667,   35.516667,      107.06,
 139.815676,   35.516667,      107.42,
 139.824685,   35.516667,      106.57,
 139.833694,   35.516667,      107.11,
 139.842703,   35.516667,      108.35,
 139.851712,   35.516667,      109.25,
 139.860721,   35.516667,      109.90,
 139.869730,   35.516667,      110.55,
 139.878739,   35.516667,      111.33,
 139.887748,   35.516667,      112.18,
 139.896757,   35.516667,      113.03,
 139.905766,   35.516667,      113.86,
 139.914775,   35.516667,      114.60,
 139.923784,   35.516667,      115.31,
 139.932793,   35.516667,      115.82,
 139.941802,   35.516667,      116.28,
 139.950811,   35.516667,      116.49,
 139.959820,   35.516667,      116.65,
 139.968829,   35.516667,      116.73,
 139.977838,   35.516667,      116.79,
 139.986847,   35.516667,      116.84,
 139.995856,   35.516667,      116.82,
 140.004865,   35.516667,      116.71,
 140.013874,   35.516667,      116.53,
 140.022883,   35.516667,      116.29,
 140.031892,   35.516667,      116.11,
 140.040901,   35.516667,      116.01,
 140.049910,   35.516667,      115.79,
 140.058919,   35.516667,      115.20,
 140.067928,   35.516667,      114.88,
 140.076937,   35.516667,      114.52,
 140.085946,   35.516667,      114.13,
 140.094955,   35.516667,      113.65,
 140.103964,   35.516667,      112.98,
 140.112973,   35.516667,      112.09,
 140.121982,   35.516667,      111.03,
 140.130991,   35.516667,      109.89,
 140.140000,   35.516667,      108.75,
 140.149009,   35.516667,      107.60,
 140.158018,   35.516667,      106.45,
 140.167027,   35.516667,      105.49,
 140.176036,   35.516667,      105.62,
 140.185045,   35.516667,      105.72,
 140.194054,   35.516667,      105.81,
 140.203063,   35.516667,      105.89,
 140.212072,   35.516667,      105.94,
 140.221081,   35.516667,      105.98,
 140.230090,   35.516667,      106.00,
 140.239099,   35.516667,      106.01,
 140.248108,   35.516667,      105.99,
 140.257117,   35.516667,      105.96,
 140.266126,   35.516667,      105.92,
 140.275135,   35.516667,      105.85,
 140.284144,   35.516667,      105.77,
 140.293153,   35.516667,      105.67,
 140.302162,   35.516667,      105.56,
 140.311171,   35.516667,      105.42,
 140.320180,   35.516667,      105.27,
 140.329189,   35.516667,      105.11,
 140.338198,   35.516667,      104.92,
 140.347207,   35.516667,      104.72,
 140.356216,   35.516667,      104.50,
 140.365225,   35.516667,      104.27,
 140.374234,   35.516667,      104.02,
 140.383243,   35.516667,      103.75,
 139.140000,   35.525676,     -752.03,
 139.149009,   35.525676,     -774.72,
 139.158018,   35.525676,     -795.75,
 139.167027,   35.525676,     -815.14,
 139.176036,   35.525676,     -832.87,
 139.185045,   35.525676,     -848.96,
 139.194054,   35.525676,     -863.39,
 139.203063,   35.525676,     -876.18,
 139.212072,   35.525676,     -887.31,
 139.221081,   35.525676,     -896.80,
 139.230090,   35.525676,     -904.63,
 139.239099,   35.525676,     -910.82,
 139.248108,   35.525676,     -915.36,
 139.257117,   35.525676,     -918.24,
 139.266126,   35.525676,     -919.48,
 139.275135,   35.525676,     -919.07,
 139.284144,   35.525676,     -917.00,
 139.293153,   35.525676,     -913.29,
 139.302162,   35.525676,     -907.93,
 139.311171,   35.525676,     -900.91,
 139.320180,   35.525676,     -892.25,
 139.329189,   35.525676,     -881.94,
 139.338198,   35.525676,     -869.97,
 139.347207,   35.525676,     -856.36,
 139.356216,   35.525676,     -841.10,
 139.365225,   35.525676,     -824.19,
 139.374234,   35.525676,     -805.63,
 139.383243,   35.525676,     -785.41,
 139.392252,   35.525676,     -763.55,
 139.401261,   35.525676,     -740.04,
 139.410270,   35.525676,     -714.88,
 139.419279,   35.525676,     -688.07,
 139.428288,   35.525676,     -659.61,
 139.437297,   35.525676,     -629.50,
 139.446306,   35.525676,     -597.74,
 139.455315,   35.525676,     -564.32,
 139.464324,   35.525676,     -529.26,
 139.473333,   35.525676,     -492.55,
 139.482342,   35.525676,     -454.19,
 139.491351,   35.525676,     -414.18,
 139.500360,   35.525676,     -372.52,
 139.509369,   35.525676,     -329.21,
 139.518378,   35.525676,     -284.25,
 139.527387,   35.525676,     -237.64,
 139.536396,   35.525676,     -189.39,
 139.545405,   35.525676,     -139.48,
 139.554414,   35.525676,      -87.92,
 139.563423,   35.525676,      -34.71,
 139.572432,   35.525676,       18.46,
 139.581441,   35.525676,       25.60,
 139.590450,   35.525676,       32.09,
 139.599459,   35.525676,       39.03,
 139.608468,   35.525676,       46.56,
 139.617477,   35.525676,       54.76,
 139.626486,   35.525676,       63.76,
 139.635495,   35.525676,       73.76,
 139.644505,   35.525676,       84.22,
 139.653514,   35.525676,       94.33,
 139.662523,   35.525676,      104.22,
 139.671532,   35.525676,      112.76,
 139.680541,   35.525676,      110.53,
 139.689550,   35.525676,       99.39,
 139.698559,   35.525676,       92.52,
 139.707568,   35.525676,       83.08,
 139.716577,   35.525676,       62.03,
 139.725586,   35.525676,       31.87,
 139.734595,   35.525676,       -1.69,
 139.743604,   35.525676,      -36.52,
 139.752613,   35.525676,      -72.00,
 139.761622,   35.525676,       13.79,
 139.770631,   35.525676,      108.78,
 139.779640,   35.525676,      108.96,
 139.788649,   35.525676,      105.62,
 139.797658,   35.525676,      112.70,
 139.806667,   35.525676,      113.34,
 139.815676,   35.525676,      102.00,
 139.824685,   35.525676,      103.27,
 139.833694,   35.525676,      106.30,
 139.842703,   35.525676,      107.87,
 139.851712,   35.525676,      109.37,
 139.860721,   35.525676,      110.01,
 139.869730,   35.525676,      110.52,
 139.878739,   35.525676,      111.20,
 139.887748,   35.525676,      111.88,
 139.896757,   35.525676,      112.59,
 139.905766,   35.525676,      113.34,
 139.914775,   35.525676,      114.10,
 139.923784,   35.525676,      114.84,
 139.932793,   35.525676,      115.34,
 139.941802,   35.525676,      115.78,
 139.950811,   35.525676,      116.09,
 139.959820,   35.525676,      116.36,
 139.968829,   35.525676,      116.50,
 139.977838,   35.525676,      116.62,
 139.986847,   35.525676,      116.73,
 139.995856,   35.525676,      116.80,
 140.004865,   35.525676,      116.82,
 140.013874,   35.525676,      116.74,
 140.022883,   35.525676,      116.62,
 140.031892,   35.525676,      116.43,
 140.040901,   35.525676,      116.28,
 140.049910,   35.525676,      116.31,
 140.058919,   35.525676,      116.31,
 140.067928,   35.525676,      116.06,
 140.076937,   35.525676,      115.96,
 140.085946,   35.525676,      115.74,
 140.094955,   35.525676,      115.38,
 140.103964,   35.525676,      114.73,
 140.112973,   35.525676,      113.77,
 140.121982,   35.525676,      112.61,
 140.130991,   35.525676,      111.39,
 140.140000,   35.525676,      110.17,
 140.149009,   35.525676,      108.96,
 140.158018,   35.525676,      107.73,
 140.167027,   35.525676,      107.66,
 140.176036,   35.525676,      107.79,
 140.185045,   35.525676,      107.90,
 140.194054,   35.525676,      108.00,
 140.203063,   35.525676,      108.08,
 140.212072,   35.525676,      108.14,
 140.221081,   35.525676,      108.19,
 140.230090,   35.525676,      108.21,
 140.239099,   35.525676,      108.22,
 140.248108,   35.525676,      108.22,
 140.257117,   35.525676,      108.20,
 140.266126,   35.525676,      108.15,
 140.275135,   35.525676,      108.10,
 140.284144,   35.525676,      108.02,
 140.293153,   35.525676,      107.93,
 140.302162,   35.525676,      107.82,
 140.311171,   35.525676,      107.70,
 140.320180,   35.525676,      107.55,
 140.329189,   35.525676,      107.39,
 140.338198,   35.525676,      107.22,
 140.347207,   35.525676,      107.02,
 140.356216,   35.525676,      106.81,
 140.365225,   35.525676,      106.58,
 140.374234,   35.525676,      106.33,
 140.383243,   35.525676,      106.07,
 139.140000,   35.534685,     -804.63,
 139.149009,   35.534685,     -828.01,
 139.158018,   35.534685,     -849.75,
 139.167027,   35.534685,     -869.83,
 139.176036,   35.534685,     -888.26,
 139.185045,   35.534685,     -905.04,
 139.194054,   35.534685,     -920.17,
 139.203063,   35.534685,     -933.65,
 139.212072,   35.534685,     -945.48,
 139.221081,   35.534685,     -955.66,
 139.230090,   35.534685,     -964.19,
 139.239099,   35.534685,     -971.08,
 139.248108,   35.534685,     -976.31,
 139.257117,   35.534685,     -979.89,
 139.266126,   35.534685,     -981.82,
 139.275135,   35.534685,     -982.11,
 139.284144,   35.534685,     -980.74,
 139.293153,   35.534685,     -977.72,
 139.302162,   35.534685,     -973.05,
 139.311171,   35.534685,     -966.74,
 139.320180,   35.534685,     -958.77,
 139.329189,   35.534685,     -949.15,
 139.338198,   35.534685,     -937.89,
 139.347207,   35.534685,     -924.97,
 139.356216,   35.534685,     -910.40,
 139.365225,   35.534685,     -894.19,
 139.374234,   35.534685,     -876.32,
 139.383243,   35.534685,     -856.81,
 139.392252,   35.534685,     -835.64,
 139.401261,   35.534685,     -812.83,
 139.410270,   35.534685,     -788.36,
 139.419279,   35.534685,     -762.24,
 139.428288,   35.534685,     -734.48,
 139.437297,   35.534685,     -705.06,
 139.446306,   35.534685,     -674.00,
 139.455315,   35.534685,     -641.29,
 139.464324,   35.534685,     -606.92,
 139.473333,   35.534685,     -570.91,
 139.482342,   35.534685,     -533.24,
 139.491351,   35.534685,     -493.93,
 139.500360,   35.534685,     -452.96,
 139.509369,   35.534685,     -410.35,
 139.518378,   35.534685,     -366.09,
 139.527387,   35.534685,     -320.17,
 139.536396,   35.534685,     -272.61,
 139.545405,   35.534685,     -223.40,
 139.554414,   35.534685,     -172.53,
 139.563423,   35.534685,     -120.02,
 139.572432,   35.534685,      -65.86,
 139.581441,   35.534685,      -10.05,
 139.590450,   35.534685,       20.84,
 139.599459,   35.534685,       27.74,
 139.608468,   35.534685,       34.74,
 139.617477,   35.534685,       42.27,
 139.626486,   35.534685,       50.42,
 139.635495,   35.534685,       59.32,
 139.644505,   35.534685,       68.78,
 139.653514,   35.534685,       78.39,
 139.662523,   35.534685,       87.91,
 139.671532,   35.534685,       97.00,
 139.680541,   35.534685,      103.77,
 139.689550,   35.534685,       97.39,
 139.698559,   35.534685,       86.78,
 139.707568,   35.534685,       81.21,
 139.716577,   35.534685,       71.96,
 139.725586,   35.534685,       44.43,
 139.734595,   35.534685,        1.43,
 139.743604,   35.534685,      -51.38,
 139.752613,   35.534685,     -119.39,
 139.761622,   35.534685,      -35.61,
 139.770631,   35.534685,      117.43,
 139.779640,   35.534685,      120.84,
 139.788649,   35.534685,      119.92,
 139.797658,   35.534685,      124.57,
 139.806667,   35.534685,      109.01,
 139.815676,   35.534685,       99.17,
 139.824685,   35.534685,      100.73,
 139.833694,   35.534685,      105.58,
 139.842703,   35.534685,      108.28,
 139.851712,   35.534685,      109.80,
 139.860721,   35.534685,      110.41,
 139.869730,   35.534685,      110.77,
 139.878739,   35.534685,      111.14,
 139.887748,   35.534685,      111.66,
 139.896757,   35.534685,      112.27,
 139.905766,   35.534685,      112.87,
 139.914775,   35.534685,      113.57,
 139.923784,   35.534685,      114.28,
 139.932793,   35.534685,      114.82,
 139.941802,   35.534685,      115.31,
 139.950811,   35.534685,      115.66,
 139.959820,   35.534685,      115.97,
 139.968829,   35.534685,      116.18,
 139.977838,   35.534685,      116.39,
 139.986847,   35.534685,      116.55,
 139.995856,   35.534685,      116.71,
 140.004865,   35.534685,      116.79,
 140.013874,   35.534685,      116.82,
 140.022883,   35.534685,      116.77,
 140.031892,   35.534685,      116.66,
 140.040901,   35.534685,      116.48,
 140.049910,   35.534685,      116.31,
 140.058919,   35.534685,      116.61,
 140.067928,   35.534685,      116.85,
 140.076937,   35.534685,      117.05,
 140.085946,   35.534685,      117.22,
 140.094955,   35.534685,      117.11,
 140.103964,   35.534685,      116.49,
 140.112973,   35.534685,      115.44,
 140.121982,   35.534685,      114.15,
 140.130991,   35.534685,      112.84,
 140.140000,   35.534685,      111.53,
 140.149009,   35.534685,      110.22,
 140.158018,   35.534685,      109.68,
 140.167027,   35.534685,      109.84,
 140.176036,   35.534685,      109.98,
 140.185045,   35.534685,      110.10,
 140.194054,   35.534685,      110.20,
 140.203063,   35.534685,      110.29,
 140.212072,   35.534685,      110.36,
 140.221081,   35.534685,      110.41,
 140.230090,   35.534685,      110.44,
 140.239099,   35.534685,      110.46,
 140.248108,   35.534685,      110.46,
 140.257117,   35.534685,      110.44,
 140.266126,   35.534685,      110.41,
 140.275135,   35.534685,      110.36,
 140.284144,   35.534685,      110.29,
 140.293153,   35.534685,      110.21,
 140.302162,   35.534685,      110.10,
 140.311171,   35.534685,      109.99,
 140.320180,   35.534685,      109.85,
 140.329189,   35.534685,      109.70,
 140.338198,   35.534685,      109.52,
 140.347207,   35.534685,      109.34,
 140.356216,   35.534685,      109.13,
 140.365225,   35.534685,      108.91,
 140.374234,   35.534685,      108.67,
 140.383243,   35.534685,      108.41,
 139.140000,   35.543694,     -858.88,
 139.149009,   35.543694,     -882.96,
 139.158018,   35.543694,     -905.39,
 139.167027,   35.543694,     -926.16,
 139.176036,   35.543694,     -945.29,
 139.185045,   35.543694,     -962.77,
 139.194054,   35.543694,     -978.59,
 139.203063,   35.543694,     -992.77,
 139.212072,   35.543694,    -1005.30,
 139.221081,   35.543694,    -1016.18,
 139.230090,   35.543694,    -1025.40,
 139.239099,   35.543694,    -1032.98,
 139.248108,   35.543694,    -1038.91,
 139.257117,   35.543694,    -1043.19,
 139.266126,   35.543694,    -1045.82,
 139.275135,   35.543694,    -1046.80,
 139.284144,   35.543694,    -1046.12,
 139.293153,   35.543694,    -1043.80,
 139.302162,   35.543694,    -1039.83,
 139.311171,   35.543694,    -1034.21,
 139.320180,   35.543694,    -1026.94,
 139.329189,   35.543694,    -1018.02,
 139.338198,   35.543694,    -1007.45,
 139.347207,   35.543694,     -995.23,
 139.356216,   35.543694,     -981.36,
 139.365225,   35.543694,     -965.84,
 139.374234,   35.543694,     -948.67,
 139.383243,   35.543694,     -929.85,
 139.392252,   35.543694,     -909.38,
 139.401261,   35.543694,     -887.26,
 139.410270,   35.543694,     -863.49,
 139.419279,   35.543694,     -838.07,
 139.428288,   35.543694,     -811.00,
 139.437297,   35.543694,     -782.28,
 139.446306,   35.543694,     -751.91,
 139.455315,   35.543694,     -719.90,
 139.464324,   35.543694,     -686.23,
 139.473333,   35.543694,     -650.91,
 139.482342,   35.543694,     -613.94,
 139.491351,   35.543694,     -575.32,
 139.500360,   35.543694,     -535.06,
 139.509369,   35.543694,     -493.14,
 139.518378,   35.543694,     -449.57,
 139.527387,   35.543694,     -404.35,
 139.536396,   35.543694,     -357.49,
 139.545405,   35.543694,     -308.97,
 139.554414,   35.543694,     -258.80,
 139.563423,   35.543694,     -206.99,
 139.572432,   35.543694,     -153.52,
 139.581441,   35.543694,      -98.40,
 139.590450,   35.543694,      -41.64,
 139.599459,   35.543694,       15.72,
 139.608468,   35.543694,       23.20,
 139.617477,   35.543694,       30.22,
 139.626486,   35.543694,       37.73,
 139.635495,   35.543694,       45.81,
 139.644505,   35.543694,       54.31,
 139.653514,   35.543694,       63.23,
 139.662523,   35.543694,       72.41,
 139.671532,   35.543694,       81.44,
 139.680541,   35.543694,       89.66,
 139.689550,   35.543694,       94.13,
 139.698559,   35.543694,       84.23,
 139.707568,   35.543694,       74.57,
 139.716577,   35.543694,       70.59,
 139.725586,   35.543694,       60.11,
 139.734595,   35.543694,       16.12,
 139.743604,   35.543694,      -55.87,
 139.752613,   35.543694,     -173.39,
 139.761622,   35.543694,       10.81,
 139.770631,   35.543694,      189.57,
 139.779640,   35.543694,      142.53,
 139.788649,   35.543694,      124.11,
 139.797658,   35.543694,      117.55,
 139.806667,   35.543694,      110.02,
 139.815676,   35.543694,      105.27,
 139.824685,   35.543694,      104.68,
 139.833694,   35.543694,      108.52,
 139.842703,   35.543694,      110.87,
 139.851712,   35.543694,      111.11,
 139.860721,   35.543694,      111.25,
 139.869730,   35.543694,      111.23,
 139.878739,   35.543694,      111.43,
 139.887748,   35.543694,      111.61,
 139.896757,   35.543694,      112.02,
 139.905766,   35.543694,      112.51,
 139.914775,   35.543694,      113.07,
 139.923784,   35.543694,      113.75,
 139.932793,   35.543694,      114.32,
 139.941802,   35.543694,      114.86,
 139.950811,   35.543694,      115.24,
 139.959820,   35.543694,      115.58,
 139.968829,   35.543694,      115.86,
 139.977838,   35.543694,      116.13,
 139.986847,   35.543694,      116.34,
 139.995856,   35.543694,      116.53,
 140.004865,   35.543694,      116.69,
 140.013874,   35.543694,      116.76,
 140.022883,   35.543694,      116.78,
 140.031892,   35.543694,      116.74,
 140.040901,   35.543694,      116.66,
 140.049910,   35.543694,      116.49,
 140.058919,   35.543694,      116.59,
 140.067928,   35.543694,      117.00,
 140.076937,   35.543694,      117.22,
 140.085946,   35.543694,      118.14,
 140.094955,   35.543694,      118.74,
 140.103964,   35.543694,      118.31,
 140.112973,   35.543694,      117.11,
 140.121982,   35.543694,      115.65,
 140.130991,   35.543694,      114.21,
 140.140000,   35.543694,      112.78,
 140.149009,   35.543694,      111.70,
 140.158018,   35.543694,      111.88,
 140.167027,   35.543694,      112.04,
 140.176036,   35.543694,      112.18,
 140.185045,   35.543694,      112.31,
 140.194054,   35.543694,      112.42,
 140.203063,   35.543694,      112.51,
 140.212072,   35.543694,      112.59,
 140.221081,   35.543694,      112.65,
 140.230090,   35.543694,      112.69,
 140.239099,   35.543694,      112.71,
 140.248108,   35.543694,      112.72,
 140.257117,   35.543694,      112.71,
 140.266126,   35.543694,      112.68,
 140.275135,   35.543694,      112.64,
 140.284144,   35.543694,      112.58,
 140.293153,   35.543694,      112.50,
 140.302162,   35.543694,      112.40,
 140.311171,   35.543694,      112.29,
 140.320180,   35.543694,      112.16,
 140.329189,   35.543694,      112.01,
 140.338198,   35.543694,      111.85,
 140.347207,   35.543694,      111.67,
 140.356216,   35.543694,      111.47,
 140.365225,   35.543694,      111.26,
 140.374234,   35.543694,      111.02,
 140.383243,   35.543694,      110.77,
 139.140000,   35.552703,     -914.78,
 139.149009,   35.552703,     -939.56,
 139.158018,   35.552703,     -962.68,
 139.167027,   35.552703,     -984.15,
 139.176036,   35.552703,    -1003.97,
 139.185045,   35.552703,    -1022.15,
 139.194054,   35.552703,    -1038.67,
 139.203063,   35.552703,    -1053.54,
 139.212072,   35.552703,    -1066.77,
 139.221081,   35.552703,    -1078.34,
 139.230090,   35.552703,    -1088.26,
 139.239099,   35.552703,    -1096.54,
 139.248108,   35.552703,    -1103.16,
 139.257117,   35.552703,    -1108.14,
 139.266126,   35.552703,    -1111.46,
 139.275135,   35.552703,    -1113.14,
 139.284144,   35.552703,    -1113.16,
 139.293153,   35.552703,    -1111.53,
 139.302162,   35.552703,    -1108.26,
 139.311171,   35.552703,    -1103.34,
 139.320180,   35.552703,    -1096.76,
 139.329189,   35.552703,    -1088.54,
 139.338198,   35.552703,    -1078.66,
 139.347207,   35.552703,    -1067.14,
 139.356216,   35.552703,    -1053.96,
 139.365225,   35.552703,    -1039.14,
 139.374234,   35.552703,    -1022.66,
 139.383243,   35.552703,    -1004.54,
 139.392252,   35.552703,     -984.77,
 139.401261,   35.552703,     -963.34,
 139.410270,   35.552703,     -940.27,
 139.419279,   35.552703,     -915.55,
 139.428288,   35.552703,     -889.17,
 139.437297,   35.552703,     -861.15,
 139.446306,   35.552703,     -831.48,
 139.455315,   35.552703,     -800.16,
 139.464324,   35.552703,     -767.18,
 139.473333,   35.552703,     -732.56,
 139.482342,   35.552703,     -696.29,
 139.491351,   35.552703,     -658.37,
 139.500360,   35.552703,     -618.80,
 139.509369,   35.552703,     -577.57,
 139.518378,   35.552703,     -534.70,
 139.527387,   35.552703,     -490.18,
 139.536396,   35.552703,     -444.01,
 139.545405,   35.552703,     -396.19,
 139.554414,   35.552703,     -346.72,
 139.563423,   35.552703,     -295.60,
 139.572432,   35.552703,     -242.83,
 139.581441,   35.552703,     -188.41,
 139.590450,   35.552703,     -132.34,
 139.599459,   35.552703,      -74.62,
 139.608468,   35.552703,      -15.25,
 139.617477,   35.552703,       18.26,
 139.626486,   35.552703,       25.52,
 139.635495,   35.552703,       32.98,
 139.644505,   35.552703,       40.80,
 139.653514,   35.552703,       49.00,
 139.662523,   35.552703,       57.60,
 139.671532,   35.552703,       66.46,
 139.680541,   35.552703,       74.99,
 139.689550,   35.552703,       82.21,
 139.698559,   35.552703,       83.58,
 139.707568,   35.552703,       71.47,
 139.716577,   35.552703,       63.94,
 139.725586,   35.552703,       61.89,
 139.734595,   35.552703,       45.75,
 139.743604,   35.552703,      -43.20,
 139.752613,   35.552703,     -234.67,
 139.761622,   35.552703,      -77.47,
 139.770631,   35.552703,      124.82,
 139.779640,   35.552703,      142.53,
 139.788649,   35.552703,      120.50,
 139.797658,   35.552703,      108.88,
 139.806667,   35.552703,      106.91,
 139.815676,   35.552703,      108.01,
 139.824685,   35.552703,      109.58,
 139.833694,   35.552703,      111.20,
 139.842703,   35.552703,      112.63,
 139.851712,   35.552703,      112.78,
 139.860721,   35.552703,      112.39,
 139.869730,   35.552703,      112.19,
 139.878739,   35.552703,      111.85,
 139.887748,   35.552703,      111.89,
 139.896757,   35.552703,      111.97,
 139.905766,   35.552703,      112.25,
 139.914775,   35.552703,      112.73,
 139.923784,   35.552703,      113.25,
 139.932793,   35.552703,      113.82,
 139.941802,   35.552703,      114.38,
 139.950811,   35.552703,      114.81,
 139.959820,   35.552703,      115.20,
 139.968829,   35.552703,      115.53,
 139.977838,   35.552703,      115.85,
 139.986847,   35.552703,      116.10,
 139.995856,   35.552703,      116.32,
 140.004865,   35.552703,      116.49,
 140.013874,   35.552703,      116.65,
 140.022883,   35.552703,      116.69,
 140.031892,   35.552703,      116.71,
 140.040901,   35.552703,      116.70,
 140.049910,   35.552703,      116.62,
 140.058919,   35.552703,      116.64,
 140.067928,   35.552703,      116.90,
 140.076937,   35.552703,      117.19,
 140.085946,   35.552703,      117.70,
 140.094955,   35.552703,      120.20,
 140.103964,   35.552703,      120.26,
 140.112973,   35.552703,      118.79,
 140.121982,   35.552703,      117.09,
 140.130991,   35.552703,      115.47,
 140.140000,   35.552703,      113.90,
 140.149009,   35.552703,      113.90,
 140.158018,   35.552703,      114.09,
 140.167027,   35.552703,      114.25,
 140.176036,   35.552703,      114.41,
 140.185045,   35.552703,      114.54,
 140.194054,   35.552703,      114.66,
 140.203063,   35.552703,      114.76,
 140.212072,   35.552703,      114.84,
 140.221081,   35.552703,      114.90,
 140.230090,   35.552703,      114.95,
 140.239099,   35.552703,      114.98,
 140.248108,   35.552703,      115.00,
 140.257117,   35.552703,      114.99,
 140.266126,   35.552703,      114.97,
 140.275135,   35.552703,      114.94,
 140.284144,   35.552703,      114.88,
 140.293153,   35.552703,      114.81,
 140.302162,   35.552703,      114.72,
 140.311171,   35.552703,      114.61,
 140.320180,   35.552703,      114.49,
 140.329189,   35.552703,      114.35,
 140.338198,   35.552703,      114.19,
 140.347207,   35.552703,      114.02,
 140.356216,   35.552703,      113.83,
 140.365225,   35.552703,      113.62,
 140.374234,   35.552703,      113.39,
 140.383243,   35.552703,      113.15,
 139.140000,   35.561712,     -972.33,
 139.149009,   35.561712,     -997.80,
 139.158018,   35.561712,    -1021.62,
 139.167027,   35.561712,    -1043.79,
 139.176036,   35.561712,    -1064.31,
 139.185045,   35.561712,    -1083.18,
 139.194054,   35.561712,    -1100.40,
 139.203063,   35.561712,    -1115.96,
 139.212072,   35.561712,    -1129.88,
 139.221081,   35.561712,    -1142.15,
 139.230090,   35.561712,    -1152.77,
 139.239099,   35.561712,    -1161.74,
 139.248108,   35.561712,    -1169.06,
 139.257117,   35.561712,    -1174.73,
 139.266126,   35.561712,    -1178.75,
 139.275135,   35.561712,    -1181.13,
 139.284144,   35.561712,    -1181.85,
 139.293153,   35.561712,    -1180.92,
 139.302162,   35.561712,    -1178.34,
 139.311171,   35.561712,    -1174.11,
 139.320180,   35.561712,    -1168.23,
 139.329189,   35.561712,    -1160.70,
 139.338198,   35.561712,    -1151.52,
 139.347207,   35.561712,    -1140.70,
 139.356216,   35.561712,    -1128.22,
 139.365225,   35.561712,    -1114.09,
 139.374234,   35.561712,    -1098.31,
 139.383243,   35.561712,    -1080.88,
 139.392252,   35.561712,    -1061.81,
 139.401261,   35.561712,    -1041.08,
 139.410270,   35.561712,    -1018.70,
 139.419279,   35.561712,     -994.67,
 139.428288,   35.561712,     -969.00,
 139.437297,   35.561712,     -941.67,
 139.446306,   35.561712,     -912.69,
 139.455315,   35.561712,     -882.07,
 139.464324,   35.561712,     -849.79,
 139.473333,   35.561712,     -815.86,
 139.482342,   35.561712,     -780.29,
 139.491351,   35.561712,     -743.06,
 139.500360,   35.561712,     -704.19,
 139.509369,   35.561712,     -663.66,
 139.518378,   35.561712,     -621.49,
 139.527387,   35.561712,     -577.66,
 139.536396,   35.561712,     -532.19,
 139.545405,   35.561712,     -485.06,
 139.554414,   35.561712,     -436.29,
 139.563423,   35.561712,     -385.86,
 139.572432,   35.561712,     -333.79,
 139.581441,   35.561712,     -280.06,
 139.590450,   35.561712,     -224.69,
 139.599459,   35.561712,     -167.66,
 139.608468,   35.561712,     -108.99,
 139.617477,   35.561712,      -48.67,
 139.626486,   35.561712,       12.97,
 139.635495,   35.561712,       20.68,
 139.644505,   35.561712,       28.00,
 139.653514,   35.561712,       35.66,
 139.662523,   35.561712,       43.65,
 139.671532,   35.561712,       52.00,
 139.680541,   35.561712,       60.57,
 139.689550,   35.561712,       68.59,
 139.698559,   35.561712,       74.70,
 139.707568,   35.561712,       71.59,
 139.716577,   35.561712,       60.19,
 139.725586,   35.561712,       58.13,
 139.734595,   35.561712,       60.48,
 139.743604,   35.561712,       12.20,
 139.752613,   35.561712,      -82.84,
 139.761622,   35.561712,       22.68,
 139.770631,   35.561712,      108.96,
 139.779640,   35.561712,      128.19,
 139.788649,   35.561712,      113.31,
 139.797658,   35.561712,      107.54,
 139.806667,   35.561712,      109.39,
 139.815676,   35.561712,      110.23,
 139.824685,   35.561712,      111.40,
 139.833694,   35.561712,      113.76,
 139.842703,   35.561712,      115.10,
 139.851712,   35.561712,      115.55,
 139.860721,   35.561712,      114.58,
 139.869730,   35.561712,      113.44,
 139.878739,   35.561712,      112.84,
 139.887748,   35.561712,      112.24,
 139.896757,   35.561712,      112.20,
 139.905766,   35.561712,      112.18,
 139.914775,   35.561712,      112.50,
 139.923784,   35.561712,      112.92,
 139.932793,   35.561712,      113.41,
 139.941802,   35.561712,      113.92,
 139.950811,   35.561712,      114.39,
 139.959820,   35.561712,      114.84,
 139.968829,   35.561712,      115.23,
 139.977838,   35.561712,      115.58,
 139.986847,   35.561712,      115.84,
 139.995856,   35.561712,      116.10,
 140.004865,   35.561712,      116.28,
 140.013874,   35.561712,      116.44,
 140.022883,   35.561712,      116.52,
 140.031892,   35.561712,      116.56,
 140.040901,   35.561712,      116.57,
 140.049910,   35.561712,      116.54,
 140.058919,   35.561712,      116.56,
 140.067928,   35.561712,      116.72,
 140.076937,   35.561712,      117.11,
 140.085946,   35.561712,      117.89,
 140.094955,   35.561712,      119.42,
 140.103964,   35.561712,      122.51,
 140.112973,   35.561712,      120.57,
 140.121982,   35.561712,      118.42,
 140.130991,   35.561712,      116.55,
 140.140000,   35.561712,      115.91,
 140.149009,   35.561712,      116.12,
 140.158018,   35.561712,      116.31,
 140.167027,   35.561712,      116.49,
 140.176036,   35.561712,      116.64,
 140.185045,   35.561712,      116.79,
 140.194054,   35.561712,      116.91,
 140.203063,   35.561712,      117.02,
 140.212072,   35.561712,      117.10,
 140.221081,   35.561712,      117.18,
 140.230090,   35.561712,      117.23,
 140.239099,   35.561712,      117.27,
 140.248108,   35.561712,      117.29,
 140.257117,   35.561712,      117.29,
 140.266126,   35.561712,      117.28,
 140.275135,   35.561712,      117.25,
 140.284144,   35.561712,      117.20,
 140.293153,   35.561712,      117.14,
 140.302162,   35.561712,      117.05,
 140.311171,   35.561712,      116.96,
 140.320180,   35.561712,      116.84,
 140.329189,   35.561712,      116.71,
 140.338198,   35.561712,      116.56,
 140.347207,   35.561712,      116.39,
 140.356216,   35.561712,      116.20,
 140.365225,   35.561712,      116.00,
 140.374234,   35.561712,      115.78,
 140.383243,   35.561712,      115.55,
 139.140000,   35.570721,    -1031.53,
 139.149009,   35.570721,    -1057.70,
 139.158018,   35.570721,    -1082.21,
 139.167027,   35.570721,    -1105.08,
 139.176036,   35.570721,    -1126.29,
 139.185045,   35.570721,    -1145.86,
 139.194054,   35.570721,    -1163.77,
 139.203063,   35.570721,    -1180.04,
 139.212072,   35.570721,    -1194.65,
 139.221081,   35.570721,    -1207.62,
 139.230090,   35.570721,    -1218.93,
 139.239099,   35.570721,    -1228.60,
 139.248108,   35.570721,    -1236.62,
 139.257117,   35.570721,    -1242.98,
 139.266126,   35.570721,    -1247.70,
 139.275135,   35.570721,    -1250.76,
 139.284144,   35.570721,    -1252.18,
 139.293153,   35.570721,    -1251.95,
 139.302162,   35.570721,    -1250.07,
 139.311171,   35.570721,    -1246.53,
 139.320180,   35.570721,    -1241.35,
 139.329189,   35.570721,    -1234.52,
 139.338198,   35.570721,    -1226.04,
 139.347207,   35.570721,    -1215.90,
 139.356216,   35.570721,    -1204.12,
 139.365225,   35.570721,    -1190.69,
 139.374234,   35.570721,    -1175.61,
 139.383243,   35.570721,    -1158.88,
 139.392252,   35.570721,    -1140.49,
 139.401261,   35.570721,    -1120.46,
 139.410270,   35.570721,    -1098.78,
 139.419279,   35.570721,    -1075.45,
 139.428288,   35.570721,    -1050.47,
 139.437297,   35.570721,    -1023.84,
 139.446306,   35.570721,     -995.56,
 139.455315,   35.570721,     -965.63,
 139.464324,   35.570721,     -934.05,
 139.473333,   35.570721,     -900.82,
 139.482342,   35.570721,     -865.94,
 139.491351,   35.570721,     -829.41,
 139.500360,   35.570721,     -791.23,
 139.509369,   35.570721,     -751.40,
 139.518378,   35.570721,     -709.92,
 139.527387,   35.570721,     -666.79,
 139.536396,   35.570721,     -622.01,
 139.545405,   35.570721,     -575.58,
 139.554414,   35.570721,     -527.50,
 139.563423,   35.570721,     -477.77,
 139.572432,   35.570721,     -426.40,
 139.581441,   35.570721,     -373.37,
 139.590450,   35.570721,     -318.69,
 139.599459,   35.570721,     -262.36,
 139.608468,   35.570721,     -204.38,
 139.617477,   35.570721,     -144.75,
 139.626486,   35.570721,      -83.48,
 139.635495,   35.570721,      -20.55,
 139.644505,   35.570721,       15.59,
 139.653514,   35.570721,       22.97,
 139.662523,   35.570721,       30.49,
 139.671532,   35.570721,       38.32,
 139.680541,   35.570721,       46.47,
 139.689550,   35.570721,       54.77,
 139.698559,   35.570721,       62.31,
 139.707568,   35.570721,       67.14,
 139.716577,   35.570721,       60.40,
 139.725586,   35.570721,       54.05,
 139.734595,   35.570721,       65.92,
 139.743604,   35.570721,       92.82,
 139.752613,   35.570721,      106.32,
 139.761622,   35.570721,      103.38,
 139.770631,   35.570721,      112.15,
 139.779640,   35.570721,      110.46,
 139.788649,   35.570721,      107.73,
 139.797658,   35.570721,      110.49,
 139.806667,   35.570721,      111.83,
 139.815676,   35.570721,      111.19,
 139.824685,   35.570721,      112.43,
 139.833694,   35.570721,      115.91,
 139.842703,   35.570721,      119.20,
 139.851712,   35.570721,      119.45,
 139.860721,   35.570721,      117.48,
 139.869730,   35.570721,      115.69,
 139.878739,   35.570721,      113.88,
 139.887748,   35.570721,      113.01,
 139.896757,   35.570721,      112.45,
 139.905766,   35.570721,      112.30,
 139.914775,   35.570721,      112.36,
 139.923784,   35.570721,      112.65,
 139.932793,   35.570721,      113.08,
 139.941802,   35.570721,      113.57,
 139.950811,   35.570721,      114.05,
 139.959820,   35.570721,      114.50,
 139.968829,   35.570721,      114.90,
 139.977838,   35.570721,      115.28,
 139.986847,   35.570721,      115.58,
 139.995856,   35.570721,      115.85,
 140.004865,   35.570721,      116.08,
 140.013874,   35.570721,      116.23,
 140.022883,   35.570721,      116.30,
 140.031892,   35.570721,      116.34,
 140.040901,   35.570721,      116.37,
 140.049910,   35.570721,      116.39,
 140.058919,   35.570721,      116.43,
 140.067928,   35.570721,      116.57,
 140.076937,   35.570721,      117.03,
 140.085946,   35.570721,      118.03,
 140.094955,   35.570721,      119.77,
 140.103964,   35.570721,      122.59,
 140.112973,   35.570721,      121.80,
 140.121982,   35.570721,      119.43,
 140.130991,   35.570721,      117.91,
 140.140000,   35.570721,      118.14,
 140.149009,   35.570721,      118.36,
 140.158018,   35.570721,      118.56,
 140.167027,   35.570721,      118.74,
 140.176036,   35.570721,      118.90,
 140.185045,   35.570721,      119.05,
 140.194054,   35.570721,      119.18,
 140.203063,   35.570721,      119.29,
 140.212072,   35.570721,      119.39,
 140.221081,   35.570721,      119.47,
 140.230090,   35.570721,      119.53,
 140.239099,   35.570721,      119.57,
 140.248108,   35.570721,      119.60,
 140.257117,   35.570721,      119.61,
 140.266126,   35.570721,      119.60,
 140.275135,   35.570721,      119.58,
 140.284144,   35.570721,      119.54,
 140.293153,   35.570721,      119.48,
 140.302162,   35.570721,      119.41,
 140.311171,   35.570721,      119.31,
 140.320180,   35.570721,      119.20,
 140.329189,   35.570721,      119.08,
 140.338198,   35.570721,      118.93,
 140.347207,   35.570721,      118.77,
 140.356216,   35.570721,      118.59,
 140.365225,   35.570721,      118.40,
 140.374234,   35.570721,      118.19,
 140.383243,   35.570721,      117.96,
 139.140000,   35.579730,    -1092.38,
 139.149009,   35.579730,    -1119.24,
 139.158018,   35.579730,    -1144.45,
 139.167027,   35.579730,    -1168.01,
 139.176036,   35.579730,    -1189.92,
 139.185045,   35.579730,    -1210.18,
 139.194054,   35.579730,    -1228.80,
 139.203063,   35.579730,    -1245.76,
 139.212072,   35.579730,    -1261.07,
 139.221081,   35.579730,    -1274.73,
 139.230090,   35.579730,    -1286.74,
 139.239099,   35.579730,    -1297.10,
 139.248108,   35.579730,    -1305.82,
 139.257117,   35.579730,    -1312.88,
 139.266126,   35.579730,    -1318.29,
 139.275135,   35.579730,    -1322.05,
 139.284144,   35.579730,    -1324.17,
 139.293153,   35.579730,    -1324.63,
 139.302162,   35.579730,    -1323.44,
 139.311171,   35.579730,    -1320.61,
 139.320180,   35.579730,    -1316.12,
 139.329189,   35.579730,    -1309.98,
 139.338198,   35.579730,    -1302.20,
 139.347207,   35.579730,    -1292.76,
 139.356216,   35.579730,    -1281.67,
 139.365225,   35.579730,    -1268.94,
 139.374234,   35.579730,    -1254.55,
 139.383243,   35.579730,    -1238.52,
 139.392252,   35.579730,    -1220.83,
 139.401261,   35.579730,    -1201.50,
 139.410270,   35.579730,    -1180.51,
 139.419279,   35.579730,    -1157.88,
 139.428288,   35.579730,    -1133.59,
 139.437297,   35.579730,    -1107.66,
 139.446306,   35.579730,    -1080.07,
 139.455315,   35.579730,    -1050.84,
 139.464324,   35.579730,    -1019.95,
 139.473333,   35.579730,     -987.42,
 139.482342,   35.579730,     -953.24,
 139.491351,   35.579730,     -917.40,
 139.500360,   35.579730,     -879.92,
 139.509369,   35.579730,     -840.78,
 139.518378,   35.579730,     -800.00,
 139.527387,   35.579730,     -757.57,
 139.536396,   35.579730,     -713.48,
 139.545405,   35.579730,     -667.75,
 139.554414,   35.579730,     -620.37,
 139.563423,   35.579730,     -571.34,
 139.572432,   35.579730,     -520.65,
 139.581441,   35.579730,     -468.32,
 139.590450,   35.579730,     -414.34,
 139.599459,   35.579730,     -358.71,
 139.608468,   35.579730,     -301.43,
 139.617477,   35.579730,     -242.49,
 139.626486,   35.579730,     -181.91,
 139.635495,   35.579730,     -119.68,
 139.644505,   35.579730,      -55.80,
 139.653514,   35.579730,        9.73,
 139.662523,   35.579730,       17.92,
 139.671532,   35.579730,       25.34,
 139.680541,   35.579730,       33.03,
 139.689550,   35.579730,       41.01,
 139.698559,   35.579730,       49.10,
 139.707568,   35.579730,       56.22,
 139.716577,   35.579730,       59.46,
 139.725586,   35.579730,       52.62,
 139.734595,   35.579730,       59.72,
 139.743604,   35.579730,       83.08,
 139.752613,   35.579730,      106.94,
 139.761622,   35.579730,      107.35,
 139.770631,   35.579730,      106.32,
 139.779640,   35.579730,      109.31,
 139.788649,   35.579730,      110.74,
 139.797658,   35.579730,      114.35,
 139.806667,   35.579730,      112.92,
 139.815676,   35.579730,      108.04,
 139.824685,   35.579730,      104.96,
 139.833694,   35.579730,      112.12,
 139.842703,   35.579730,      127.32,
 139.851712,   35.579730,      125.50,
 139.860721,   35.579730,      121.68,
 139.869730,   35.579730,      117.78,
 139.878739,   35.579730,      115.17,
 139.887748,   35.579730,      113.54,
 139.896757,   35.579730,      112.71,
 139.905766,   35.579730,      112.40,
 139.914775,   35.579730,      112.32,
 139.923784,   35.579730,      112.52,
 139.932793,   35.579730,      112.87,
 139.941802,   35.579730,      113.28,
 139.950811,   35.579730,      113.74,
 139.959820,   35.579730,      114.20,
 139.968829,   35.579730,      114.60,
 139.977838,   35.579730,      114.99,
 139.986847,   35.579730,      115.34,
 139.995856,   35.579730,      115.62,
 140.004865,   35.579730,      115.86,
 140.013874,   35.579730,      115.98,
 140.022883,   35.579730,      116.06,
 140.031892,   35.579730,      116.08,
 140.040901,   35.579730,      116.10,
 140.049910,   35.579730,      116.15,
 140.058919,   35.579730,      116.26,
 140.067928,   35.579730,      116.43,
 140.076937,   35.579730,      117.01,
 140.085946,   35.579730,      118.18,
 140.094955,   35.579730,      119.72,
 140.103964,   35.579730,      122.18,
 140.112973,   35.579730,      122.81,
 140.121982,   35.579730,      120.07,
 140.130991,   35.579730,      120.15,
 140.140000,   35.579730,      120.39,
 140.149009,   35.579730,      120.61,
 140.158018,   35.579730,      120.82,
 140.167027,   35.579730,      121.00,
 140.176036,   35.579730,      121.18,
 140.185045,   35.579730,      121.33,
 140.194054,   35.579730,      121.47,
 140.203063,   35.579730,      121.59,
 140.212072,   35.579730,      121.69,
 140.221081,   35.579730,      121.77,
 140.230090,   35.579730,      121.84,
 140.239099,   35.579730,      121.89,
 140.248108,   35.579730,      121.93,
 140.257117,   35.579730,      121.95,
 140.266126,   35.579730,      121.95,
 140.275135,   35.579730,      121.93,
 140.284144,   35.579730,      121.89,
 140.293153,   35.579730,      121.84,
 140.302162,   35.579730,      121.77,
 140.311171,   35.579730,      121.69,
 140.320180,   35.579730,      121.58,
 140.329189,   35.579730,      121.46,
 140.338198,   35.579730,      121.33,
 140.347207,   35.579730,      121.17,
 140.356216,   35.579730,      121.00,
 140.365225,   35.579730,      120.81,
 140.374234,   35.579730,      120.61,
 140.383243,   35.579730,      120.39,
 139.140000,   35.588739,    -1154.88,
 139.149009,   35.588739,    -1182.44,
 139.158018,   35.588739,    -1208.34,
 139.167027,   35.588739,    -1232.60,
 139.176036,   35.588739,    -1255.21,
 139.185045,   35.588739,    -1276.16,
 139.194054,   35.588739,    -1295.47,
 139.203063,   35.588739,    -1313.13,
 139.212072,   35.588739,    -1329.14,
 139.221081,   35.588739,    -1343.49,
 139.230090,   35.588739,    -1356.20,
 139.239099,   35.588739,    -1367.26,
 139.248108,   35.588739,    -1376.67,
 139.257117,   35.588739,    -1384.43,
 139.266126,   35.588739,    -1390.54,
 139.275135,   35.588739,    -1394.99,
 139.284144,   35.588739,    -1397.80,
 139.293153,   35.588739,    -1398.96,
 139.302162,   35.588739,    -1398.47,
 139.311171,   35.588739,    -1396.33,
 139.320180,   35.588739,    -1392.54,
 139.329189,   35.588739,    -1387.10,
 139.338198,   35.588739,    -1380.01,
 139.347207,   35.588739,    -1371.27,
 139.356216,   35.588739,    -1360.88,
 139.365225,   35.588739,    -1348.84,
 139.374234,   35.588739,    -1335.15,
 139.383243,   35.588739,    -1319.81,
 139.392252,   35.588739,    -1302.82,
 139.401261,   35.588739,    -1284.18,
 139.410270,   35.588739,    -1263.89,
 139.419279,   35.588739,    -1241.95,
 139.428288,   35.588739,    -1218.36,
 139.437297,   35.588739,    -1193.12,
 139.446306,   35.588739,    -1166.24,
 139.455315,   35.588739,    -1137.70,
 139.464324,   35.588739,    -1107.51,
 139.473333,   35.588739,    -1075.67,
 139.482342,   35.588739,    -1042.18,
 139.491351,   35.588739,    -1007.05,
 139.500360,   35.588739,     -970.26,
 139.509369,   35.588739,     -931.82,
 139.518378,   35.588739,     -891.73,
 139.527387,   35.588739,     -850.00,
 139.536396,   35.588739,     -806.61,
 139.545405,   35.588739,     -761.57,
 139.554414,   35.588739,     -714.89,
 139.563423,   35.588739,     -666.55,
 139.572432,   35.588739,     -616.56,
 139.581441,   35.588739,     -564.93,
 139.590450,   35.588739,     -511.64,
 139.599459,   35.588739,     -456.70,
 139.608468,   35.588739,     -400.12,
 139.617477,   35.588739,     -341.88,
 139.626486,   35.588739,     -282.00,
 139.635495,   35.588739,     -220.46,
 139.644505,   35.588739,     -157.28,
 139.653514,   35.588739,      -92.44,
 139.662523,   35.588739,      -25.96,
 139.671532,   35.588739,       12.83,
 139.680541,   35.588739,       20.20,
 139.689550,   35.588739,       27.77,
 139.698559,   35.588739,       35.59,
 139.707568,   35.588739,       43.48,
 139.716577,   35.588739,       50.03,
 139.725586,   35.588739,       49.43,
 139.734595,   35.588739,       42.13,
 139.743604,   35.588739,       56.88,
 139.752613,   35.588739,       88.98,
 139.761622,   35.588739,       94.52,
 139.770631,   35.588739,       90.50,
 139.779640,   35.588739,       97.35,
 139.788649,   35.588739,      116.01,
 139.797658,   35.588739,      121.46,
 139.806667,   35.588739,      111.23,
 139.815676,   35.588739,      112.81,
 139.824685,   35.588739,      119.95,
 139.833694,   35.588739,      119.39,
 139.842703,   35.588739,      140.63,
 139.851712,   35.588739,      135.13,
 139.860721,   35.588739,      126.40,
 139.869730,   35.588739,      119.90,
 139.878739,   35.588739,      115.85,
 139.887748,   35.588739,      113.85,
 139.896757,   35.588739,      112.97,
 139.905766,   35.588739,      112.54,
 139.914775,   35.588739,      112.37,
 139.923784,   35.588739,      112.52,
 139.932793,   35.588739,      112.76,
 139.941802,   35.588739,      113.10,
 139.950811,   35.588739,      113.51,
 139.959820,   35.588739,      113.92,
 139.968829,   35.588739,      114.32,
 139.977838,   35.588739,      114.74,
 139.986847,   35.588739,      115.12,
 139.995856,   35.588739,      115.40,
 140.004865,   35.588739,      115.65,
 140.013874,   35.588739,      115.78,
 140.022883,   35.588739,      115.81,
 140.031892,   35.588739,      115.80,
 140.040901,   35.588739,      115.81,
 140.049910,   35.588739,      115.88,
 140.058919,   35.588739,      116.05,
 140.067928,   35.588739,      116.43,
 140.076937,   35.588739,      117.29,
 140.085946,   35.588739,      118.47,
 140.094955,   35.588739,      119.72,
 140.103964,   35.588739,      121.06,
 140.112973,   35.588739,      123.04,
 140.121982,   35.588739,      122.14,
 140.130991,   35.588739,      122.41,
 140.140000,   35.588739,      122.65,
 140.149009,   35.588739,      122.88,
 140.158018,   35.588739,      123.09,
 140.167027,   35.588739,      123.29,
 140.176036,   35.588739,      123.47,
 140.185045,   35.588739,      123.63,
 140.194054,   35.588739,      123.77,
 140.203063,   35.588739,      123.90,
 140.212072,   35.588739,      124.01,
 140.221081,   35.588739,      124.10,
 140.230090,   35.588739,      124.17,
 140.239099,   35.588739,      124.23,
 140.248108,   35.588739,      124.27,
 140.257117,   35.588739,      124.30,
 140.266126,   35.588739,      124.30,
 140.275135,   35.588739,      124.29,
 140.284144,   35.588739,      124.27,
 140.293153,   35.588739,      124.22,
 140.302162,   35.588739,      124.16,
 140.311171,   35.588739,      124.08,
 140.320180,   35.588739,      123.98,
 140.329189,   35.588739,      123.87,
 140.338198,   35.588739,      123.74,
 140.347207,   35.588739,      123.59,
 140.356216,   35.588739,      123.43,
 140.365225,   35.588739,      123.25,
 140.374234,   35.588739,      123.05,
 140.383243,   35.588739,      122.83,
 139.140000,   35.597748,    -1219.03,
 139.149009,   35.597748,    -1247.28,
 139.158018,   35.597748,    -1273.88,
 139.167027,   35.597748,    -1298.84,
 139.176036,   35.597748,    -1322.14,
 139.185045,   35.597748,    -1343.79,
 139.194054,   35.597748,    -1363.80,
 139.203063,   35.597748,    -1382.15,
 139.212072,   35.597748,    -1398.85,
 139.221081,   35.597748,    -1413.91,
 139.230090,   35.597748,    -1427.31,
 139.239099,   35.597748,    -1439.07,
 139.248108,   35.597748,    -1449.17,
 139.257117,   35.597748,    -1457.62,
 139.266126,   35.597748,    -1464.43,
 139.275135,   35.597748,    -1469.58,
 139.284144,   35.597748,    -1473.09,
 139.293153,   35.597748,    -1474.94,
 139.302162,   35.597748,    -1475.15,
 139.311171,   35.597748,    -1473.70,
 139.320180,   35.597748,    -1470.61,
 139.329189,   35.597748,    -1465.86,
 139.338198,   35.597748,    -1459.47,
 139.347207,   35.597748,    -1451.43,
 139.356216,   35.597748,    -1441.73,
 139.365225,   35.597748,    -1430.39,
 139.374234,   35.597748,    -1417.39,
 139.383243,   35.597748,    -1402.75,
 139.392252,   35.597748,    -1386.46,
 139.401261,   35.597748,    -1368.51,
 139.410270,   35.597748,    -1348.92,
 139.419279,   35.597748,    -1327.68,
 139.428288,   35.597748,    -1304.79,
 139.437297,   35.597748,    -1280.24,
 139.446306,   35.597748,    -1254.05,
 139.455315,   35.597748,    -1226.21,
 139.464324,   35.597748,    -1196.72,
 139.473333,   35.597748,    -1165.57,
 139.482342,   35.597748,    -1132.78,
 139.491351,   35.597748,    -1098.34,
 139.500360,   35.597748,    -1062.25,
 139.509369,   35.597748,    -1024.51,
 139.518378,   35.597748,     -985.12,
 139.527387,   35.597748,     -944.07,
 139.536396,   35.597748,     -901.38,
 139.545405,   35.597748,     -857.04,
 139.554414,   35.597748,     -811.05,
 139.563423,   35.597748,     -763.41,
 139.572432,   35.597748,     -714.12,
 139.581441,   35.597748,     -663.18,
 139.590450,   35.597748,     -610.59,
 139.599459,   35.597748,     -556.35,
 139.608468,   35.597748,     -500.46,
 139.617477,   35.597748,     -442.92,
 139.626486,   35.597748,     -383.73,
 139.635495,   35.597748,     -322.89,
 139.644505,   35.597748,     -260.40,
 139.653514,   35.597748,     -196.26,
 139.662523,   35.597748,     -130.47,
 139.671532,   35.597748,      -63.04,
 139.680541,   35.597748,        6.05,
 139.689550,   35.597748,       15.08,
 139.698559,   35.597748,       22.48,
 139.707568,   35.597748,       30.04,
 139.716577,   35.597748,       37.38,
 139.725586,   35.597748,       42.03,
 139.734595,   35.597748,       33.30,
 139.743604,   35.597748,       28.79,
 139.752613,   35.597748,       58.07,
 139.761622,   35.597748,       80.37,
 139.770631,   35.597748,       85.93,
 139.779640,   35.597748,      113.75,
 139.788649,   35.597748,      128.18,
 139.797658,   35.597748,      131.11,
 139.806667,   35.597748,      127.02,
 139.815676,   35.597748,      126.26,
 139.824685,   35.597748,      128.92,
 139.833694,   35.597748,      152.73,
 139.842703,   35.597748,      164.76,
 139.851712,   35.597748,      146.34,
 139.860721,   35.597748,      130.15,
 139.869730,   35.597748,      121.05,
 139.878739,   35.597748,      116.08,
 139.887748,   35.597748,      113.98,
 139.896757,   35.597748,      113.14,
 139.905766,   35.597748,      112.77,
 139.914775,   35.597748,      112.64,
 139.923784,   35.597748,      112.66,
 139.932793,   35.597748,      112.81,
 139.941802,   35.597748,      113.01,
 139.950811,   35.597748,      113.34,
 139.959820,   35.597748,      113.72,
 139.968829,   35.597748,      114.12,
 139.977838,   35.597748,      114.52,
 139.986847,   35.597748,      114.92,
 139.995856,   35.597748,      115.22,
 140.004865,   35.597748,      115.47,
 140.013874,   35.597748,      115.61,
 140.022883,   35.597748,      115.60,
 140.031892,   35.597748,      115.55,
 140.040901,   35.597748,      115.49,
 140.049910,   35.597748,      115.55,
 140.058919,   35.597748,      115.77,
 140.067928,   35.597748,      116.23,
 140.076937,   35.597748,      117.17,
 140.085946,   35.597748,      119.25,
 140.094955,   35.597748,      121.18,
 140.103964,   35.597748,      126.06,
 140.112973,   35.597748,      127.27,
 140.121982,   35.597748,      124.41,
 140.130991,   35.597748,      124.68,
 140.140000,   35.597748,      124.93,
 140.149009,   35.597748,      125.17,
 140.158018,   35.597748,      125.39,
 140.167027,   35.597748,      125.59,
 140.176036,   35.597748,      125.78,
 140.185045,   35.597748,      125.94,
 140.194054,   35.597748,      126.09,
 140.203063,   35.597748,      126.23,
 140.212072,   35.597748,      126.34,
 140.221081,   35.597748,      126.44,
 140.230090,   35.597748,      126.52,
 140.239099,   35.597748,      126.59,
 140.248108,   35.597748,      126.64,
 140.257117,   35.597748,      126.67,
 140.266126,   35.597748,      126.68,
 140.275135,   35.597748,      126.68,
 140.284144,   35.597748,      126.65,
 140.293153,   35.597748,      126.62,
 140.302162,   35.597748,      126.56,
 140.311171,   35.597748,      126.49,
 140.320180,   35.597748,      126.40,
 140.329189,   35.597748,      126.29,
 140.338198,   35.597748,      126.17,
 140.347207,   35.597748,      126.03,
 140.356216,   35.597748,      125.87,
 140.365225,   35.597748,      125.70,
 140.374234,   35.597748,      125.50,
 140.383243,   35.597748,      125.29,
 139.140000,   35.606757,    -1284.83,
 139.149009,   35.606757,    -1313.78,
 139.158018,   35.606757,    -1341.07,
 139.167027,   35.606757,    -1366.72,
 139.176036,   35.606757,    -1390.72,
 139.185045,   35.606757,    -1413.07,
 139.194054,   35.606757,    -1433.77,
 139.203063,   35.606757,    -1452.82,
 139.212072,   35.606757,    -1470.22,
 139.221081,   35.606757,    -1485.97,
 139.230090,   35.606757,    -1500.07,
 139.239099,   35.606757,    -1512.52,
 139.248108,   35.606757,    -1523.32,
 139.257117,   35.606757,    -1532.47,
 139.266126,   35.606757,    -1539.97,
 139.275135,   35.606757,    -1545.82,
 139.284144,   35.606757,    -1550.02,
 139.293153,   35.606757,    -1552.57,
 139.302162,   35.606757,    -1553.48,
 139.311171,   35.606757,    -1552.73,
 139.320180,   35.606757,    -1550.33,
 139.329189,   35.606757,    -1546.28,
 139.338198,   35.606757,    -1540.58,
 139.347207,   35.606757,    -1533.23,
 139.356216,   35.606757,    -1524.24,
 139.365225,   35.606757,    -1513.59,
 139.374234,   35.606757,    -1501.29,
 139.383243,   35.606757,    -1487.34,
 139.392252,   35.606757,    -1471.75,
 139.401261,   35.606757,    -1454.50,
 139.410270,   35.606757,    -1435.60,
 139.419279,   35.606757,    -1415.05,
 139.428288,   35.606757,    -1392.86,
 139.437297,   35.606757,    -1369.01,
 139.446306,   35.606757,    -1343.51,
 139.455315,   35.606757,    -1316.37,
 139.464324,   35.606757,    -1287.57,
 139.473333,   35.606757,    -1257.13,
 139.482342,   35.606757,    -1225.03,
 139.491351,   35.606757,    -1191.28,
 139.500360,   35.606757,    -1155.89,
 139.509369,   35.606757,    -1118.84,
 139.518378,   35.606757,    -1080.15,
 139.527387,   35.606757,    -1039.80,
 139.536396,   35.606757,     -997.81,
 139.545405,   35.606757,     -954.16,
 139.554414,   35.606757,     -908.87,
 139.563423,   35.606757,     -861.92,
 139.572432,   35.606757,     -813.33,
 139.581441,   35.606757,     -763.08,
 139.590450,   35.606757,     -711.19,
 139.599459,   35.606757,     -657.65,
 139.608468,   35.606757,     -602.45,
 139.617477,   35.606757,     -545.61,
 139.626486,   35.606757,     -487.12,
 139.635495,   35.606757,     -426.97,
 139.644505,   35.606757,     -365.18,
 139.653514,   35.606757,     -301.74,
 139.662523,   35.606757,     -236.64,
 139.671532,   35.606757,     -169.90,
 139.680541,   35.606757,     -101.51,
 139.689550,   35.606757,      -31.47,
 139.698559,   35.606757,       10.00,
 139.707568,   35.606757,       17.20,
 139.716577,   35.606757,       24.39,
 139.725586,   35.606757,       30.73,
 139.734595,   35.606757,       30.64,
 139.743604,   35.606757,       10.51,
 139.752613,   35.606757,       28.64,
 139.761622,   35.606757,       65.54,
 139.770631,   35.606757,       93.38,
 139.779640,   35.606757,      135.53,
 139.788649,   35.606757,      139.24,
 139.797658,   35.606757,      139.43,
 139.806667,   35.606757,      140.27,
 139.815676,   35.606757,      141.90,
 139.824685,   35.606757,      154.11,
 139.833694,   35.606757,      211.84,
 139.842703,   35.606757,      194.19,
 139.851712,   35.606757,      158.72,
 139.860721,   35.606757,      133.42,
 139.869730,   35.606757,      120.83,
 139.878739,   35.606757,      115.74,
 139.887748,   35.606757,      114.09,
 139.896757,   35.606757,      113.47,
 139.905766,   35.606757,      113.24,
 139.914775,   35.606757,      113.09,
 139.923784,   35.606757,      112.96,
 139.932793,   35.606757,      112.93,
 139.941802,   35.606757,      113.05,
 139.950811,   35.606757,      113.32,
 139.959820,   35.606757,      113.66,
 139.968829,   35.606757,      114.00,
 139.977838,   35.606757,      114.35,
 139.986847,   35.606757,      114.72,
 139.995856,   35.606757,      115.07,
 140.004865,   35.606757,      115.34,
 140.013874,   35.606757,      115.51,
 140.022883,   35.606757,      115.51,
 140.031892,   35.606757,      115.41,
 140.040901,   35.606757,      115.29,
 140.049910,   35.606757,      115.29,
 140.058919,   35.606757,      115.45,
 140.067928,   35.606757,      115.89,
 140.076937,   35.606757,      116.69,
 140.085946,   35.606757,      118.00,
 140.094955,   35.606757,      135.05,
 140.103964,   35.606757,      143.71,
 140.112973,   35.606757,      143.58,
 140.121982,   35.606757,      134.37,
 140.130991,   35.606757,      126.85,
 140.140000,   35.606757,      127.23,
 140.149009,   35.606757,      127.48,
 140.158018,   35.606757,      127.70,
 140.167027,   35.606757,      127.91,
 140.176036,   35.606757,      128.10,
 140.185045,   35.606757,      128.27,
 140.194054,   35.606757,      128.43,
 140.203063,   35.606757,      128.57,
 140.212072,   35.606757,      128.69,
 140.221081,   35.606757,      128.80,
 140.230090,   35.606757,      128.89,
 140.239099,   35.606757,      128.96,
 140.248108,   35.606757,      129.01,
 140.257117,   35.606757,      129.05,
 140.266126,   35.606757,      129.07,
 140.275135,   35.606757,      129.07,
 140.284144,   35.606757,      129.06,
 140.293153,   35.606757,      129.03,
 140.302162,   35.606757,      128.98,
 140.311171,   35.606757,      128.91,
 140.320180,   35.606757,      128.83,
 140.329189,   35.606757,      128.73,
 140.338198,   35.606757,      128.62,
 140.347207,   35.606757,      128.48,
 140.356216,   35.606757,      128.33,
 140.365225,   35.606757,      128.16,
 140.374234,   35.606757,      127.98,
 140.383243,   35.606757,      127.77,
 139.140000,   35.615766,    -1352.27,
 139.149009,   35.615766,    -1381.92,
 139.158018,   35.615766,    -1409.91,
 139.167027,   35.615766,    -1436.26,
 139.176036,   35.615766,    -1460.95,
 139.185045,   35.615766,    -1484.00,
 139.194054,   35.615766,    -1505.40,
 139.203063,   35.615766,    -1525.14,
 139.212072,   35.615766,    -1543.24,
 139.221081,   35.615766,    -1559.68,
 139.230090,   35.615766,    -1574.48,
 139.239099,   35.615766,    -1587.62,
 139.248108,   35.615766,    -1599.12,
 139.257117,   35.615766,    -1608.97,
 139.266126,   35.615766,    -1617.16,
 139.275135,   35.615766,    -1623.71,
 139.284144,   35.615766,    -1628.61,
 139.293153,   35.615766,    -1631.85,
 139.302162,   35.615766,    -1633.45,
 139.311171,   35.615766,    -1633.40,
 139.320180,   35.615766,    -1631.70,
 139.329189,   35.615766,    -1628.34,
 139.338198,   35.615766,    -1623.34,
 139.347207,   35.615766,    -1616.69,
 139.356216,   35.615766,    -1608.39,
 139.365225,   35.615766,    -1598.44,
 139.374234,   35.615766,    -1586.84,
 139.383243,   35.615766,    -1573.58,
 139.392252,   35.615766,    -1558.68,
 139.401261,   35.615766,    -1542.13,
 139.410270,   35.615766,    -1523.93,
 139.419279,   35.615766,    -1504.08,
 139.428288,   35.615766,    -1482.58,
 139.437297,   35.615766,    -1459.43,
 139.446306,   35.615766,    -1434.63,
 139.455315,   35.615766,    -1408.18,
 139.464324,   35.615766,    -1380.08,
 139.473333,   35.615766,    -1350.33,
 139.482342,   35.615766,    -1318.93,
 139.491351,   35.615766,    -1285.88,
 139.500360,   35.615766,    -1251.18,
 139.509369,   35.615766,    -1214.83,
 139.518378,   35.615766,    -1176.83,
 139.527387,   35.615766,    -1137.18,
 139.536396,   35.615766,    -1095.88,
 139.545405,   35.615766,    -1052.93,
 139.554414,   35.615766,    -1008.33,
 139.563423,   35.615766,     -962.09,
 139.572432,   35.615766,     -914.19,
 139.581441,   35.615766,     -864.64,
 139.590450,   35.615766,     -813.44,
 139.599459,   35.615766,     -760.59,
 139.608468,   35.615766,     -706.10,
 139.617477,   35.615766,     -649.95,
 139.626486,   35.615766,     -592.15,
 139.635495,   35.615766,     -532.70,
 139.644505,   35.615766,     -471.61,
 139.653514,   35.615766,     -408.86,
 139.662523,   35.615766,     -344.46,
 139.671532,   35.615766,     -278.41,
 139.680541,   35.615766,     -210.72,
 139.689550,   35.615766,     -141.37,
 139.698559,   35.615766,      -70.38,
 139.707568,   35.615766,        2.27,
 139.716577,   35.615766,       11.97,
 139.725586,   35.615766,       18.61,
 139.734595,   35.615766,       23.11,
 139.743604,   35.615766,        9.12,
 139.752613,   35.615766,       -2.39,
 139.761622,   35.615766,       52.73,
 139.770631,   35.615766,      129.34,
 139.779640,   35.615766,      159.37,
 139.788649,   35.615766,      140.99,
 139.797658,   35.615766,      141.17,
 139.806667,   35.615766,      148.24,
 139.815676,   35.615766,      160.48,
 139.824685,   35.615766,      188.37,
 139.833694,   35.615766,      256.20,
 139.842703,   35.615766,      259.15,
 139.851712,   35.615766,      179.94,
 139.860721,   35.615766,      134.64,
 139.869730,   35.615766,      120.41,
 139.878739,   35.615766,      115.85,
 139.887748,   35.615766,      114.48,
 139.896757,   35.615766,      114.14,
 139.905766,   35.615766,      114.13,
 139.914775,   35.615766,      113.52,
 139.923784,   35.615766,      113.28,
 139.932793,   35.615766,      113.12,
 139.941802,   35.615766,      113.21,
 139.950811,   35.615766,      113.43,
 139.959820,   35.615766,      113.66,
 139.968829,   35.615766,      113.93,
 139.977838,   35.615766,      114.28,
 139.986847,   35.615766,      114.64,
 139.995856,   35.615766,      115.01,
 140.004865,   35.615766,      115.36,
 140.013874,   35.615766,      115.57,
 140.022883,   35.615766,      115.53,
 140.031892,   35.615766,      115.41,
 140.040901,   35.615766,      115.27,
 140.049910,   35.615766,      115.21,
 140.058919,   35.615766,      115.55,
 140.067928,   35.615766,      116.20,
 140.076937,   35.615766,      126.46,
 140.085946,   35.615766,      139.11,
 140.094955,   35.615766,      151.89,
 140.103964,   35.615766,      166.65,
 140.112973,   35.615766,      168.98,
 140.121982,   35.615766,      160.46,
 140.130991,   35.615766,      142.87,
 140.140000,   35.615766,      128.62,
 140.149009,   35.615766,      129.80,
 140.158018,   35.615766,      130.03,
 140.167027,   35.615766,      130.24,
 140.176036,   35.615766,      130.44,
 140.185045,   35.615766,      130.62,
 140.194054,   35.615766,      130.79,
 140.203063,   35.615766,      130.93,
 140.212072,   35.615766,      131.06,
 140.221081,   35.615766,      131.18,
 140.230090,   35.615766,      131.27,
 140.239099,   35.615766,      131.35,
 140.248108,   35.615766,      131.41,
 140.257117,   35.615766,      131.45,
 140.266126,   35.615766,      131.48,
 140.275135,   35.615766,      131.49,
 140.284144,   35.615766,      131.48,
 140.293153,   35.615766,      131.46,
 140.302162,   35.615766,      131.42,
 140.311171,   35.615766,      131.36,
 140.320180,   35.615766,      131.28,
 140.329189,   35.615766,      131.19,
 140.338198,   35.615766,      131.08,
 140.347207,   35.615766,      130.95,
 140.356216,   35.615766,      130.81,
 140.365225,   35.615766,      130.65,
 140.374234,   35.615766,      130.47,
 140.383243,   35.615766,      130.27,
 139.140000,   35.624775,    -1421.37,
 139.149009,   35.624775,    -1451.71,
 139.158018,   35.624775,    -1480.40,
 139.167027,   35.624775,    -1507.45,
 139.176036,   35.624775,    -1532.84,
 139.185045,   35.624775,    -1556.58,
 139.194054,   35.624775,    -1578.67,
 139.203063,   35.624775,    -1599.11,
 139.212072,   35.624775,    -1617.90,
 139.221081,   35.624775,    -1635.05,
 139.230090,   35.624775,    -1650.54,
 139.239099,   35.624775,    -1664.38,
 139.248108,   35.624775,    -1676.57,
 139.257117,   35.624775,    -1687.11,
 139.266126,   35.624775,    -1696.01,
 139.275135,   35.624775,    -1703.25,
 139.284144,   35.624775,    -1708.84,
 139.293153,   35.624775,    -1712.79,
 139.302162,   35.624775,    -1715.08,
 139.311171,   35.624775,    -1715.72,
 139.320180,   35.624775,    -1714.72,
 139.329189,   35.624775,    -1712.06,
 139.338198,   35.624775,    -1707.75,
 139.347207,   35.624775,    -1701.80,
 139.356216,   35.624775,    -1694.19,
 139.365225,   35.624775,    -1684.94,
 139.374234,   35.624775,    -1674.03,
 139.383243,   35.624775,    -1661.47,
 139.392252,   35.624775,    -1647.27,
 139.401261,   35.624775,    -1631.41,
 139.410270,   35.624775,    -1613.91,
 139.419279,   35.624775,    -1594.75,
 139.428288,   35.624775,    -1573.95,
 139.437297,   35.624775,    -1551.50,
 139.446306,   35.624775,    -1527.39,
 139.455315,   35.624775,    -1501.64,
 139.464324,   35.624775,    -1474.23,
 139.473333,   35.624775,    -1445.18,
 139.482342,   35.624775,    -1414.47,
 139.491351,   35.624775,    -1382.12,
 139.500360,   35.624775,    -1348.12,
 139.509369,   35.624775,    -1312.46,
 139.518378,   35.624775,    -1275.16,
 139.527387,   35.624775,    -1236.21,
 139.536396,   35.624775,    -1195.61,
 139.545405,   35.624775,    -1153.35,
 139.554414,   35.624775,    -1109.45,
 139.563423,   35.624775,    -1063.90,
 139.572432,   35.624775,    -1016.70,
 139.581441,   35.624775,     -967.84,
 139.590450,   35.624775,     -917.34,
 139.599459,   35.624775,     -865.19,
 139.608468,   35.624775,     -811.39,
 139.617477,   35.624775,     -755.94,
 139.626486,   35.624775,     -698.83,
 139.635495,   35.624775,     -640.08,
 139.644505,   35.624775,     -579.68,
 139.653514,   35.624775,     -517.63,
 139.662523,   35.624775,     -453.93,
 139.671532,   35.624775,     -388.58,
 139.680541,   35.624775,     -321.58,
 139.689550,   35.624775,     -252.93,
 139.698559,   35.624775,     -182.63,
 139.707568,   35.624775,     -110.68,
 139.716577,   35.624775,      -37.08,
 139.725586,   35.624775,        6.90,
 139.734595,   35.624775,       12.79,
 139.743604,   35.624775,       12.70,
 139.752613,   35.624775,      -33.39,
 139.761622,   35.624775,       56.06,
 139.770631,   35.624775,      168.78,
 139.779640,   35.624775,      152.16,
 139.788649,   35.624775,      141.35,
 139.797658,   35.624775,      144.11,
 139.806667,   35.624775,      150.97,
 139.815676,   35.624775,      166.34,
 139.824685,   35.624775,      193.36,
 139.833694,   35.624775,      451.65,
 139.842703,   35.624775,      591.02,
 139.851712,   35.624775,      195.03,
 139.860721,   35.624775,      131.52,
 139.869730,   35.624775,      119.90,
 139.878739,   35.624775,      120.33,
 139.887748,   35.624775,      118.96,
 139.896757,   35.624775,      118.01,
 139.905766,   35.624775,      115.82,
 139.914775,   35.624775,      113.88,
 139.923784,   35.624775,      113.56,
 139.932793,   35.624775,      113.39,
 139.941802,   35.624775,      113.48,
 139.950811,   35.624775,      113.60,
 139.959820,   35.624775,      113.74,
 139.968829,   35.624775,      113.99,
 139.977838,   35.624775,      114.31,
 139.986847,   35.624775,      114.66,
 139.995856,   35.624775,      115.05,
 140.004865,   35.624775,      115.44,
 140.013874,   35.624775,      115.59,
 140.022883,   35.624775,      115.60,
 140.031892,   35.624775,      115.47,
 140.040901,   35.624775,      115.36,
 140.049910,   35.624775,      115.82,
 140.058919,   35.624775,      119.69,
 140.067928,   35.624775,      130.19,
 140.076937,   35.624775,      141.87,
 140.085946,   35.624775,      153.30,
 140.094955,   35.624775,      166.33,
 140.103964,   35.624775,      180.94,
 140.112973,   35.624775,      198.79,
 140.121982,   35.624775,      195.64,
 140.130991,   35.624775,      178.74,
 140.140000,   35.624775,      152.75,
 140.149009,   35.624775,      130.40,
 140.158018,   35.624775,      132.36,
 140.167027,   35.624775,      132.60,
 140.176036,   35.624775,      132.80,
 140.185045,   35.624775,      132.99,
 140.194054,   35.624775,      133.16,
 140.203063,   35.624775,      133.31,
 140.212072,   35.624775,      133.45,
 140.221081,   35.624775,      133.57,
 140.230090,   35.624775,      133.67,
 140.239099,   35.624775,      133.76,
 140.248108,   35.624775,      133.82,
 140.257117,   35.624775,      133.87,
 140.266126,   35.624775,      133.91,
 140.275135,   35.624775,      133.92,
 140.284144,   35.624775,      133.92,
 140.293153,   35.624775,      133.91,
 140.302162,   35.624775,      133.87,
 140.311171,   35.624775,      133.82,
 140.320180,   35.624775,      133.75,
 140.329189,   35.624775,      133.66,
 140.338198,   35.624775,      133.56,
 140.347207,   35.624775,      133.44,
 140.356216,   35.624775,      133.30,
 140.365225,   35.624775,      133.15,
 140.374234,   35.624775,      132.97,
 140.383243,   35.624775,      132.79,
 139.140000,   35.633784,    -1492.12,
 139.149009,   35.633784,    -1523.16,
 139.158018,   35.633784,    -1552.54,
 139.167027,   35.633784,    -1580.28,
 139.176036,   35.633784,    -1606.37,
 139.185045,   35.633784,    -1630.81,
 139.194054,   35.633784,    -1653.59,
 139.203063,   35.633784,    -1674.73,
 139.212072,   35.633784,    -1694.22,
 139.221081,   35.633784,    -1712.06,
 139.230090,   35.633784,    -1728.25,
 139.239099,   35.633784,    -1742.78,
 139.248108,   35.633784,    -1755.67,
 139.257117,   35.633784,    -1766.91,
 139.266126,   35.633784,    -1776.50,
 139.275135,   35.633784,    -1784.44,
 139.284144,   35.633784,    -1790.73,
 139.293153,   35.633784,    -1795.37,
 139.302162,   35.633784,    -1798.36,
 139.311171,   35.633784,    -1799.70,
 139.320180,   35.633784,    -1799.38,
 139.329189,   35.633784,    -1797.42,
 139.338198,   35.633784,    -1793.81,
 139.347207,   35.633784,    -1788.55,
 139.356216,   35.633784,    -1781.64,
 139.365225,   35.633784,    -1773.08,
 139.374234,   35.633784,    -1762.88,
 139.383243,   35.633784,    -1751.02,
 139.392252,   35.633784,    -1737.51,
 139.401261,   35.633784,    -1722.35,
 139.410270,   35.633784,    -1705.54,
 139.419279,   35.633784,    -1687.08,
 139.428288,   35.633784,    -1666.97,
 139.437297,   35.633784,    -1645.21,
 139.446306,   35.633784,    -1621.80,
 139.455315,   35.633784,    -1596.75,
 139.464324,   35.633784,    -1570.04,
 139.473333,   35.633784,    -1541.68,
 139.482342,   35.633784,    -1511.67,
 139.491351,   35.633784,    -1480.01,
 139.500360,   35.633784,    -1446.71,
 139.509369,   35.633784,    -1411.75,
 139.518378,   35.633784,    -1375.14,
 139.527387,   35.633784,    -1336.89,
 139.536396,   35.633784,    -1296.98,
 139.545405,   35.633784,    -1255.42,
 139.554414,   35.633784,    -1212.22,
 139.563423,   35.633784,    -1167.36,
 139.572432,   35.633784,    -1120.85,
 139.581441,   35.633784,    -1072.70,
 139.590450,   35.633784,    -1022.89,
 139.599459,   35.633784,     -971.43,
 139.608468,   35.633784,     -918.33,
 139.617477,   35.633784,     -863.57,
 139.626486,   35.633784,     -807.17,
 139.635495,   35.633784,     -749.11,
 139.644505,   35.633784,     -689.41,
 139.653514,   35.633784,     -628.05,
 139.662523,   35.633784,     -565.05,
 139.671532,   35.633784,     -500.39,
 139.680541,   35.633784,     -434.09,
 139.689550,   35.633784,     -366.13,
 139.698559,   35.633784,     -296.53,
 139.707568,   35.633784,     -225.28,
 139.716577,   35.633784,     -152.37,
 139.725586,   35.633784,      -77.82,
 139.734595,   35.633784,       -1.61,
 139.743604,   35.633784,        6.90,
 139.752613,   35.633784,      -19.43,
 139.761622,   35.633784,       57.57,
 139.770631,   35.633784,      201.19,
 139.779640,   35.633784,      223.79,
 139.788649,   35.633784,      176.11,
 139.797658,   35.633784,      147.41,
 139.806667,   35.633784,      152.24,
 139.815676,   35.633784,      159.20,
 139.824685,   35.633784,      163.84,
 139.833694,   35.633784,      829.66,
 139.842703,   35.633784,      862.65,
 139.851712,   35.633784,      237.89,
 139.860721,   35.633784,      139.53,
 139.869730,   35.633784,      132.08,
 139.878739,   35.633784,       68.91,
 139.887748,   35.633784,       77.12,
 139.896757,   35.633784,       95.55,
 139.905766,   35.633784,      109.30,
 139.914775,   35.633784,      114.89,
 139.923784,   35.633784,      113.20,
 139.932793,   35.633784,      113.67,
 139.941802,   35.633784,      113.89,
 139.950811,   35.633784,      113.95,
 139.959820,   35.633784,      114.02,
 139.968829,   35.633784,      114.15,
 139.977838,   35.633784,      114.47,
 139.986847,   35.633784,      114.85,
 139.995856,   35.633784,      115.18,
 140.004865,   35.633784,      115.56,
 140.013874,   35.633784,      115.76,
 140.022883,   35.633784,      115.77,
 140.031892,   35.633784,      115.66,
 140.040901,   35.633784,      116.08,
 140.049910,   35.633784,      121.41,
 140.058919,   35.633784,      133.16,
 140.067928,   35.633784,      142.29,
 140.076937,   35.633784,      153.00,
 140.085946,   35.633784,      165.30,
 140.094955,   35.633784,      179.18,
 140.103964,   35.633784,      194.65,
 140.112973,   35.633784,      211.73,
 140.121982,   35.633784,      230.93,
 140.130991,   35.633784,      223.69,
 140.140000,   35.633784,      198.40,
 140.149009,   35.633784,      164.03,
 140.158018,   35.633784,      132.17,
 140.167027,   35.633784,      134.14,
 140.176036,   35.633784,      135.18,
 140.185045,   35.633784,      135.37,
 140.194054,   35.633784,      135.55,
 140.203063,   35.633784,      135.71,
 140.212072,   35.633784,      135.85,
 140.221081,   35.633784,      135.98,
 140.230090,   35.633784,      136.09,
 140.239099,   35.633784,      136.18,
 140.248108,   35.633784,      136.25,
 140.257117,   35.633784,      136.31,
 140.266126,   35.633784,      136.35,
 140.275135,   35.633784,      136.37,
 140.284144,   35.633784,      136.38,
 140.293153,   35.633784,      136.37,
 140.302162,   35.633784,      136.34,
 140.311171,   35.633784,      136.30,
 140.320180,   35.633784,      136.23,
 140.329189,   35.633784,      136.15,
 140.338198,   35.633784,      136.06,
 140.347207,   35.633784,      135.94,
 140.356216,   35.633784,      135.81,
 140.365225,   35.633784,      135.66,
 140.374234,   35.633784,      135.50,
 140.383243,   35.633784,      135.32,
 139.140000,   35.642793,    -1564.52,
 139.149009,   35.642793,    -1596.25,
 139.158018,   35.642793,    -1626.33,
 139.167027,   35.642793,    -1654.77,
 139.176036,   35.642793,    -1681.55,
 139.185045,   35.642793,    -1706.68,
 139.194054,   35.642793,    -1730.17,
 139.203063,   35.642793,    -1752.00,
 139.212072,   35.642793,    -1772.19,
 139.221081,   35.642793,    -1790.72,
 139.230090,   35.642793,    -1807.60,
 139.239099,   35.642793,    -1822.84,
 139.248108,   35.642793,    -1836.42,
 139.257117,   35.642793,    -1848.36,
 139.266126,   35.642793,    -1858.64,
 139.275135,   35.642793,    -1867.28,
 139.284144,   35.642793,    -1874.26,
 139.293153,   35.642793,    -1879.60,
 139.302162,   35.642793,    -1883.28,
 139.311171,   35.642793,    -1885.32,
 139.320180,   35.642793,    -1885.70,
 139.329189,   35.642793,    -1884.44,
 139.338198,   35.642793,    -1881.53,
 139.347207,   35.642793,    -1876.96,
 139.356216,   35.642793,    -1870.75,
 139.365225,   35.642793,    -1862.88,
 139.374234,   35.642793,    -1853.37,
 139.383243,   35.642793,    -1842.21,
 139.392252,   35.642793,    -1829.39,
 139.401261,   35.642793,    -1814.93,
 139.410270,   35.642793,    -1798.82,
 139.419279,   35.642793,    -1781.05,
 139.428288,   35.642793,    -1761.64,
 139.437297,   35.642793,    -1740.58,
 139.446306,   35.642793,    -1717.87,
 139.455315,   35.642793,    -1693.51,
 139.464324,   35.642793,    -1667.49,
 139.473333,   35.642793,    -1639.83,
 139.482342,   35.642793,    -1610.52,
 139.491351,   35.642793,    -1579.56,
 139.500360,   35.642793,    -1546.95,
 139.509369,   35.642793,    -1512.69,
 139.518378,   35.642793,    -1476.77,
 139.527387,   35.642793,    -1439.21,
 139.536396,   35.642793,    -1400.00,
 139.545405,   35.642793,    -1359.14,
 139.554414,   35.642793,    -1316.63,
 139.563423,   35.642793,    -1272.47,
 139.572432,   35.642793,    -1226.66,
 139.581441,   35.642793,    -1179.20,
 139.590450,   35.642793,    -1130.09,
 139.599459,   35.642793,    -1079.33,
 139.608468,   35.642793,    -1026.92,
 139.617477,   35.642793,     -972.86,
 139.626486,   35.642793,     -917.15,
 139.635495,   35.642793,     -859.79,
 139.644505,   35.642793,     -800.78,
 139.653514,   35.642793,     -740.12,
 139.662523,   35.642793,     -677.82,
 139.671532,   35.642793,     -613.86,
 139.680541,   35.642793,     -548.25,
 139.689550,   35.642793,     -480.99,
 139.698559,   35.642793,     -412.08,
 139.707568,   35.642793,     -341.52,
 139.716577,   35.642793,     -269.32,
 139.725586,   35.642793,     -195.46,
 139.734595,   35.642793,     -119.95,
 139.743604,   35.642793,      -42.79,
 139.752613,   35.642793,        0.71,
 139.761622,   35.642793,       55.53,
 139.770631,   35.642793,      237.68,
 139.779640,   35.642793,      353.97,
 139.788649,   35.642793,      337.62,
 139.797658,   35.642793,      265.70,
 139.806667,   35.642793,      188.25,
 139.815676,   35.642793,      148.93,
 139.824685,   35.642793,      148.74,
 139.833694,   35.642793,     2572.05,
 139.842703,   35.642793,     3413.05,
 139.851712,   35.642793,      277.30,
 139.860721,   35.642793,      135.04,
 139.869730,   35.642793,      353.18,
 139.878739,   35.642793,      188.67,
 139.887748,   35.642793,       76.38,
 139.896757,   35.642793,       72.52,
 139.905766,   35.642793,       93.65,
 139.914775,   35.642793,      110.36,
 139.923784,   35.642793,      114.29,
 139.932793,   35.642793,      114.33,
 139.941802,   35.642793,      114.23,
 139.950811,   35.642793,      114.18,
 139.959820,   35.642793,      114.27,
 139.968829,   35.642793,      114.43,
 139.977838,   35.642793,      114.83,
 139.986847,   35.642793,      115.21,
 139.995856,   35.642793,      115.47,
 140.004865,   35.642793,      115.72,
 140.013874,   35.642793,      115.77,
 140.022883,   35.642793,      115.77,
 140.031892,   35.642793,      115.72,
 140.040901,   35.642793,      123.21,
 140.049910,   35.642793,      132.59,
 140.058919,   35.642793,      140.99,
 140.067928,   35.642793,      150.98,
 140.076937,   35.642793,      162.55,
 140.085946,   35.642793,      175.70,
 140.094955,   35.642793,      190.45,
 140.103964,   35.642793,      206.77,
 140.112973,   35.642793,      224.69,
 140.121982,   35.642793,      243.87,
 140.130991,   35.642793,      263.07,
 140.140000,   35.642793,      253.13,
 140.149009,   35.642793,      219.45,
 140.158018,   35.642793,      176.70,
 140.167027,   35.642793,      133.95,
 140.176036,   35.642793,      135.91,
 140.185045,   35.642793,      137.77,
 140.194054,   35.642793,      137.96,
 140.203063,   35.642793,      138.12,
 140.212072,   35.642793,      138.27,
 140.221081,   35.642793,      138.41,
 140.230090,   35.642793,      138.52,
 140.239099,   35.642793,      138.62,
 140.248108,   35.642793,      138.70,
 140.257117,   35.642793,      138.77,
 140.266126,   35.642793,      138.81,
 140.275135,   35.642793,      138.84,
 140.284144,   35.642793,      138.86,
 140.293153,   35.642793,      138.85,
 140.302162,   35.642793,      138.83,
 140.311171,   35.642793,      138.79,
 140.320180,   35.642793,      138.73,
 140.329189,   35.642793,      138.66,
 140.338198,   35.642793,      138.57,
 140.347207,   35.642793,      138.46,
 140.356216,   35.642793,      138.34,
 140.365225,   35.642793,      138.20,
 140.374234,   35.642793,      138.04,
 140.383243,   35.642793,      137.86,
 139.140000,   35.651802,    -1638.57,
 139.149009,   35.651802,    -1671.00,
 139.158018,   35.651802,    -1701.77,
 139.167027,   35.651802,    -1730.90,
 139.176036,   35.651802,    -1758.38,
 139.185045,   35.651802,    -1784.21,
 139.194054,   35.651802,    -1808.39,
 139.203063,   35.651802,    -1830.92,
 139.212072,   35.651802,    -1851.80,
 139.221081,   35.651802,    -1871.03,
 139.230090,   35.651802,    -1888.61,
 139.239099,   35.651802,    -1904.54,
 139.248108,   35.651802,    -1918.82,
 139.257117,   35.651802,    -1931.45,
 139.266126,   35.651802,    -1942.43,
 139.275135,   35.651802,    -1951.77,
 139.284144,   35.651802,    -1959.45,
 139.293153,   35.651802,    -1965.48,
 139.302162,   35.651802,    -1969.86,
 139.311171,   35.651802,    -1972.59,
 139.320180,   35.651802,    -1973.67,
 139.329189,   35.651802,    -1973.10,
 139.338198,   35.651802,    -1970.89,
 139.347207,   35.651802,    -1967.02,
 139.356216,   35.651802,    -1961.50,
 139.365225,   35.651802,    -1954.33,
 139.374234,   35.651802,    -1945.51,
 139.383243,   35.651802,    -1935.05,
 139.392252,   35.651802,    -1922.93,
 139.401261,   35.651802,    -1909.16,
 139.410270,   35.651802,    -1893.75,
 139.419279,   35.651802,    -1876.68,
 139.428288,   35.651802,    -1857.96,
 139.437297,   35.651802,    -1837.60,
 139.446306,   35.651802,    -1815.58,
 139.455315,   35.651802,    -1791.91,
 139.464324,   35.651802,    -1766.60,
 139.473333,   35.651802,    -1739.63,
 139.482342,   35.651802,    -1711.02,
 139.491351,   35.651802,    -1680.75,
 139.500360,   35.651802,    -1648.84,
 139.509369,   35.651802,    -1615.27,
 139.518378,   35.651802,    -1580.06,
 139.527387,   35.651802,    -1543.19,
 139.536396,   35.651802,    -1504.68,
 139.545405,   35.651802,    -1464.51,
 139.554414,   35.651802,    -1422.70,
 139.563423,   35.651802,    -1379.23,
 139.572432,   35.651802,    -1334.12,
 139.581441,   35.651802,    -1287.35,
 139.590450,   35.651802,    -1238.94,
 139.599459,   35.651802,    -1188.88,
 139.608468,   35.651802,    -1137.16,
 139.617477,   35.651802,    -1083.80,
 139.626486,   35.651802,    -1028.79,
 139.635495,   35.651802,     -972.12,
 139.644505,   35.651802,     -913.81,
 139.653514,   35.651802,     -853.85,
 139.662523,   35.651802,     -792.23,
 139.671532,   35.651802,     -728.97,
 139.680541,   35.651802,     -664.06,
 139.689550,   35.651802,     -597.50,
 139.698559,   35.651802,     -529.28,
 139.707568,   35.651802,     -459.42,
 139.716577,   35.651802,     -387.91,
 139.725586,   35.651802,     -314.75,
 139.734595,   35.651802,     -239.94,
 139.743604,   35.651802,     -163.48,
 139.752613,   35.651802,      -85.36,
 139.761622,   35.651802,       -9.03,
 139.770631,   35.651802,      271.02,
 139.779640,   35.651802,      501.06,
 139.788649,   35.651802,     1250.51,
 139.797658,   35.651802,     2672.58,
 139.806667,   35.651802,     4980.34,
 139.815676,   35.651802,     8861.39,
 139.824685,   35.651802,    14345.20,
 139.833694,   35.651802,    15822.64,
 139.842703,   35.651802,     5594.43,
 139.851712,   35.651802,     -262.60,
 139.860721,   35.651802,     2394.24,
 139.869730,   35.651802,     1651.42,
 139.878739,   35.651802,      924.11,
 139.887748,   35.651802,      461.24,
 139.896757,   35.651802,      164.39,
 139.905766,   35.651802,       85.05,
 139.914775,   35.651802,      103.65,
 139.923784,   35.651802,      115.47,
 139.932793,   35.651802,      115.23,
 139.941802,   35.651802,      114.56,
 139.950811,   35.651802,      114.47,
 139.959820,   35.651802,      114.55,
 139.968829,   35.651802,      114.84,
 139.977838,   35.651802,      115.25,
 139.986847,   35.651802,      115.69,
 139.995856,   35.651802,      115.81,
 140.004865,   35.651802,      115.83,
 140.013874,   35.651802,      115.85,
 140.022883,   35.651802,      115.74,
 140.031892,   35.651802,      124.22,
 140.040901,   35.651802,      130.30,
 140.049910,   35.651802,      137.98,
 140.058919,   35.651802,      147.23,
 140.067928,   35.651802,      158.08,
 140.076937,   35.651802,      170.51,
 140.085946,   35.651802,      184.52,
 140.094955,   35.651802,      200.13,
 140.103964,   35.651802,      217.31,
 140.112973,   35.651802,      236.09,
 140.121982,   35.651802,      256.45,
 140.130991,   35.651802,      276.01,
 140.140000,   35.651802,      295.21,
 140.149009,   35.651802,      283.96,
 140.158018,   35.651802,      241.90,
 140.167027,   35.651802,      190.75,
 140.176036,   35.651802,      135.73,
 140.185045,   35.651802,      137.69,
 140.194054,   35.651802,      139.66,
 140.203063,   35.651802,      140.56,
 140.212072,   35.651802,      140.71,
 140.221081,   35.651802,      140.85,
 140.230090,   35.651802,      140.97,
 140.239099,   35.651802,      141.08,
 140.248108,   35.651802,      141.17,
 140.257117,   35.651802,      141.24,
 140.266126,   35.651802,      141.29,
 140.275135,   35.651802,      141.33,
 140.284144,   35.651802,      141.35,
 140.293153,   35.651802,      141.35,
 140.302162,   35.651802,      141.33,
 140.311171,   35.651802,      141.30,
 140.320180,   35.651802,      141.25,
 140.329189,   35.651802,      141.19,
 140.338198,   35.651802,      141.10,
 140.347207,   35.651802,      141.00,
 140.356216,   35.651802,      140.89,
 140.365225,   35.651802,      140.75,
 140.374234,   35.651802,      140.60,
 140.383243,   35.651802,      140.43,
 139.140000,   35.660811,    -1714.26,
 139.149009,   35.660811,    -1747.39,
 139.158018,   35.660811,    -1778.86,
 139.167027,   35.660811,    -1808.69,
 139.176036,   35.660811,    -1836.86,
 139.185045,   35.660811,    -1863.39,
 139.194054,   35.660811,    -1888.27,
 139.203063,   35.660811,    -1911.49,
 139.212072,   35.660811,    -1933.07,
 139.221081,   35.660811,    -1952.99,
 139.230090,   35.660811,    -1971.27,
 139.239099,   35.660811,    -1987.90,
 139.248108,   35.660811,    -2002.87,
 139.257117,   35.660811,    -2016.20,
 139.266126,   35.660811,    -2027.88,
 139.275135,   35.660811,    -2037.90,
 139.284144,   35.660811,    -2046.28,
 139.293153,   35.660811,    -2053.01,
 139.302162,   35.660811,    -2058.08,
 139.311171,   35.660811,    -2061.51,
 139.320180,   35.660811,    -2063.29,
 139.329189,   35.660811,    -2063.42,
 139.338198,   35.660811,    -2061.90,
 139.347207,   35.660811,    -2058.72,
 139.356216,   35.660811,    -2053.90,
 139.365225,   35.660811,    -2047.43,
 139.374234,   35.660811,    -2039.31,
 139.383243,   35.660811,    -2029.54,
 139.392252,   35.660811,    -2018.12,
 139.401261,   35.660811,    -2005.05,
 139.410270,   35.660811,    -1990.33,
 139.419279,   35.660811,    -1973.95,
 139.428288,   35.660811,    -1955.93,
 139.437297,   35.660811,    -1936.26,
 139.446306,   35.660811,    -1914.94,
 139.455315,   35.660811,    -1891.97,
 139.464324,   35.660811,    -1867.35,
 139.473333,   35.660811,    -1841.08,
 139.482342,   35.660811,    -1813.16,
 139.491351,   35.660811,    -1783.59,
 139.500360,   35.660811,    -1752.37,
 139.509369,   35.660811,    -1719.51,
 139.518378,   35.660811,    -1684.99,
 139.527387,   35.660811,    -1648.82,
 139.536396,   35.660811,    -1611.00,
 139.545405,   35.660811,    -1571.53,
 139.554414,   35.660811,    -1530.41,
 139.563423,   35.660811,    -1487.64,
 139.572432,   35.660811,    -1443.23,
 139.581441,   35.660811,    -1397.16,
 139.590450,   35.660811,    -1349.44,
 139.599459,   35.660811,    -1300.07,
 139.608468,   35.660811,    -1249.05,
 139.617477,   35.660811,    -1196.39,
 139.626486,   35.660811,    -1142.07,
 139.635495,   35.660811,    -1086.10,
 139.644505,   35.660811,    -1028.49,
 139.653514,   35.660811,     -969.22,
 139.662523,   35.660811,     -908.30,
 139.671532,   35.660811,     -845.74,
 139.680541,   35.660811,     -781.52,
 139.689550,   35.660811,     -715.65,
 139.698559,   35.660811,     -648.14,
 139.707568,   35.660811,     -578.97,
 139.716577,   35.660811,     -508.15,
 139.725586,   35.660811,     -435.69,
 139.734595,   35.660811,     -361.57,
 139.743604,   35.660811,     -285.81,
 139.752613,   35.660811,     -196.65,
 139.761622,   35.660811,      -96.58,
 139.770631,   35.660811,      -53.35,
 139.779640,   35.660811,      -15.99,
 139.788649,   35.660811,      425.95,
 139.797658,   35.660811,     1662.42,
 139.806667,   35.660811,     4034.44,
 139.815676,   35.660811,     8714.85,
 139.824685,   35.660811,    17821.37,
 139.833694,   35.660811,    36421.26,
 139.842703,   35.660811,    56928.56,
 139.851712,   35.660811,     9208.92,
 139.860721,   35.660811,     5093.07,
 139.869730,   35.660811,     2671.65,
 139.878739,   35.660811,     1409.78,
 139.887748,   35.660811,      701.36,
 139.896757,   35.660811,      291.69,
 139.905766,   35.660811,       87.37,
 139.914775,   35.660811,      100.67,
 139.923784,   35.660811,      115.93,
 139.932793,   35.660811,      115.37,
 139.941802,   35.660811,      114.98,
 139.950811,   35.660811,      114.87,
 139.959820,   35.660811,      115.03,
 139.968829,   35.660811,      115.31,
 139.977838,   35.660811,      115.68,
 139.986847,   35.660811,      116.00,
 139.995856,   35.660811,      116.08,
 140.004865,   35.660811,      116.12,
 140.013874,   35.660811,      117.16,
 140.022883,   35.660811,      120.93,
 140.031892,   35.660811,      126.29,
 140.040901,   35.660811,      133.24,
 140.049910,   35.660811,      141.77,
 140.058919,   35.660811,      151.89,
 140.067928,   35.660811,      163.59,
 140.076937,   35.660811,      176.88,
 140.085946,   35.660811,      191.76,
 140.094955,   35.660811,      208.22,
 140.103964,   35.660811,      226.27,
 140.112973,   35.660811,      245.90,
 140.121982,   35.660811,      267.12,
 140.130991,   35.660811,      288.94,
 140.140000,   35.660811,      308.15,
 140.149009,   35.660811,      327.35,
 140.158018,   35.660811,      316.18,
 140.167027,   35.660811,      265.73,
 140.176036,   35.660811,      206.20,
 140.185045,   35.660811,      137.59,
 140.194054,   35.660811,      139.47,
 140.203063,   35.660811,      141.43,
 140.212072,   35.660811,      143.17,
 140.221081,   35.660811,      143.31,
 140.230090,   35.660811,      143.44,
 140.239099,   35.660811,      143.55,
 140.248108,   35.660811,      143.65,
 140.257117,   35.660811,      143.73,
 140.266126,   35.660811,      143.79,
 140.275135,   35.660811,      143.83,
 140.284144,   35.660811,      143.86,
 140.293153,   35.660811,      143.86,
 140.302162,   35.660811,      143.86,
 140.311171,   35.660811,      143.83,
 140.320180,   35.660811,      143.79,
 140.329189,   35.660811,      143.73,
 140.338198,   35.660811,      143.65,
 140.347207,   35.660811,      143.56,
 140.356216,   35.660811,      143.45,
 140.365225,   35.660811,      143.32,
 140.374234,   35.660811,      143.17,
 140.383243,   35.660811,      143.01,
 139.140000,   35.669820,    -1791.61,
 139.149009,   35.669820,    -1825.43,
 139.158018,   35.669820,    -1857.60,
 139.167027,   35.669820,    -1888.13,
 139.176036,   35.669820,    -1917.00,
 139.185045,   35.669820,    -1944.22,
 139.194054,   35.669820,    -1969.79,
 139.203063,   35.669820,    -1993.71,
 139.212072,   35.669820,    -2015.98,
 139.221081,   35.669820,    -2036.61,
 139.230090,   35.669820,    -2055.58,
 139.239099,   35.669820,    -2072.90,
 139.248108,   35.669820,    -2088.57,
 139.257117,   35.669820,    -2102.60,
 139.266126,   35.669820,    -2114.97,
 139.275135,   35.669820,    -2125.69,
 139.284144,   35.669820,    -2134.76,
 139.293153,   35.669820,    -2142.19,
 139.302162,   35.669820,    -2147.96,
 139.311171,   35.669820,    -2152.08,
 139.320180,   35.669820,    -2154.56,
 139.329189,   35.669820,    -2155.38,
 139.338198,   35.669820,    -2154.56,
 139.347207,   35.669820,    -2152.08,
 139.356216,   35.669820,    -2147.95,
 139.365225,   35.669820,    -2142.18,
 139.374234,   35.669820,    -2134.75,
 139.383243,   35.669820,    -2125.68,
 139.392252,   35.669820,    -2114.95,
 139.401261,   35.669820,    -2102.58,
 139.410270,   35.669820,    -2088.55,
 139.419279,   35.669820,    -2072.88,
 139.428288,   35.669820,    -2055.55,
 139.437297,   35.669820,    -2036.58,
 139.446306,   35.669820,    -2015.96,
 139.455315,   35.669820,    -1993.68,
 139.464324,   35.669820,    -1969.76,
 139.473333,   35.669820,    -1944.18,
 139.482342,   35.669820,    -1916.96,
 139.491351,   35.669820,    -1888.09,
 139.500360,   35.669820,    -1857.56,
 139.509369,   35.669820,    -1825.39,
 139.518378,   35.669820,    -1791.57,
 139.527387,   35.669820,    -1756.09,
 139.536396,   35.669820,    -1718.97,
 139.545405,   35.669820,    -1680.20,
 139.554414,   35.669820,    -1639.78,
 139.563423,   35.669820,    -1597.70,
 139.572432,   35.669820,    -1553.98,
 139.581441,   35.669820,    -1508.61,
 139.590450,   35.669820,    -1461.59,
 139.599459,   35.669820,    -1412.92,
 139.608468,   35.669820,    -1362.60,
 139.617477,   35.669820,    -1310.62,
 139.626486,   35.669820,    -1257.00,
 139.635495,   35.669820,    -1201.73,
 139.644505,   35.669820,    -1144.81,
 139.653514,   35.669820,    -1086.24,
 139.662523,   35.669820,    -1026.02,
 139.671532,   35.669820,     -964.15,
 139.680541,   35.669820,     -900.63,
 139.689550,   35.669820,     -835.46,
 139.698559,   35.669820,     -768.64,
 139.707568,   35.669820,     -700.17,
 139.716577,   35.669820,     -630.05,
 139.725586,   35.669820,     -558.28,
 139.734595,   35.669820,     -484.86,
 139.743604,   35.669820,     -409.79,
 139.752613,   35.669820,     -232.69,
 139.761622,   35.669820,     -178.26,
 139.770631,   35.669820,     -129.70,
 139.779640,   35.669820,      -87.01,
 139.788649,   35.669820,      -50.19,
 139.797658,   35.669820,      -19.23,
 139.806667,   35.669820,      523.18,
 139.815676,   35.669820,     3413.02,
 139.824685,   35.669820,     9261.84,
 139.833694,   35.669820,    22338.09,
 139.842703,   35.669820,    68159.92,
 139.851712,   35.669820,    16208.13,
 139.860721,   35.669820,     5632.19,
 139.869730,   35.669820,     2706.21,
 139.878739,   35.669820,     1330.74,
 139.887748,   35.669820,      625.07,
 139.896757,   35.669820,      259.98,
 139.905766,   35.669820,       95.17,
 139.914775,   35.669820,       94.78,
 139.923784,   35.669820,      107.92,
 139.932793,   35.669820,      115.51,
 139.941802,   35.669820,      115.22,
 139.950811,   35.669820,      115.14,
 139.959820,   35.669820,      115.29,
 139.968829,   35.669820,      115.61,
 139.977838,   35.669820,      115.89,
 139.986847,   35.669820,      116.13,
 139.995856,   35.669820,      116.26,
 140.004865,   35.669820,      116.61,
 140.013874,   35.669820,      117.09,
 140.022883,   35.669820,      120.57,
 140.031892,   35.669820,      126.78,
 140.040901,   35.669820,      134.59,
 140.049910,   35.669820,      143.98,
 140.058919,   35.669820,      154.96,
 140.067928,   35.669820,      167.52,
 140.076937,   35.669820,      181.67,
 140.085946,   35.669820,      197.41,
 140.094955,   35.669820,      214.73,
 140.103964,   35.669820,      233.64,
 140.112973,   35.669820,      254.13,
 140.121982,   35.669820,      276.21,
 140.130991,   35.669820,      299.87,
 140.140000,   35.669820,      321.08,
 140.149009,   35.669820,      340.29,
 140.158018,   35.669820,      359.50,
 140.167027,   35.669820,      349.79,
 140.176036,   35.669820,      290.96,
 140.185045,   35.669820,      223.04,
 140.194054,   35.669820,      146.04,
 140.203063,   35.669820,      141.24,
 140.212072,   35.669820,      143.21,
 140.221081,   35.669820,      145.17,
 140.230090,   35.669820,      145.93,
 140.239099,   35.669820,      146.05,
 140.248108,   35.669820,      146.15,
 140.257117,   35.669820,      146.23,
 140.266126,   35.669820,      146.30,
 140.275135,   35.669820,      146.35,
 140.284144,   35.669820,      146.38,
 140.293153,   35.669820,      146.40,
 140.302162,   35.669820,      146.40,
 140.311171,   35.669820,      146.38,
 140.320180,   35.669820,      146.34,
 140.329189,   35.669820,      146.29,
 140.338198,   35.669820,      146.22,
 140.347207,   35.669820,      146.13,
 140.356216,   35.669820,      146.03,
 140.365225,   35.669820,      145.91,
 140.374234,   35.669820,      145.77,
 140.383243,   35.669820,      145.61,
 139.140000,   35.678829,    -1870.61,
 139.149009,   35.678829,    -1905.13,
 139.158018,   35.678829,    -1937.99,
 139.167027,   35.678829,    -1969.21,
 139.176036,   35.678829,    -1998.78,
 139.185045,   35.678829,    -2026.70,
 139.194054,   35.678829,    -2052.96,
 139.203063,   35.678829,    -2077.58,
 139.212072,   35.678829,    -2100.55,
 139.221081,   35.678829,    -2121.87,
 139.230090,   35.678829,    -2141.54,
 139.239099,   35.678829,    -2159.55,
 139.248108,   35.678829,    -2175.92,
 139.257117,   35.678829,    -2190.64,
 139.266126,   35.678829,    -2203.71,
 139.275135,   35.678829,    -2215.13,
 139.284144,   35.678829,    -2224.90,
 139.293153,   35.678829,    -2233.02,
 139.302162,   35.678829,    -2239.49,
 139.311171,   35.678829,    -2244.31,
 139.320180,   35.678829,    -2247.48,
 139.329189,   35.678829,    -2249.00,
 139.338198,   35.678829,    -2248.87,
 139.347207,   35.678829,    -2247.09,
 139.356216,   35.678829,    -2243.66,
 139.365225,   35.678829,    -2238.58,
 139.374234,   35.678829,    -2231.85,
 139.383243,   35.678829,    -2223.47,
 139.392252,   35.678829,    -2213.44,
 139.401261,   35.678829,    -2201.76,
 139.410270,   35.678829,    -2188.43,
 139.419279,   35.678829,    -2173.45,
 139.428288,   35.678829,    -2156.83,
 139.437297,   35.678829,    -2138.55,
 139.446306,   35.678829,    -2118.62,
 139.455315,   35.678829,    -2097.04,
 139.464324,   35.678829,    -2073.81,
 139.473333,   35.678829,    -2048.93,
 139.482342,   35.678829,    -2022.41,
 139.491351,   35.678829,    -1994.23,
 139.500360,   35.678829,    -1964.40,
 139.509369,   35.678829,    -1932.93,
 139.518378,   35.678829,    -1899.80,
 139.527387,   35.678829,    -1865.02,
 139.536396,   35.678829,    -1828.59,
 139.545405,   35.678829,    -1790.52,
 139.554414,   35.678829,    -1750.79,
 139.563423,   35.678829,    -1709.42,
 139.572432,   35.678829,    -1666.39,
 139.581441,   35.678829,    -1621.71,
 139.590450,   35.678829,    -1575.39,
 139.599459,   35.678829,    -1527.41,
 139.608468,   35.678829,    -1477.79,
 139.617477,   35.678829,    -1426.51,
 139.626486,   35.678829,    -1373.59,
 139.635495,   35.678829,    -1319.01,
 139.644505,   35.678829,    -1262.79,
 139.653514,   35.678829,    -1204.91,
 139.662523,   35.678829,    -1145.39,
 139.671532,   35.678829,    -1084.21,
 139.680541,   35.678829,    -1021.39,
 139.689550,   35.678829,     -956.91,
 139.698559,   35.678829,     -890.79,
 139.707568,   35.678829,     -823.02,
 139.716577,   35.678829,     -753.59,
 139.725586,   35.678829,     -682.52,
 139.734595,   35.678829,     -609.79,
 139.743604,   35.678829,     -452.71,
 139.752613,   35.678829,     -313.83,
 139.761622,   35.678829,     -254.08,
 139.770631,   35.678829,     -200.19,
 139.779640,   35.678829,     -152.17,
 139.788649,   35.678829,     -110.01,
 139.797658,   35.678829,      -73.72,
 139.806667,   35.678829,      -43.30,
 139.815676,   35.678829,      -18.75,
 139.824685,   35.678829,       -0.06,
 139.833694,   35.678829,     5600.30,
 139.842703,   35.678829,    18906.77,
 139.851712,   35.678829,     7962.91,
 139.860721,   35.678829,     3835.80,
 139.869730,   35.678829,     1678.28,
 139.878739,   35.678829,      721.21,
 139.887748,   35.678829,      297.18,
 139.896757,   35.678829,      123.74,
 139.905766,   35.678829,       69.66,
 139.914775,   35.678829,       75.96,
 139.923784,   35.678829,       80.81,
 139.932793,   35.678829,       84.15,
 139.941802,   35.678829,       86.78,
 139.950811,   35.678829,       88.81,
 139.959820,   35.678829,       94.98,
 139.968829,   35.678829,      103.03,
 139.977838,   35.678829,      111.43,
 139.986847,   35.678829,      116.17,
 139.995856,   35.678829,      116.51,
 140.004865,   35.678829,      116.97,
 140.013874,   35.678829,      117.56,
 140.022883,   35.678829,      118.61,
 140.031892,   35.678829,      125.69,
 140.040901,   35.678829,      134.36,
 140.049910,   35.678829,      144.61,
 140.058919,   35.678829,      156.44,
 140.067928,   35.678829,      169.87,
 140.076937,   35.678829,      184.88,
 140.085946,   35.678829,      201.47,
 140.094955,   35.678829,      219.65,
 140.103964,   35.678829,      239.42,
 140.112973,   35.678829,      260.77,
 140.121982,   35.678829,      283.71,
 140.130991,   35.678829,      308.24,
 140.140000,   35.678829,      334.02,
 140.149009,   35.678829,      353.22,
 140.158018,   35.678829,      372.43,
 140.167027,   35.678829,      391.64,
 140.176036,   35.678829,      384.79,
 140.185045,   35.678829,      317.57,
 140.194054,   35.678829,      241.27,
 140.203063,   35.678829,      155.88,
 140.212072,   35.678829,      143.02,
 140.221081,   35.678829,      144.98,
 140.230090,   35.678829,      146.95,
 140.239099,   35.678829,      148.56,
 140.248108,   35.678829,      148.66,
 140.257117,   35.678829,      148.75,
 140.266126,   35.678829,      148.83,
 140.275135,   35.678829,      148.88,
 140.284144,   35.678829,      148.92,
 140.293153,   35.678829,      148.95,
 140.302162,   35.678829,      148.95,
 140.311171,   35.678829,      148.94,
 140.320180,   35.678829,      148.91,
 140.329189,   35.678829,      148.87,
 140.338198,   35.678829,      148.80,
 140.347207,   35.678829,      148.72,
 140.356216,   35.678829,      148.62,
 140.365225,   35.678829,      148.51,
 140.374234,   35.678829,      148.38,
 140.383243,   35.678829,      148.23,
 139.140000,   35.687838,    -1951.26,
 139.149009,   35.687838,    -1986.47,
 139.158018,   35.687838,    -2020.03,
 139.167027,   35.687838,    -2051.95,
 139.176036,   35.687838,    -2082.21,
 139.185045,   35.687838,    -2110.82,
 139.194054,   35.687838,    -2137.79,
 139.203063,   35.687838,    -2163.10,
 139.212072,   35.687838,    -2186.76,
 139.221081,   35.687838,    -2208.78,
 139.230090,   35.687838,    -2229.14,
 139.239099,   35.687838,    -2247.86,
 139.248108,   35.687838,    -2264.92,
 139.257117,   35.687838,    -2280.34,
 139.266126,   35.687838,    -2294.10,
 139.275135,   35.687838,    -2306.22,
 139.284144,   35.687838,    -2316.68,
 139.293153,   35.687838,    -2325.50,
 139.302162,   35.687838,    -2332.66,
 139.311171,   35.687838,    -2338.18,
 139.320180,   35.687838,    -2342.04,
 139.329189,   35.687838,    -2344.26,
 139.338198,   35.687838,    -2344.83,
 139.347207,   35.687838,    -2343.74,
 139.356216,   35.687838,    -2341.01,
 139.365225,   35.687838,    -2336.63,
 139.374234,   35.687838,    -2330.59,
 139.383243,   35.687838,    -2322.91,
 139.392252,   35.687838,    -2313.58,
 139.401261,   35.687838,    -2302.59,
 139.410270,   35.687838,    -2289.96,
 139.419279,   35.687838,    -2275.68,
 139.428288,   35.687838,    -2259.75,
 139.437297,   35.687838,    -2242.16,
 139.446306,   35.687838,    -2222.93,
 139.455315,   35.687838,    -2202.05,
 139.464324,   35.687838,    -2179.52,
 139.473333,   35.687838,    -2155.34,
 139.482342,   35.687838,    -2129.50,
 139.491351,   35.687838,    -2102.02,
 139.500360,   35.687838,    -2072.89,
 139.509369,   35.687838,    -2042.11,
 139.518378,   35.687838,    -2009.68,
 139.527387,   35.687838,    -1975.60,
 139.536396,   35.687838,    -1939.87,
 139.545405,   35.687838,    -1902.49,
 139.554414,   35.687838,    -1863.46,
 139.563423,   35.687838,    -1822.78,
 139.572432,   35.687838,    -1780.45,
 139.581441,   35.687838,    -1736.47,
 139.590450,   35.687838,    -1690.84,
 139.599459,   35.687838,    -1643.56,
 139.608468,   35.687838,    -1594.63,
 139.617477,   35.687838,    -1544.05,
 139.626486,   35.687838,    -1491.82,
 139.635495,   35.687838,    -1437.94,
 139.644505,   35.687838,    -1382.41,
 139.653514,   35.687838,    -1325.23,
 139.662523,   35.687838,    -1266.40,
 139.671532,   35.687838,    -1205.93,
 139.680541,   35.687838,    -1143.80,
 139.689550,   35.687838,    -1080.02,
 139.698559,   35.687838,    -1014.59,
 139.707568,   35.687838,     -947.51,
 139.716577,   35.687838,     -878.79,
 139.725586,   35.687838,     -808.41,
 139.734595,   35.687838,     -726.43,
 139.743604,   35.687838,     -460.07,
 139.752613,   35.687838,     -389.11,
 139.761622,   35.687838,     -324.03,
 139.770631,   35.687838,     -264.81,
 139.779640,   35.687838,     -211.46,
 139.788649,   35.687838,     -163.97,
 139.797658,   35.687838,     -122.35,
 139.806667,   35.687838,      -86.60,
 139.815676,   35.687838,      -56.72,
 139.824685,   35.687838,      -32.70,
 139.833694,   35.687838,      -14.55,
 139.842703,   35.687838,       -2.26,
 139.851712,   35.687838,       55.07,
 139.860721,   35.687838,      854.52,
 139.869730,   35.687838,      266.94,
 139.878739,   35.687838,       81.51,
 139.887748,   35.687838,       37.68,
 139.896757,   35.687838,       36.02,
 139.905766,   35.687838,       42.76,
 139.914775,   35.687838,       49.85,
 139.923784,   35.687838,       57.29,
 139.932793,   35.687838,       65.09,
 139.941802,   35.687838,       73.24,
 139.950811,   35.687838,       81.75,
 139.959820,   35.687838,       90.61,
 139.968829,   35.687838,       99.83,
 139.977838,   35.687838,      109.40,
 139.986847,   35.687838,      116.20,
 139.995856,   35.687838,      116.64,
 140.004865,   35.687838,      117.21,
 140.013874,   35.687838,      117.91,
 140.022883,   35.687838,      118.73,
 140.031892,   35.687838,      123.01,
 140.040901,   35.687838,      132.54,
 140.049910,   35.687838,      143.65,
 140.058919,   35.687838,      156.34,
 140.067928,   35.687838,      170.63,
 140.076937,   35.687838,      186.49,
 140.085946,   35.687838,      203.95,
 140.094955,   35.687838,      222.99,
 140.103964,   35.687838,      243.62,
 140.112973,   35.687838,      265.83,
 140.121982,   35.687838,      289.63,
 140.130991,   35.687838,      315.01,
 140.140000,   35.687838,      341.98,
 140.149009,   35.687838,      366.16,
 140.158018,   35.687838,      385.36,
 140.167027,   35.687838,      404.57,
 140.176036,   35.687838,      423.78,
 140.185045,   35.687838,      421.19,
 140.194054,   35.687838,      345.58,
 140.203063,   35.687838,      260.89,
 140.212072,   35.687838,      167.11,
 140.221081,   35.687838,      144.79,
 140.230090,   35.687838,      146.76,
 140.239099,   35.687838,      148.72,
 140.248108,   35.687838,      150.69,
 140.257117,   35.687838,      151.29,
 140.266126,   35.687838,      151.37,
 140.275135,   35.687838,      151.44,
 140.284144,   35.687838,      151.48,
 140.293153,   35.687838,      151.51,
 140.302162,   35.687838,      151.53,
 140.311171,   35.687838,      151.52,
 140.320180,   35.687838,      151.50,
 140.329189,   35.687838,      151.46,
 140.338198,   35.687838,      151.40,
 140.347207,   35.687838,      151.33,
 140.356216,   35.687838,      151.24,
 140.365225,   35.687838,      151.13,
 140.374234,   35.687838,      151.01,
 140.383243,   35.687838,      150.86,
 139.140000,   35.696847,    -2033.55,
 139.149009,   35.696847,    -2069.46,
 139.158018,   35.696847,    -2103.72,
 139.167027,   35.696847,    -2136.33,
 139.176036,   35.696847,    -2167.29,
 139.185045,   35.696847,    -2196.60,
 139.194054,   35.696847,    -2224.26,
 139.203063,   35.696847,    -2250.27,
 139.212072,   35.696847,    -2274.63,
 139.221081,   35.696847,    -2297.34,
 139.230090,   35.696847,    -2318.40,
 139.239099,   35.696847,    -2337.81,
 139.248108,   35.696847,    -2355.57,
 139.257117,   35.696847,    -2371.68,
 139.266126,   35.696847,    -2386.14,
 139.275135,   35.696847,    -2398.95,
 139.284144,   35.696847,    -2410.12,
 139.293153,   35.696847,    -2419.63,
 139.302162,   35.696847,    -2427.49,
 139.311171,   35.696847,    -2433.70,
 139.320180,   35.696847,    -2438.26,
 139.329189,   35.696847,    -2441.17,
 139.338198,   35.696847,    -2442.44,
 139.347207,   35.696847,    -2442.05,
 139.356216,   35.696847,    -2440.01,
 139.365225,   35.696847,    -2436.32,
 139.374234,   35.696847,    -2430.99,
 139.383243,   35.696847,    -2424.00,
 139.392252,   35.696847,    -2415.36,
 139.401261,   35.696847,    -2405.08,
 139.410270,   35.696847,    -2393.14,
 139.419279,   35.696847,    -2379.55,
 139.428288,   35.696847,    -2364.32,
 139.437297,   35.696847,    -2347.43,
 139.446306,   35.696847,    -2328.89,
 139.455315,   35.696847,    -2308.71,
 139.464324,   35.696847,    -2286.87,
 139.473333,   35.696847,    -2263.39,
 139.482342,   35.696847,    -2238.25,
 139.491351,   35.696847,    -2211.46,
 139.500360,   35.696847,    -2183.03,
 139.509369,   35.696847,    -2152.94,
 139.518378,   35.696847,    -2121.21,
 139.527387,   35.696847,    -2087.82,
 139.536396,   35.696847,    -2052.79,
 139.545405,   35.696847,    -2016.11,
 139.554414,   35.696847,    -1977.77,
 139.563423,   35.696847,    -1937.79,
 139.572432,   35.696847,    -1896.15,
 139.581441,   35.696847,    -1852.87,
 139.590450,   35.696847,    -1807.94,
 139.599459,   35.696847,    -1761.35,
 139.608468,   35.696847,    -1713.12,
 139.617477,   35.696847,    -1663.24,
 139.626486,   35.696847,    -1611.70,
 139.635495,   35.696847,    -1558.52,
 139.644505,   35.696847,    -1503.69,
 139.653514,   35.696847,    -1447.20,
 139.662523,   35.696847,    -1389.07,
 139.671532,   35.696847,    -1329.29,
 139.680541,   35.696847,    -1267.86,
 139.689550,   35.696847,    -1204.77,
 139.698559,   35.696847,    -1140.04,
 139.707568,   35.696847,    -1073.66,
 139.716577,   35.696847,    -1005.63,
 139.725586,   35.696847,     -935.95,
 139.734595,   35.696847,     -708.78,
 139.743604,   35.696847,     -534.81,
 139.752613,   35.696847,     -458.53,
 139.761622,   35.696847,     -388.11,
 139.770631,   35.696847,     -323.56,
 139.779640,   35.696847,     -264.88,
 139.788649,   35.696847,     -212.06,
 139.797658,   35.696847,     -165.11,
 139.806667,   35.696847,     -124.03,
 139.815676,   35.696847,      -88.81,
 139.824685,   35.696847,      -59.46,
 139.833694,   35.696847,      -35.98,
 139.842703,   35.696847,      -18.37,
 139.851712,   35.696847,       -6.62,
 139.860721,   35.696847,       -4.98,
 139.869730,   35.696847,        1.51,
 139.878739,   35.696847,        8.36,
 139.887748,   35.696847,       15.55,
 139.896757,   35.696847,       23.11,
 139.905766,   35.696847,       31.01,
 139.914775,   35.696847,       39.27,
 139.923784,   35.696847,       47.89,
 139.932793,   35.696847,       56.86,
 139.941802,   35.696847,       66.18,
 139.950811,   35.696847,       75.86,
 139.959820,   35.696847,       85.89,
 139.968829,   35.696847,       96.27,
 139.977838,   35.696847,      107.01,
 139.986847,   35.696847,      116.23,
 139.995856,   35.696847,      116.63,
 140.004865,   35.696847,      117.32,
 140.013874,   35.696847,      118.13,
 140.022883,   35.696847,      119.06,
 140.031892,   35.696847,      119.68,
 140.040901,   35.696847,      129.13,
 140.049910,   35.696847,      141.10,
 140.058919,   35.696847,      154.66,
 140.067928,   35.696847,      169.80,
 140.076937,   35.696847,      186.53,
 140.085946,   35.696847,      204.84,
 140.094955,   35.696847,      224.74,
 140.103964,   35.696847,      246.23,
 140.112973,   35.696847,      269.30,
 140.121982,   35.696847,      293.96,
 140.130991,   35.696847,      320.20,
 140.140000,   35.696847,      348.03,
 140.149009,   35.696847,      377.45,
 140.158018,   35.696847,      398.30,
 140.167027,   35.696847,      417.50,
 140.176036,   35.696847,      436.71,
 140.185045,   35.696847,      455.92,
 140.194054,   35.696847,      458.97,
 140.203063,   35.696847,      374.97,
 140.212072,   35.696847,      281.90,
 140.221081,   35.696847,      179.74,
 140.230090,   35.696847,      146.57,
 140.239099,   35.696847,      148.53,
 140.248108,   35.696847,      150.50,
 140.257117,   35.696847,      152.46,
 140.266126,   35.696847,      153.94,
 140.275135,   35.696847,      154.01,
 140.284144,   35.696847,      154.06,
 140.293153,   35.696847,      154.10,
 140.302162,   35.696847,      154.12,
 140.311171,   35.696847,      154.12,
 140.320180,   35.696847,      154.10,
 140.329189,   35.696847,      154.07,
 140.338198,   35.696847,      154.02,
 140.347207,   35.696847,      153.95,
 140.356216,   35.696847,      153.87,
 140.365225,   35.696847,      153.77,
 140.374234,   35.696847,      153.65,
 140.383243,   35.696847,      153.51,
