 139.140000,   34.850000,      -19.85,
 139.144505,   34.850000,      -19.78,
 139.149009,   34.850000,      -19.72,
 139.153514,   34.850000,      -19.65,
 139.158018,   34.850000,      -19.58,
 139.162523,   34.850000,      -19.35,
 139.167027,   34.850000,      -19.08,
 139.171532,   34.850000,      -18.81,
 139.176036,   34.850000,      -18.56,
 139.180541,   34.850000,      -18.31,
 139.185045,   34.850000,      -18.07,
 139.189550,   34.850000,      -17.84,
 139.194054,   34.850000,      -17.61,
 139.198559,   34.850000,      -17.39,
 139.203063,   34.850000,      -17.18,
 139.207568,   34.850000,      -16.98,
 139.212072,   34.850000,      -16.79,
 139.216577,   34.850000,      -16.60,
 139.221081,   34.850000,      -16.47,
 139.225586,   34.850000,      -16.45,
 139.230090,   34.850000,      -16.42,
 139.234595,   34.850000,      -16.53,
 139.239099,   34.850000,      -16.70,
 139.243604,   34.850000,      -16.87,
 139.248108,   34.850000,      -17.03,
 139.252613,   34.850000,      -17.18,
 139.257117,   34.850000,      -17.32,
 139.261622,   34.850000,      -17.46,
 139.266126,   34.850000,      -17.59,
 139.270631,   34.850000,      -17.72,
 139.275135,   34.850000,      -17.84,
 139.279640,   34.850000,      -17.95,
 139.284144,   34.850000,      -18.05,
 139.288649,   34.850000,      -18.15,
 139.293153,   34.850000,      -18.24,
 139.297658,   34.850000,      -18.32,
 139.302162,   34.850000,      -18.41,
 139.306667,   34.850000,      -18.50,
 139.311171,   34.850000,      -18.59,
 139.315676,   34.850000,      -18.68,
 139.320180,   34.850000,      -18.77,
 139.324685,   34.850000,      -18.86,
 139.329189,   34.850000,      -18.95,
 139.333694,   34.850000,      -19.04,
 139.338198,   34.850000,      -19.14,
 139.342703,   34.850000,      -19.34,
 139.347207,   34.850000,      -19.72,
 139.351712,   34.850000,      -20.07,
 139.356216,   34.850000,      -20.40,
 139.360721,   34.850000,      -20.69,
 139.365225,   34.850000,      -20.95,
 139.369730,   34.850000,      -21.18,
 139.374234,   34.850000,      -21.31,
 139.378739,   34.850000,      -21.20,
 139.383243,   34.850000,      -21.13,
 139.387748,   34.850000,      -21.11,
 139.392252,   34.850000,      -21.11,
 139.396757,   34.850000,      -21.12,
 139.401261,   34.850000,      -21.14,
 139.405766,   34.850000,      -21.20,
 139.410270,   34.850000,      -21.28,
 139.414775,   34.850000,      -21.37,
 139.419279,   34.850000,      -21.45,
 139.423784,   34.850000,      -21.54,
 139.428288,   34.850000,      -21.64,
 139.432793,   34.850000,      -21.73,
 139.437297,   34.850000,      -21.80,
 139.441802,   34.850000,      -21.85,
 139.446306,   34.850000,      -21.91,
 139.450811,   34.850000,      -21.99,
 139.455315,   34.850000,      -22.10,
 139.459820,   34.850000,      -22.24,
 139.464324,   34.850000,      -22.44,
 139.468829,   34.850000,      -22.68,
 139.473333,   34.850000,      -22.96,
 139.477838,   34.850000,      -23.27,
 139.482342,   34.850000,      -23.60,
 139.486847,   34.850000,      -23.90,
 139.491351,   34.850000,      -24.18,
 139.495856,   34.850000,      -24.45,
 139.500360,   34.850000,      -24.74,
 139.504865,   34.850000,      -25.05,
 139.509369,   34.850000,      -25.39,
 139.513874,   34.850000,      -25.74,
 139.518378,   34.850000,      -26.11,
 139.522883,   34.850000,      -26.41,
 139.527387,   34.850000,      -26.67,
 139.531892,   34.850000,      -26.90,
 139.536396,   34.850000,      -27.15,
 139.540901,   34.850000,      -27.39,
 139.545405,   34.850000,      -27.64,
 139.549910,   34.850000,      -27.90,
 139.554414,   34.850000,      -28.16,
 139.558919,   34.850000,      -28.42,
 139.563423,   34.850000,      -28.68,
 139.567928,   34.850000,      -28.82,
 139.572432,   34.850000,      -28.82,
 139.576937,   34.850000,      -28.82,
 139.581441,   34.850000,      -28.81,
 139.585946,   34.850000,      -28.82,
 139.590450,   34.850000,      -28.83,
 139.594955,   34.850000,      -28.85,
 139.599459,   34.850000,      -28.85,
 139.603964,   34.850000,      -28.72,
 139.608468,   34.850000,      -28.45,
 139.612973,   34.850000,      -28.06,
 139.617477,   34.850000,      -27.68,
 139.621982,   34.850000,      -27.31,
 139.626486,   34.850000,      -26.94,
 139.630991,   34.850000,      -26.62,
 139.635495,   34.850000,      -26.35,
 139.640000,   34.850000,      -26.12,
 139.644505,   34.850000,      -25.87,
 139.649009,   34.850000,      -25.70,
 139.653514,   34.850000,      -25.62,
 139.658018,   34.850000,      -25.49,
 139.662523,   34.850000,      -25.30,
 139.667027,   34.850000,      -25.11,
 139.671532,   34.850000,      -25.01,
 139.676036,   34.850000,      -24.81,
 139.680541,   34.850000,      -24.56,
 139.685045,   34.850000,      -23.93,
 139.689550,   34.850000,      -23.12,
 139.694054,   34.850000,      -22.48,
 139.698559,   34.850000,      -22.01,
 139.703063,   34.850000,      -21.63,
 139.707568,   34.850000,      -21.40,
 139.712072,   34.850000,      -21.35,
 139.716577,   34.850000,      -21.41,
 139.721081,   34.850000,      -21.02,
 139.725586,   34.850000,      -21.11,
 139.730090,   34.850000,      -21.53,
 139.734595,   34.850000,      -21.53,
 139.739099,   34.850000,      -22.06,
 139.743604,   34.850000,      -23.34,
 139.748108,   34.850000,      -22.92,
 139.752613,   34.850000,      -22.81,
 139.757117,   34.850000,      -22.43,
 139.761622,   34.850000,      -22.34,
 139.766126,   34.850000,      -22.39,
 139.770631,   34.850000,      -21.30,
 139.775135,   34.850000,      -20.75,
 139.779640,   34.850000,      -20.76,
 139.784144,   34.850000,      -19.73,
 139.788649,   34.850000,      -18.73,
 139.793153,   34.850000,      -17.98,
 139.797658,   34.850000,      -16.88,
 139.802162,   34.850000,      -14.75,
 139.806667,   34.850000,      -13.09,
 139.811171,   34.850000,      -10.89,
 139.815676,   34.850000,       -9.29,
 139.820180,   34.850000,       -8.51,
 139.824685,   34.850000,       -7.97,
 139.829189,   34.850000,       -7.68,
 139.833694,   34.850000,       -7.51,
 139.838198,   34.850000,       -7.58,
 139.842703,   34.850000,       -7.80,
 139.847207,   34.850000,       -8.06,
 139.851712,   34.850000,       -8.62,
 139.856216,   34.850000,       -9.39,
 139.860721,   34.850000,      -10.04,
 139.865225,   34.850000,      -10.69,
 139.869730,   34.850000,      -11.46,
 139.874234,   34.850000,      -12.06,
 139.878739,   34.850000,      -12.44,
 139.883243,   34.850000,      -12.86,
 139.887748,   34.850000,      -13.38,
 139.892252,   34.850000,      -14.05,
 139.896757,   34.850000,      -14.60,
 139.901261,   34.850000,      -15.04,
 139.905766,   34.850000,      -15.42,
 139.910270,   34.850000,      -15.73,
 139.914775,   34.850000,      -15.97,
 139.919279,   34.850000,      -16.14,
 139.923784,   34.850000,      -16.17,
 139.928288,   34.850000,      -16.16,
 139.932793,   34.850000,      -16.10,
 139.937297,   34.850000,      -16.00,
 139.941802,   34.850000,      -15.86,
 139.946306,   34.850000,      -15.74,
 139.950811,   34.850000,      -15.63,
 139.955315,   34.850000,      -15.55,
 139.959820,   34.850000,      -15.44,
 139.964324,   34.850000,      -15.23,
 139.968829,   34.850000,      -14.96,
 139.973333,   34.850000,      -14.66,
 139.977838,   34.850000,      -14.42,
 139.982342,   34.850000,      -14.26,
 139.986847,   34.850000,      -14.12,
 139.991351,   34.850000,      -13.99,
 139.995856,   34.850000,      -13.88,
 140.000360,   34.850000,      -13.77,
 140.004865,   34.850000,      -13.68,
 140.009369,   34.850000,      -13.58,
 140.013874,   34.850000,      -13.49,
 140.018378,   34.850000,      -13.40,
 140.022883,   34.850000,      -13.32,
 140.027387,   34.850000,      -13.33,
 140.031892,   34.850000,      -13.37,
 140.036396,   34.850000,      -13.41,
 140.040901,   34.850000,      -13.47,
 140.045405,   34.850000,      -13.52,
 140.049910,   34.850000,      -13.58,
 140.054414,   34.850000,      -13.62,
 140.058919,   34.850000,      -13.64,
 140.063423,   34.850000,      -13.66,
 140.067928,   34.850000,      -13.69,
 140.072432,   34.850000,      -13.71,
 140.076937,   34.850000,      -13.73,
 140.081441,   34.850000,      -13.76,
 140.085946,   34.850000,      -13.78,
 140.090450,   34.850000,      -13.80,
 140.094955,   34.850000,      -13.82,
 140.099459,   34.850000,      -13.83,
 140.103964,   34.850000,      -13.85,
 140.108468,   34.850000,      -13.86,
 140.112973,   34.850000,      -13.88,
 140.117477,   34.850000,      -13.89,
 140.121982,   34.850000,      -13.90,
 140.126486,   34.850000,      -13.91,
 140.130991,   34.850000,      -13.90,
 140.135495,   34.850000,      -13.89,
 140.140000,   34.850000,      -13.87,
 140.144505,   34.850000,      -13.86,
 140.149009,   34.850000,      -13.85,
 140.153514,   34.850000,      -13.84,
 140.158018,   34.850000,      -13.84,
 140.162523,   34.850000,      -13.84,
 140.167027,   34.850000,      -13.83,
 140.171532,   34.850000,      -13.83,
 140.176036,   34.850000,      -13.83,
 140.180541,   34.850000,      -13.83,
 140.185045,   34.850000,      -13.83,
 140.189550,   34.850000,      -13.82,
 140.194054,   34.850000,      -13.84,
 140.198559,   34.850000,      -13.88,
 140.203063,   34.850000,      -13.92,
 140.207568,   34.850000,      -13.97,
 140.212072,   34.850000,      -14.03,
 140.216577,   34.850000,      -14.10,
 140.221081,   34.850000,      -14.17,
 140.225586,   34.850000,      -14.25,
 140.230090,   34.850000,      -14.34,
 140.234595,   34.850000,      -14.44,
 140.239099,   34.850000,      -14.55,
 140.243604,   34.850000,      -14.66,
 140.248108,   34.850000,      -14.78,
 140.252613,   34.850000,      -14.91,
 140.257117,   34.850000,      -15.05,
 140.261622,   34.850000,      -15.19,
 140.266126,   34.850000,      -15.35,
 140.270631,   34.850000,      -15.51,
 140.275135,   34.850000,      -15.64,
 140.279640,   34.850000,      -15.61,
 140.284144,   34.850000,      -15.57,
 140.288649,   34.850000,      -15.36,
 140.293153,   34.850000,      -15.12,
 140.297658,   34.850000,      -14.86,
 140.302162,   34.850000,      -14.60,
 140.306667,   34.850000,      -14.32,
 140.311171,   34.850000,      -14.04,
 140.315676,   34.850000,      -13.74,
 140.320180,   34.850000,      -13.44,
 140.324685,   34.850000,      -13.12,
 140.329189,   34.850000,      -12.79,
 140.333694,   34.850000,      -12.45,
 140.338198,   34.850000,      -12.10,
 140.342703,   34.850000,      -11.74,
 140.347207,   34.850000,      -11.37,
 140.351712,   34.850000,      -10.99,
 140.356216,   34.850000,      -10.59,
 140.360721,   34.850000,      -10.19,
 140.365225,   34.850000,       -9.99,
 140.369730,   34.850000,       -9.90,
 140.374234,   34.850000,       -9.81,
 140.378739,   34.850000,       -9.71,
 140.383243,   34.850000,       -9.65,
 140.387748,   34.850000,       -9.73,
 139.140000,   34.854505,      -19.73,
 139.144505,   34.854505,      -19.88,
 139.149009,   34.854505,      -19.81,
 139.153514,   34.854505,      -19.74,
 139.158018,   34.854505,      -19.67,
 139.162523,   34.854505,      -19.60,
 139.167027,   34.854505,      -19.38,
 139.171532,   34.854505,      -19.12,
 139.176036,   34.854505,      -18.86,
 139.180541,   34.854505,      -18.61,
 139.185045,   34.854505,      -18.37,
 139.189550,   34.854505,      -18.14,
 139.194054,   34.854505,      -17.92,
 139.198559,   34.854505,      -17.70,
 139.203063,   34.854505,      -17.49,
 139.207568,   34.854505,      -17.29,
 139.212072,   34.854505,      -17.09,
 139.216577,   34.854505,      -16.90,
 139.221081,   34.854505,      -16.72,
 139.225586,   34.854505,      -16.60,
 139.230090,   34.854505,      -16.58,
 139.234595,   34.854505,      -16.55,
 139.239099,   34.854505,      -16.69,
 139.243604,   34.854505,      -16.85,
 139.248108,   34.854505,      -17.01,
 139.252613,   34.854505,      -17.16,
 139.257117,   34.854505,      -17.30,
 139.261622,   34.854505,      -17.44,
 139.266126,   34.854505,      -17.57,
 139.270631,   34.854505,      -17.70,
 139.275135,   34.854505,      -17.81,
 139.279640,   34.854505,      -17.92,
 139.284144,   34.854505,      -18.03,
 139.288649,   34.854505,      -18.12,
 139.293153,   34.854505,      -18.21,
 139.297658,   34.854505,      -18.30,
 139.302162,   34.854505,      -18.38,
 139.306667,   34.854505,      -18.47,
 139.311171,   34.854505,      -18.56,
 139.315676,   34.854505,      -18.65,
 139.320180,   34.854505,      -18.74,
 139.324685,   34.854505,      -18.83,
 139.329189,   34.854505,      -18.92,
 139.333694,   34.854505,      -19.01,
 139.338198,   34.854505,      -19.11,
 139.342703,   34.854505,      -19.20,
 139.347207,   34.854505,      -19.48,
 139.351712,   34.854505,      -19.82,
 139.356216,   34.854505,      -20.13,
 139.360721,   34.854505,      -20.41,
 139.365225,   34.854505,      -20.65,
 139.369730,   34.854505,      -20.87,
 139.374234,   34.854505,      -21.05,
 139.378739,   34.854505,      -21.10,
 139.383243,   34.854505,      -21.09,
 139.387748,   34.854505,      -21.09,
 139.392252,   34.854505,      -21.10,
 139.396757,   34.854505,      -21.11,
 139.401261,   34.854505,      -21.13,
 139.405766,   34.854505,      -21.17,
 139.410270,   34.854505,      -21.24,
 139.414775,   34.854505,      -21.33,
 139.419279,   34.854505,      -21.42,
 139.423784,   34.854505,      -21.52,
 139.428288,   34.854505,      -21.62,
 139.432793,   34.854505,      -21.73,
 139.437297,   34.854505,      -21.81,
 139.441802,   34.854505,      -21.88,
 139.446306,   34.854505,      -21.95,
 139.450811,   34.854505,      -22.05,
 139.455315,   34.854505,      -22.17,
 139.459820,   34.854505,      -22.31,
 139.464324,   34.854505,      -22.48,
 139.468829,   34.854505,      -22.69,
 139.473333,   34.854505,      -22.93,
 139.477838,   34.854505,      -23.20,
 139.482342,   34.854505,      -23.51,
 139.486847,   34.854505,      -23.79,
 139.491351,   34.854505,      -24.04,
 139.495856,   34.854505,      -24.30,
 139.500360,   34.854505,      -24.56,
 139.504865,   34.854505,      -24.84,
 139.509369,   34.854505,      -25.14,
 139.513874,   34.854505,      -25.46,
 139.518378,   34.854505,      -25.78,
 139.522883,   34.854505,      -26.01,
 139.527387,   34.854505,      -26.24,
 139.531892,   34.854505,      -26.48,
 139.536396,   34.854505,      -26.72,
 139.540901,   34.854505,      -26.96,
 139.545405,   34.854505,      -27.21,
 139.549910,   34.854505,      -27.46,
 139.554414,   34.854505,      -27.72,
 139.558919,   34.854505,      -27.96,
 139.563423,   34.854505,      -28.17,
 139.567928,   34.854505,      -28.16,
 139.572432,   34.854505,      -28.13,
 139.576937,   34.854505,      -28.09,
 139.581441,   34.854505,      -28.05,
 139.585946,   34.854505,      -27.99,
 139.590450,   34.854505,      -27.93,
 139.594955,   34.854505,      -27.84,
 139.599459,   34.854505,      -27.73,
 139.603964,   34.854505,      -27.59,
 139.608468,   34.854505,      -27.33,
 139.612973,   34.854505,      -26.91,
 139.617477,   34.854505,      -26.53,
 139.621982,   34.854505,      -26.14,
 139.626486,   34.854505,      -25.70,
 139.630991,   34.854505,      -25.34,
 139.635495,   34.854505,      -25.33,
 139.640000,   34.854505,      -25.23,
 139.644505,   34.854505,      -25.09,
 139.649009,   34.854505,      -24.99,
 139.653514,   34.854505,      -24.84,
 139.658018,   34.854505,      -24.67,
 139.662523,   34.854505,      -24.50,
 139.667027,   34.854505,      -24.33,
 139.671532,   34.854505,      -24.19,
 139.676036,   34.854505,      -24.05,
 139.680541,   34.854505,      -23.90,
 139.685045,   34.854505,      -23.44,
 139.689550,   34.854505,      -22.91,
 139.694054,   34.854505,      -22.52,
 139.698559,   34.854505,      -22.26,
 139.703063,   34.854505,      -22.06,
 139.707568,   34.854505,      -21.83,
 139.712072,   34.854505,      -21.63,
 139.716577,   34.854505,      -21.43,
 139.721081,   34.854505,      -21.32,
 139.725586,   34.854505,      -21.27,
 139.730090,   34.854505,      -21.17,
 139.734595,   34.854505,      -21.16,
 139.739099,   34.854505,      -21.55,
 139.743604,   34.854505,      -21.58,
 139.748108,   34.854505,      -21.75,
 139.752613,   34.854505,      -22.19,
 139.757117,   34.854505,      -21.77,
 139.761622,   34.854505,      -21.20,
 139.766126,   34.854505,      -20.21,
 139.770631,   34.854505,      -19.00,
 139.775135,   34.854505,      -18.26,
 139.779640,   34.854505,      -17.22,
 139.784144,   34.854505,      -15.95,
 139.788649,   34.854505,      -14.74,
 139.793153,   34.854505,      -14.03,
 139.797658,   34.854505,      -12.90,
 139.802162,   34.854505,      -11.75,
 139.806667,   34.854505,      -10.75,
 139.811171,   34.854505,       -9.54,
 139.815676,   34.854505,       -8.64,
 139.820180,   34.854505,       -7.78,
 139.824685,   34.854505,       -7.33,
 139.829189,   34.854505,       -7.12,
 139.833694,   34.854505,       -6.87,
 139.838198,   34.854505,       -7.03,
 139.842703,   34.854505,       -7.28,
 139.847207,   34.854505,       -7.55,
 139.851712,   34.854505,       -8.32,
 139.856216,   34.854505,       -9.12,
 139.860721,   34.854505,       -9.94,
 139.865225,   34.854505,      -10.86,
 139.869730,   34.854505,      -11.66,
 139.874234,   34.854505,      -12.37,
 139.878739,   34.854505,      -12.87,
 139.883243,   34.854505,      -13.33,
 139.887748,   34.854505,      -13.76,
 139.892252,   34.854505,      -14.22,
 139.896757,   34.854505,      -14.76,
 139.901261,   34.854505,      -15.26,
 139.905766,   34.854505,      -15.60,
 139.910270,   34.854505,      -15.88,
 139.914775,   34.854505,      -16.13,
 139.919279,   34.854505,      -16.36,
 139.923784,   34.854505,      -16.43,
 139.928288,   34.854505,      -16.44,
 139.932793,   34.854505,      -16.43,
 139.937297,   34.854505,      -16.29,
 139.941802,   34.854505,      -16.13,
 139.946306,   34.854505,      -16.00,
 139.950811,   34.854505,      -15.88,
 139.955315,   34.854505,      -15.77,
 139.959820,   34.854505,      -15.74,
 139.964324,   34.854505,      -15.49,
 139.968829,   34.854505,      -15.14,
 139.973333,   34.854505,      -14.80,
 139.977838,   34.854505,      -14.57,
 139.982342,   34.854505,      -14.38,
 139.986847,   34.854505,      -14.23,
 139.991351,   34.854505,      -14.09,
 139.995856,   34.854505,      -13.97,
 140.000360,   34.854505,      -13.87,
 140.004865,   34.854505,      -13.77,
 140.009369,   34.854505,      -13.67,
 140.013874,   34.854505,      -13.58,
 140.018378,   34.854505,      -13.48,
 140.022883,   34.854505,      -13.40,
 140.027387,   34.854505,      -13.42,
 140.031892,   34.854505,      -13.46,
 140.036396,   34.854505,      -13.50,
 140.040901,   34.854505,      -13.55,
 140.045405,   34.854505,      -13.60,
 140.049910,   34.854505,      -13.64,
 140.054414,   34.854505,      -13.66,
 140.058919,   34.854505,      -13.68,
 140.063423,   34.854505,      -13.70,
 140.067928,   34.854505,      -13.72,
 140.072432,   34.854505,      -13.74,
 140.076937,   34.854505,      -13.76,
 140.081441,   34.854505,      -13.78,
 140.085946,   34.854505,      -13.81,
 140.090450,   34.854505,      -13.83,
 140.094955,   34.854505,      -13.84,
 140.099459,   34.854505,      -13.86,
 140.103964,   34.854505,      -13.87,
 140.108468,   34.854505,      -13.89,
 140.112973,   34.854505,      -13.90,
 140.117477,   34.854505,      -13.92,
 140.121982,   34.854505,      -13.93,
 140.126486,   34.854505,      -13.93,
 140.130991,   34.854505,      -13.92,
 140.135495,   34.854505,      -13.91,
 140.140000,   34.854505,      -13.90,
 140.144505,   34.854505,      -13.89,
 140.149009,   34.854505,      -13.87,
 140.153514,   34.854505,      -13.86,
 140.158018,   34.854505,      -13.85,
 140.162523,   34.854505,      -13.85,
 140.167027,   34.854505,      -13.84,
 140.171532,   34.854505,      -13.84,
 140.176036,   34.854505,      -13.84,
 140.180541,   34.854505,      -13.84,
 140.185045,   34.854505,      -13.83,
 140.189550,   34.854505,      -13.84,
 140.194054,   34.854505,      -13.86,
 140.198559,   34.854505,      -13.90,
 140.203063,   34.854505,      -13.94,
 140.207568,   34.854505,      -13.99,
 140.212072,   34.854505,      -14.05,
 140.216577,   34.854505,      -14.11,
 140.221081,   34.854505,      -14.18,
 140.225586,   34.854505,      -14.26,
 140.230090,   34.854505,      -14.35,
 140.234595,   34.854505,      -14.45,
 140.239099,   34.854505,      -14.55,
 140.243604,   34.854505,      -14.66,
 140.248108,   34.854505,      -14.78,
 140.252613,   34.854505,      -14.91,
 140.257117,   34.854505,      -15.04,
 140.261622,   34.854505,      -15.19,
 140.266126,   34.854505,      -15.34,
 140.270631,   34.854505,      -15.50,
 140.275135,   34.854505,      -15.48,
 140.279640,   34.854505,      -15.44,
 140.284144,   34.854505,      -15.25,
 140.288649,   34.854505,      -15.02,
 140.293153,   34.854505,      -14.78,
 140.297658,   34.854505,      -14.52,
 140.302162,   34.854505,      -14.26,
 140.306667,   34.854505,      -13.99,
 140.311171,   34.854505,      -13.70,
 140.315676,   34.854505,      -13.41,
 140.320180,   34.854505,      -13.10,
 140.324685,   34.854505,      -12.79,
 140.329189,   34.854505,      -12.46,
 140.333694,   34.854505,      -12.12,
 140.338198,   34.854505,      -11.77,
 140.342703,   34.854505,      -11.41,
 140.347207,   34.854505,      -11.04,
 140.351712,   34.854505,      -10.66,
 140.356216,   34.854505,      -10.27,
 140.360721,   34.854505,      -10.05,
 140.365225,   34.854505,       -9.96,
 140.369730,   34.854505,       -9.86,
 140.374234,   34.854505,       -9.77,
 140.378739,   34.854505,       -9.73,
 140.383243,   34.854505,       -9.80,
 140.387748,   34.854505,       -9.88,
 139.140000,   34.859009,      -19.48,
 139.144505,   34.859009,      -19.70,
 139.149009,   34.859009,      -19.91,
 139.153514,   34.859009,      -19.84,
 139.158018,   34.859009,      -19.77,
 139.162523,   34.859009,      -19.70,
 139.167027,   34.859009,      -19.63,
 139.171532,   34.859009,      -19.41,
 139.176036,   34.859009,      -19.16,
 139.180541,   34.859009,      -18.91,
 139.185045,   34.859009,      -18.67,
 139.189550,   34.859009,      -18.44,
 139.194054,   34.859009,      -18.21,
 139.198559,   34.859009,      -17.99,
 139.203063,   34.859009,      -17.78,
 139.207568,   34.859009,      -17.58,
 139.212072,   34.859009,      -17.39,
 139.216577,   34.859009,      -17.20,
 139.221081,   34.859009,      -17.02,
 139.225586,   34.859009,      -16.85,
 139.230090,   34.859009,      -16.73,
 139.234595,   34.859009,      -16.71,
 139.239099,   34.859009,      -16.68,
 139.243604,   34.859009,      -16.84,
 139.248108,   34.859009,      -17.00,
 139.252613,   34.859009,      -17.15,
 139.257117,   34.859009,      -17.29,
 139.261622,   34.859009,      -17.43,
 139.266126,   34.859009,      -17.56,
 139.270631,   34.859009,      -17.68,
 139.275135,   34.859009,      -17.80,
 139.279640,   34.859009,      -17.91,
 139.284144,   34.859009,      -18.01,
 139.288649,   34.859009,      -18.10,
 139.293153,   34.859009,      -18.19,
 139.297658,   34.859009,      -18.27,
 139.302162,   34.859009,      -18.35,
 139.306667,   34.859009,      -18.44,
 139.311171,   34.859009,      -18.52,
 139.315676,   34.859009,      -18.61,
 139.320180,   34.859009,      -18.71,
 139.324685,   34.859009,      -18.80,
 139.329189,   34.859009,      -18.89,
 139.333694,   34.859009,      -18.98,
 139.338198,   34.859009,      -19.07,
 139.342703,   34.859009,      -19.17,
 139.347207,   34.859009,      -19.27,
 139.351712,   34.859009,      -19.60,
 139.356216,   34.859009,      -19.89,
 139.360721,   34.859009,      -20.15,
 139.365225,   34.859009,      -20.39,
 139.369730,   34.859009,      -20.59,
 139.374234,   34.859009,      -20.80,
 139.378739,   34.859009,      -20.92,
 139.383243,   34.859009,      -20.96,
 139.387748,   34.859009,      -20.99,
 139.392252,   34.859009,      -21.02,
 139.396757,   34.859009,      -21.06,
 139.401261,   34.859009,      -21.10,
 139.405766,   34.859009,      -21.14,
 139.410270,   34.859009,      -21.20,
 139.414775,   34.859009,      -21.30,
 139.419279,   34.859009,      -21.40,
 139.423784,   34.859009,      -21.50,
 139.428288,   34.859009,      -21.61,
 139.432793,   34.859009,      -21.72,
 139.437297,   34.859009,      -21.82,
 139.441802,   34.859009,      -21.91,
 139.446306,   34.859009,      -21.98,
 139.450811,   34.859009,      -22.10,
 139.455315,   34.859009,      -22.21,
 139.459820,   34.859009,      -22.34,
 139.464324,   34.859009,      -22.50,
 139.468829,   34.859009,      -22.68,
 139.473333,   34.859009,      -22.90,
 139.477838,   34.859009,      -23.14,
 139.482342,   34.859009,      -23.41,
 139.486847,   34.859009,      -23.64,
 139.491351,   34.859009,      -23.87,
 139.495856,   34.859009,      -24.11,
 139.500360,   34.859009,      -24.37,
 139.504865,   34.859009,      -24.64,
 139.509369,   34.859009,      -24.92,
 139.513874,   34.859009,      -25.19,
 139.518378,   34.859009,      -25.39,
 139.522883,   34.859009,      -25.59,
 139.527387,   34.859009,      -25.81,
 139.531892,   34.859009,      -26.05,
 139.536396,   34.859009,      -26.28,
 139.540901,   34.859009,      -26.53,
 139.545405,   34.859009,      -26.77,
 139.549910,   34.859009,      -27.01,
 139.554414,   34.859009,      -27.23,
 139.558919,   34.859009,      -27.42,
 139.563423,   34.859009,      -27.54,
 139.567928,   34.859009,      -27.49,
 139.572432,   34.859009,      -27.42,
 139.576937,   34.859009,      -27.35,
 139.581441,   34.859009,      -27.26,
 139.585946,   34.859009,      -27.15,
 139.590450,   34.859009,      -27.01,
 139.594955,   34.859009,      -26.85,
 139.599459,   34.859009,      -26.68,
 139.603964,   34.859009,      -26.50,
 139.608468,   34.859009,      -26.22,
 139.612973,   34.859009,      -25.91,
 139.617477,   34.859009,      -25.66,
 139.621982,   34.859009,      -25.40,
 139.626486,   34.859009,      -25.17,
 139.630991,   34.859009,      -25.09,
 139.635495,   34.859009,      -24.97,
 139.640000,   34.859009,      -24.80,
 139.644505,   34.859009,      -24.58,
 139.649009,   34.859009,      -24.32,
 139.653514,   34.859009,      -24.16,
 139.658018,   34.859009,      -24.00,
 139.662523,   34.859009,      -23.84,
 139.667027,   34.859009,      -23.69,
 139.671532,   34.859009,      -23.54,
 139.676036,   34.859009,      -23.39,
 139.680541,   34.859009,      -23.21,
 139.685045,   34.859009,      -22.95,
 139.689550,   34.859009,      -22.58,
 139.694054,   34.859009,      -22.36,
 139.698559,   34.859009,      -22.23,
 139.703063,   34.859009,      -21.86,
 139.707568,   34.859009,      -21.66,
 139.712072,   34.859009,      -21.52,
 139.716577,   34.859009,      -21.21,
 139.721081,   34.859009,      -21.04,
 139.725586,   34.859009,      -20.97,
 139.730090,   34.859009,      -20.57,
 139.734595,   34.859009,      -20.37,
 139.739099,   34.859009,      -20.10,
 139.743604,   34.859009,      -19.71,
 139.748108,   34.859009,      -19.29,
 139.752613,   34.859009,      -18.81,
 139.757117,   34.859009,      -18.32,
 139.761622,   34.859009,      -17.52,
 139.766126,   34.859009,      -16.39,
 139.770631,   34.859009,      -15.26,
 139.775135,   34.859009,      -14.48,
 139.779640,   34.859009,      -13.55,
 139.784144,   34.859009,      -12.48,
 139.788649,   34.859009,      -11.85,
 139.793153,   34.859009,      -11.14,
 139.797658,   34.859009,      -10.29,
 139.802162,   34.859009,       -9.74,
 139.806667,   34.859009,       -8.90,
 139.811171,   34.859009,       -8.34,
 139.815676,   34.859009,       -7.85,
 139.820180,   34.859009,       -7.22,
 139.824685,   34.859009,       -6.96,
 139.829189,   34.859009,       -6.75,
 139.833694,   34.859009,       -6.70,
 139.838198,   34.859009,       -6.80,
 139.842703,   34.859009,       -7.03,
 139.847207,   34.859009,       -7.59,
 139.851712,   34.859009,       -8.27,
 139.856216,   34.859009,       -9.13,
 139.860721,   34.859009,      -10.23,
 139.865225,   34.859009,      -11.26,
 139.869730,   34.859009,      -12.02,
 139.874234,   34.859009,      -12.75,
 139.878739,   34.859009,      -13.33,
 139.883243,   34.859009,      -13.83,
 139.887748,   34.859009,      -14.29,
 139.892252,   34.859009,      -14.71,
 139.896757,   34.859009,      -15.18,
 139.901261,   34.859009,      -15.57,
 139.905766,   34.859009,      -15.86,
 139.910270,   34.859009,      -16.14,
 139.914775,   34.859009,      -16.39,
 139.919279,   34.859009,      -16.64,
 139.923784,   34.859009,      -16.73,
 139.928288,   34.859009,      -16.72,
 139.932793,   34.859009,      -16.69,
 139.937297,   34.859009,      -16.45,
 139.941802,   34.859009,      -16.26,
 139.946306,   34.859009,      -16.07,
 139.950811,   34.859009,      -15.90,
 139.955315,   34.859009,      -15.76,
 139.959820,   34.859009,      -15.63,
 139.964324,   34.859009,      -15.44,
 139.968829,   34.859009,      -15.20,
 139.973333,   34.859009,      -14.91,
 139.977838,   34.859009,      -14.67,
 139.982342,   34.859009,      -14.46,
 139.986847,   34.859009,      -14.28,
 139.991351,   34.859009,      -14.13,
 139.995856,   34.859009,      -14.03,
 140.000360,   34.859009,      -13.95,
 140.004865,   34.859009,      -13.86,
 140.009369,   34.859009,      -13.76,
 140.013874,   34.859009,      -13.67,
 140.018378,   34.859009,      -13.59,
 140.022883,   34.859009,      -13.53,
 140.027387,   34.859009,      -13.52,
 140.031892,   34.859009,      -13.54,
 140.036396,   34.859009,      -13.57,
 140.040901,   34.859009,      -13.62,
 140.045405,   34.859009,      -13.66,
 140.049910,   34.859009,      -13.69,
 140.054414,   34.859009,      -13.71,
 140.058919,   34.859009,      -13.71,
 140.063423,   34.859009,      -13.72,
 140.067928,   34.859009,      -13.74,
 140.072432,   34.859009,      -13.76,
 140.076937,   34.859009,      -13.78,
 140.081441,   34.859009,      -13.81,
 140.085946,   34.859009,      -13.83,
 140.090450,   34.859009,      -13.85,
 140.094955,   34.859009,      -13.86,
 140.099459,   34.859009,      -13.87,
 140.103964,   34.859009,      -13.89,
 140.108468,   34.859009,      -13.90,
 140.112973,   34.859009,      -13.92,
 140.117477,   34.859009,      -13.94,
 140.121982,   34.859009,      -13.95,
 140.126486,   34.859009,      -13.96,
 140.130991,   34.859009,      -13.95,
 140.135495,   34.859009,      -13.94,
 140.140000,   34.859009,      -13.92,
 140.144505,   34.859009,      -13.91,
 140.149009,   34.859009,      -13.90,
 140.153514,   34.859009,      -13.88,
 140.158018,   34.859009,      -13.87,
 140.162523,   34.859009,      -13.86,
 140.167027,   34.859009,      -13.85,
 140.171532,   34.859009,      -13.85,
 140.176036,   34.859009,      -13.85,
 140.180541,   34.859009,      -13.84,
 140.185045,   34.859009,      -13.84,
 140.189550,   34.859009,      -13.86,
 140.194054,   34.859009,      -13.88,
 140.198559,   34.859009,      -13.91,
 140.203063,   34.859009,      -13.95,
 140.207568,   34.859009,      -14.00,
 140.212072,   34.859009,      -14.05,
 140.216577,   34.859009,      -14.12,
 140.221081,   34.859009,      -14.19,
 140.225586,   34.859009,      -14.27,
 140.230090,   34.859009,      -14.35,
 140.234595,   34.859009,      -14.44,
 140.239099,   34.859009,      -14.55,
 140.243604,   34.859009,      -14.66,
 140.248108,   34.859009,      -14.77,
 140.252613,   34.859009,      -14.90,
 140.257117,   34.859009,      -15.03,
 140.261622,   34.859009,      -15.17,
 140.266126,   34.859009,      -15.32,
 140.270631,   34.859009,      -15.34,
 140.275135,   34.859009,      -15.31,
 140.279640,   34.859009,      -15.14,
 140.284144,   34.859009,      -14.92,
 140.288649,   34.859009,      -14.69,
 140.293153,   34.859009,      -14.45,
 140.297658,   34.859009,      -14.20,
 140.302162,   34.859009,      -13.93,
 140.306667,   34.859009,      -13.66,
 140.311171,   34.859009,      -13.38,
 140.315676,   34.859009,      -13.08,
 140.320180,   34.859009,      -12.78,
 140.324685,   34.859009,      -12.46,
 140.329189,   34.859009,      -12.14,
 140.333694,   34.859009,      -11.80,
 140.338198,   34.859009,      -11.45,
 140.342703,   34.859009,      -11.09,
 140.347207,   34.859009,      -10.72,
 140.351712,   34.859009,      -10.34,
 140.356216,   34.859009,      -10.11,
 140.360721,   34.859009,      -10.02,
 140.365225,   34.859009,       -9.92,
 140.369730,   34.859009,       -9.83,
 140.374234,   34.859009,       -9.81,
 140.378739,   34.859009,       -9.88,
 140.383243,   34.859009,       -9.95,
 140.387748,   34.859009,      -10.03,
 139.140000,   34.863514,      -19.24,
 139.144505,   34.863514,      -19.46,
 139.149009,   34.863514,      -19.68,
 139.153514,   34.863514,      -19.89,
 139.158018,   34.863514,      -19.87,
 139.162523,   34.863514,      -19.80,
 139.167027,   34.863514,      -19.73,
 139.171532,   34.863514,      -19.66,
 139.176036,   34.863514,      -19.45,
 139.180541,   34.863514,      -19.20,
 139.185045,   34.863514,      -18.96,
 139.189550,   34.863514,      -18.73,
 139.194054,   34.863514,      -18.50,
 139.198559,   34.863514,      -18.28,
 139.203063,   34.863514,      -18.07,
 139.207568,   34.863514,      -17.87,
 139.212072,   34.863514,      -17.68,
 139.216577,   34.863514,      -17.49,
 139.221081,   34.863514,      -17.31,
 139.225586,   34.863514,      -17.14,
 139.230090,   34.863514,      -16.97,
 139.234595,   34.863514,      -16.86,
 139.239099,   34.863514,      -16.84,
 139.243604,   34.863514,      -16.84,
 139.248108,   34.863514,      -17.00,
 139.252613,   34.863514,      -17.15,
 139.257117,   34.863514,      -17.29,
 139.261622,   34.863514,      -17.42,
 139.266126,   34.863514,      -17.55,
 139.270631,   34.863514,      -17.67,
 139.275135,   34.863514,      -17.79,
 139.279640,   34.863514,      -17.89,
 139.284144,   34.863514,      -17.99,
 139.288649,   34.863514,      -18.09,
 139.293153,   34.863514,      -18.18,
 139.297658,   34.863514,      -18.26,
 139.302162,   34.863514,      -18.33,
 139.306667,   34.863514,      -18.40,
 139.311171,   34.863514,      -18.49,
 139.315676,   34.863514,      -18.58,
 139.320180,   34.863514,      -18.67,
 139.324685,   34.863514,      -18.76,
 139.329189,   34.863514,      -18.86,
 139.333694,   34.863514,      -18.95,
 139.338198,   34.863514,      -19.04,
 139.342703,   34.863514,      -19.14,
 139.347207,   34.863514,      -19.23,
 139.351712,   34.863514,      -19.40,
 139.356216,   34.863514,      -19.68,
 139.360721,   34.863514,      -19.93,
 139.365225,   34.863514,      -20.16,
 139.369730,   34.863514,      -20.38,
 139.374234,   34.863514,      -20.56,
 139.378739,   34.863514,      -20.70,
 139.383243,   34.863514,      -20.79,
 139.387748,   34.863514,      -20.85,
 139.392252,   34.863514,      -20.90,
 139.396757,   34.863514,      -20.97,
 139.401261,   34.863514,      -21.04,
 139.405766,   34.863514,      -21.11,
 139.410270,   34.863514,      -21.17,
 139.414775,   34.863514,      -21.27,
 139.419279,   34.863514,      -21.36,
 139.423784,   34.863514,      -21.47,
 139.428288,   34.863514,      -21.58,
 139.432793,   34.863514,      -21.69,
 139.437297,   34.863514,      -21.82,
 139.441802,   34.863514,      -21.93,
 139.446306,   34.863514,      -22.02,
 139.450811,   34.863514,      -22.11,
 139.455315,   34.863514,      -22.21,
 139.459820,   34.863514,      -22.33,
 139.464324,   34.863514,      -22.47,
 139.468829,   34.863514,      -22.64,
 139.473333,   34.863514,      -22.84,
 139.477838,   34.863514,      -23.05,
 139.482342,   34.863514,      -23.23,
 139.486847,   34.863514,      -23.43,
 139.491351,   34.863514,      -23.64,
 139.495856,   34.863514,      -23.88,
 139.500360,   34.863514,      -24.13,
 139.504865,   34.863514,      -24.38,
 139.509369,   34.863514,      -24.63,
 139.513874,   34.863514,      -24.83,
 139.518378,   34.863514,      -25.00,
 139.522883,   34.863514,      -25.18,
 139.527387,   34.863514,      -25.39,
 139.531892,   34.863514,      -25.61,
 139.536396,   34.863514,      -25.84,
 139.540901,   34.863514,      -26.08,
 139.545405,   34.863514,      -26.31,
 139.549910,   34.863514,      -26.51,
 139.554414,   34.863514,      -26.70,
 139.558919,   34.863514,      -26.85,
 139.563423,   34.863514,      -26.92,
 139.567928,   34.863514,      -26.86,
 139.572432,   34.863514,      -26.76,
 139.576937,   34.863514,      -26.65,
 139.581441,   34.863514,      -26.51,
 139.585946,   34.863514,      -26.35,
 139.590450,   34.863514,      -26.16,
 139.594955,   34.863514,      -25.93,
 139.599459,   34.863514,      -25.68,
 139.603964,   34.863514,      -25.43,
 139.608468,   34.863514,      -25.21,
 139.612973,   34.863514,      -25.09,
 139.617477,   34.863514,      -25.01,
 139.621982,   34.863514,      -24.94,
 139.626486,   34.863514,      -24.93,
 139.630991,   34.863514,      -24.94,
 139.635495,   34.863514,      -24.81,
 139.640000,   34.863514,      -24.55,
 139.644505,   34.863514,      -24.24,
 139.649009,   34.863514,      -23.85,
 139.653514,   34.863514,      -23.51,
 139.658018,   34.863514,      -23.37,
 139.662523,   34.863514,      -23.22,
 139.667027,   34.863514,      -23.06,
 139.671532,   34.863514,      -22.90,
 139.676036,   34.863514,      -22.70,
 139.680541,   34.863514,      -22.43,
 139.685045,   34.863514,      -22.13,
 139.689550,   34.863514,      -21.90,
 139.694054,   34.863514,      -21.70,
 139.698559,   34.863514,      -21.47,
 139.703063,   34.863514,      -21.22,
 139.707568,   34.863514,      -21.02,
 139.712072,   34.863514,      -20.80,
 139.716577,   34.863514,      -20.53,
 139.721081,   34.863514,      -20.27,
 139.725586,   34.863514,      -19.87,
 139.730090,   34.863514,      -19.43,
 139.734595,   34.863514,      -19.06,
 139.739099,   34.863514,      -18.45,
 139.743604,   34.863514,      -17.76,
 139.748108,   34.863514,      -17.16,
 139.752613,   34.863514,      -16.45,
 139.757117,   34.863514,      -15.61,
 139.761622,   34.863514,      -14.66,
 139.766126,   34.863514,      -13.51,
 139.770631,   34.863514,      -12.43,
 139.775135,   34.863514,      -11.77,
 139.779640,   34.863514,      -10.82,
 139.784144,   34.863514,      -10.15,
 139.788649,   34.863514,       -9.73,
 139.793153,   34.863514,       -8.99,
 139.797658,   34.863514,       -8.63,
 139.802162,   34.863514,       -8.15,
 139.806667,   34.863514,       -7.64,
 139.811171,   34.863514,       -7.41,
 139.815676,   34.863514,       -7.04,
 139.820180,   34.863514,       -6.83,
 139.824685,   34.863514,       -6.63,
 139.829189,   34.863514,       -6.49,
 139.833694,   34.863514,       -6.57,
 139.838198,   34.863514,       -6.66,
 139.842703,   34.863514,       -7.00,
 139.847207,   34.863514,       -7.64,
 139.851712,   34.863514,       -8.31,
 139.856216,   34.863514,       -9.36,
 139.860721,   34.863514,      -10.56,
 139.865225,   34.863514,      -11.73,
 139.869730,   34.863514,      -12.47,
 139.874234,   34.863514,      -13.16,
 139.878739,   34.863514,      -13.75,
 139.883243,   34.863514,      -14.31,
 139.887748,   34.863514,      -14.75,
 139.892252,   34.863514,      -15.14,
 139.896757,   34.863514,      -15.52,
 139.901261,   34.863514,      -15.79,
 139.905766,   34.863514,      -16.07,
 139.910270,   34.863514,      -16.29,
 139.914775,   34.863514,      -16.49,
 139.919279,   34.863514,      -16.75,
 139.923784,   34.863514,      -16.74,
 139.928288,   34.863514,      -16.63,
 139.932793,   34.863514,      -16.54,
 139.937297,   34.863514,      -16.42,
 139.941802,   34.863514,      -16.24,
 139.946306,   34.863514,      -16.01,
 139.950811,   34.863514,      -15.80,
 139.955315,   34.863514,      -15.63,
 139.959820,   34.863514,      -15.46,
 139.964324,   34.863514,      -15.25,
 139.968829,   34.863514,      -15.05,
 139.973333,   34.863514,      -14.88,
 139.977838,   34.863514,      -14.68,
 139.982342,   34.863514,      -14.46,
 139.986847,   34.863514,      -14.25,
 139.991351,   34.863514,      -14.10,
 139.995856,   34.863514,      -14.04,
 140.000360,   34.863514,      -14.00,
 140.004865,   34.863514,      -13.94,
 140.009369,   34.863514,      -13.85,
 140.013874,   34.863514,      -13.76,
 140.018378,   34.863514,      -13.69,
 140.022883,   34.863514,      -13.64,
 140.027387,   34.863514,      -13.62,
 140.031892,   34.863514,      -13.63,
 140.036396,   34.863514,      -13.65,
 140.040901,   34.863514,      -13.68,
 140.045405,   34.863514,      -13.71,
 140.049910,   34.863514,      -13.73,
 140.054414,   34.863514,      -13.73,
 140.058919,   34.863514,      -13.72,
 140.063423,   34.863514,      -13.72,
 140.067928,   34.863514,      -13.73,
 140.072432,   34.863514,      -13.75,
 140.076937,   34.863514,      -13.78,
 140.081441,   34.863514,      -13.81,
 140.085946,   34.863514,      -13.85,
 140.090450,   34.863514,      -13.86,
 140.094955,   34.863514,      -13.86,
 140.099459,   34.863514,      -13.87,
 140.103964,   34.863514,      -13.89,
 140.108468,   34.863514,      -13.91,
 140.112973,   34.863514,      -13.93,
 140.117477,   34.863514,      -13.95,
 140.121982,   34.863514,      -13.98,
 140.126486,   34.863514,      -13.98,
 140.130991,   34.863514,      -13.98,
 140.135495,   34.863514,      -13.96,
 140.140000,   34.863514,      -13.95,
 140.144505,   34.863514,      -13.93,
 140.149009,   34.863514,      -13.92,
 140.153514,   34.863514,      -13.90,
 140.158018,   34.863514,      -13.89,
 140.162523,   34.863514,      -13.88,
 140.167027,   34.863514,      -13.87,
 140.171532,   34.863514,      -13.86,
 140.176036,   34.863514,      -13.85,
 140.180541,   34.863514,      -13.85,
 140.185045,   34.863514,      -13.86,
 140.189550,   34.863514,      -13.87,
 140.194054,   34.863514,      -13.89,
 140.198559,   34.863514,      -13.92,
 140.203063,   34.863514,      -13.96,
 140.207568,   34.863514,      -14.00,
 140.212072,   34.863514,      -14.06,
 140.216577,   34.863514,      -14.12,
 140.221081,   34.863514,      -14.18,
 140.225586,   34.863514,      -14.26,
 140.230090,   34.863514,      -14.34,
 140.234595,   34.863514,      -14.43,
 140.239099,   34.863514,      -14.53,
 140.243604,   34.863514,      -14.64,
 140.248108,   34.863514,      -14.76,
 140.252613,   34.863514,      -14.88,
 140.257117,   34.863514,      -15.01,
 140.261622,   34.863514,      -15.15,
 140.266126,   34.863514,      -15.21,
 140.270631,   34.863514,      -15.18,
 140.275135,   34.863514,      -15.03,
 140.279640,   34.863514,      -14.82,
 140.284144,   34.863514,      -14.60,
 140.288649,   34.863514,      -14.37,
 140.293153,   34.863514,      -14.13,
 140.297658,   34.863514,      -13.88,
 140.302162,   34.863514,      -13.62,
 140.306667,   34.863514,      -13.35,
 140.311171,   34.863514,      -13.06,
 140.315676,   34.863514,      -12.77,
 140.320180,   34.863514,      -12.47,
 140.324685,   34.863514,      -12.15,
 140.329189,   34.863514,      -11.82,
 140.333694,   34.863514,      -11.49,
 140.338198,   34.863514,      -11.14,
 140.342703,   34.863514,      -10.78,
 140.347207,   34.863514,      -10.41,
 140.351712,   34.863514,      -10.17,
 140.356216,   34.863514,      -10.08,
 140.360721,   34.863514,       -9.98,
 140.365225,   34.863514,       -9.89,
 140.369730,   34.863514,       -9.89,
 140.374234,   34.863514,       -9.95,
 140.378739,   34.863514,      -10.02,
 140.383243,   34.863514,      -10.09,
 140.387748,   34.863514,      -10.17,
 139.140000,   34.868018,      -19.00,
 139.144505,   34.868018,      -19.22,
 139.149009,   34.868018,      -19.44,
 139.153514,   34.868018,      -19.65,
 139.158018,   34.868018,      -19.86,
 139.162523,   34.868018,      -19.90,
 139.167027,   34.868018,      -19.83,
 139.171532,   34.868018,      -19.76,
 139.176036,   34.868018,      -19.69,
 139.180541,   34.868018,      -19.48,
 139.185045,   34.868018,      -19.24,
 139.189550,   34.868018,      -19.01,
 139.194054,   34.868018,      -18.78,
 139.198559,   34.868018,      -18.56,
 139.203063,   34.868018,      -18.35,
 139.207568,   34.868018,      -18.15,
 139.212072,   34.868018,      -17.96,
 139.216577,   34.868018,      -17.77,
 139.221081,   34.868018,      -17.59,
 139.225586,   34.868018,      -17.42,
 139.230090,   34.868018,      -17.25,
 139.234595,   34.868018,      -17.10,
 139.239099,   34.868018,      -16.99,
 139.243604,   34.868018,      -16.97,
 139.248108,   34.868018,      -17.00,
 139.252613,   34.868018,      -17.15,
 139.257117,   34.868018,      -17.29,
 139.261622,   34.868018,      -17.42,
 139.266126,   34.868018,      -17.55,
 139.270631,   34.868018,      -17.67,
 139.275135,   34.868018,      -17.78,
 139.279640,   34.868018,      -17.89,
 139.284144,   34.868018,      -17.99,
 139.288649,   34.868018,      -18.08,
 139.293153,   34.868018,      -18.17,
 139.297658,   34.868018,      -18.25,
 139.302162,   34.868018,      -18.32,
 139.306667,   34.868018,      -18.39,
 139.311171,   34.868018,      -18.46,
 139.315676,   34.868018,      -18.55,
 139.320180,   34.868018,      -18.64,
 139.324685,   34.868018,      -18.73,
 139.329189,   34.868018,      -18.82,
 139.333694,   34.868018,      -18.92,
 139.338198,   34.868018,      -19.01,
 139.342703,   34.868018,      -19.10,
 139.347207,   34.868018,      -19.20,
 139.351712,   34.868018,      -19.29,
 139.356216,   34.868018,      -19.50,
 139.360721,   34.868018,      -19.73,
 139.365225,   34.868018,      -19.96,
 139.369730,   34.868018,      -20.17,
 139.374234,   34.868018,      -20.34,
 139.378739,   34.868018,      -20.48,
 139.383243,   34.868018,      -20.59,
 139.387748,   34.868018,      -20.68,
 139.392252,   34.868018,      -20.75,
 139.396757,   34.868018,      -20.83,
 139.401261,   34.868018,      -20.92,
 139.405766,   34.868018,      -21.02,
 139.410270,   34.868018,      -21.12,
 139.414775,   34.868018,      -21.21,
 139.419279,   34.868018,      -21.30,
 139.423784,   34.868018,      -21.40,
 139.428288,   34.868018,      -21.51,
 139.432793,   34.868018,      -21.63,
 139.437297,   34.868018,      -21.76,
 139.441802,   34.868018,      -21.90,
 139.446306,   34.868018,      -22.03,
 139.450811,   34.868018,      -22.08,
 139.455315,   34.868018,      -22.15,
 139.459820,   34.868018,      -22.26,
 139.464324,   34.868018,      -22.39,
 139.468829,   34.868018,      -22.54,
 139.473333,   34.868018,      -22.70,
 139.477838,   34.868018,      -22.84,
 139.482342,   34.868018,      -22.98,
 139.486847,   34.868018,      -23.18,
 139.491351,   34.868018,      -23.39,
 139.495856,   34.868018,      -23.61,
 139.500360,   34.868018,      -23.85,
 139.504865,   34.868018,      -24.08,
 139.509369,   34.868018,      -24.29,
 139.513874,   34.868018,      -24.47,
 139.518378,   34.868018,      -24.62,
 139.522883,   34.868018,      -24.78,
 139.527387,   34.868018,      -24.96,
 139.531892,   34.868018,      -25.16,
 139.536396,   34.868018,      -25.38,
 139.540901,   34.868018,      -25.62,
 139.545405,   34.868018,      -25.82,
 139.549910,   34.868018,      -26.00,
 139.554414,   34.868018,      -26.15,
 139.558919,   34.868018,      -26.26,
 139.563423,   34.868018,      -26.31,
 139.567928,   34.868018,      -26.26,
 139.572432,   34.868018,      -26.14,
 139.576937,   34.868018,      -26.01,
 139.581441,   34.868018,      -25.84,
 139.585946,   34.868018,      -25.62,
 139.590450,   34.868018,      -25.38,
 139.594955,   34.868018,      -25.10,
 139.599459,   34.868018,      -24.77,
 139.603964,   34.868018,      -24.40,
 139.608468,   34.868018,      -24.44,
 139.612973,   34.868018,      -24.54,
 139.617477,   34.868018,      -24.61,
 139.621982,   34.868018,      -24.69,
 139.626486,   34.868018,      -24.80,
 139.630991,   34.868018,      -24.84,
 139.635495,   34.868018,      -24.72,
 139.640000,   34.868018,      -24.39,
 139.644505,   34.868018,      -23.99,
 139.649009,   34.868018,      -23.54,
 139.653514,   34.868018,      -23.06,
 139.658018,   34.868018,      -22.78,
 139.662523,   34.868018,      -22.62,
 139.667027,   34.868018,      -22.45,
 139.671532,   34.868018,      -22.24,
 139.676036,   34.868018,      -21.91,
 139.680541,   34.868018,      -21.60,
 139.685045,   34.868018,      -21.29,
 139.689550,   34.868018,      -21.02,
 139.694054,   34.868018,      -20.80,
 139.698559,   34.868018,      -20.56,
 139.703063,   34.868018,      -20.31,
 139.707568,   34.868018,      -20.08,
 139.712072,   34.868018,      -19.82,
 139.716577,   34.868018,      -19.54,
 139.721081,   34.868018,      -19.23,
 139.725586,   34.868018,      -18.73,
 139.730090,   34.868018,      -18.19,
 139.734595,   34.868018,      -17.64,
 139.739099,   34.868018,      -17.00,
 139.743604,   34.868018,      -16.30,
 139.748108,   34.868018,      -15.46,
 139.752613,   34.868018,      -14.66,
 139.757117,   34.868018,      -13.79,
 139.761622,   34.868018,      -12.76,
 139.766126,   34.868018,      -11.74,
 139.770631,   34.868018,      -11.01,
 139.775135,   34.868018,      -10.22,
 139.779640,   34.868018,       -9.55,
 139.784144,   34.868018,       -9.09,
 139.788649,   34.868018,       -8.57,
 139.793153,   34.868018,       -8.15,
 139.797658,   34.868018,       -7.77,
 139.802162,   34.868018,       -7.35,
 139.806667,   34.868018,       -7.12,
 139.811171,   34.868018,       -6.87,
 139.815676,   34.868018,       -6.66,
 139.820180,   34.868018,       -6.53,
 139.824685,   34.868018,       -6.38,
 139.829189,   34.868018,       -6.39,
 139.833694,   34.868018,       -6.46,
 139.838198,   34.868018,       -6.67,
 139.842703,   34.868018,       -7.15,
 139.847207,   34.868018,       -7.73,
 139.851712,   34.868018,       -8.64,
 139.856216,   34.868018,       -9.78,
 139.860721,   34.868018,      -10.94,
 139.865225,   34.868018,      -12.01,
 139.869730,   34.868018,      -12.89,
 139.874234,   34.868018,      -13.54,
 139.878739,   34.868018,      -14.07,
 139.883243,   34.868018,      -14.59,
 139.887748,   34.868018,      -15.04,
 139.892252,   34.868018,      -15.45,
 139.896757,   34.868018,      -15.74,
 139.901261,   34.868018,      -15.99,
 139.905766,   34.868018,      -16.23,
 139.910270,   34.868018,      -16.34,
 139.914775,   34.868018,      -16.47,
 139.919279,   34.868018,      -16.56,
 139.923784,   34.868018,      -16.51,
 139.928288,   34.868018,      -16.44,
 139.932793,   34.868018,      -16.36,
 139.937297,   34.868018,      -16.28,
 139.941802,   34.868018,      -16.17,
 139.946306,   34.868018,      -15.92,
 139.950811,   34.868018,      -15.70,
 139.955315,   34.868018,      -15.50,
 139.959820,   34.868018,      -15.26,
 139.964324,   34.868018,      -15.03,
 139.968829,   34.868018,      -14.81,
 139.973333,   34.868018,      -14.64,
 139.977838,   34.868018,      -14.50,
 139.982342,   34.868018,      -14.33,
 139.986847,   34.868018,      -14.14,
 139.991351,   34.868018,      -14.05,
 139.995856,   34.868018,      -14.03,
 140.000360,   34.868018,      -14.03,
 140.004865,   34.868018,      -14.00,
 140.009369,   34.868018,      -13.93,
 140.013874,   34.868018,      -13.85,
 140.018378,   34.868018,      -13.78,
 140.022883,   34.868018,      -13.72,
 140.027387,   34.868018,      -13.70,
 140.031892,   34.868018,      -13.70,
 140.036396,   34.868018,      -13.71,
 140.040901,   34.868018,      -13.74,
 140.045405,   34.868018,      -13.77,
 140.049910,   34.868018,      -13.76,
 140.054414,   34.868018,      -13.74,
 140.058919,   34.868018,      -13.72,
 140.063423,   34.868018,      -13.71,
 140.067928,   34.868018,      -13.71,
 140.072432,   34.868018,      -13.72,
 140.076937,   34.868018,      -13.74,
 140.081441,   34.868018,      -13.76,
 140.085946,   34.868018,      -13.79,
 140.090450,   34.868018,      -13.82,
 140.094955,   34.868018,      -13.84,
 140.099459,   34.868018,      -13.86,
 140.103964,   34.868018,      -13.88,
 140.108468,   34.868018,      -13.90,
 140.112973,   34.868018,      -13.93,
 140.117477,   34.868018,      -13.96,
 140.121982,   34.868018,      -13.99,
 140.126486,   34.868018,      -14.01,
 140.130991,   34.868018,      -14.00,
 140.135495,   34.868018,      -13.98,
 140.140000,   34.868018,      -13.96,
 140.144505,   34.868018,      -13.95,
 140.149009,   34.868018,      -13.93,
 140.153514,   34.868018,      -13.92,
 140.158018,   34.868018,      -13.91,
 140.162523,   34.868018,      -13.89,
 140.167027,   34.868018,      -13.88,
 140.171532,   34.868018,      -13.87,
 140.176036,   34.868018,      -13.86,
 140.180541,   34.868018,      -13.86,
 140.185045,   34.868018,      -13.86,
 140.189550,   34.868018,      -13.87,
 140.194054,   34.868018,      -13.89,
 140.198559,   34.868018,      -13.92,
 140.203063,   34.868018,      -13.96,
 140.207568,   34.868018,      -14.00,
 140.212072,   34.868018,      -14.05,
 140.216577,   34.868018,      -14.11,
 140.221081,   34.868018,      -14.17,
 140.225586,   34.868018,      -14.25,
 140.230090,   34.868018,      -14.33,
 140.234595,   34.868018,      -14.42,
 140.239099,   34.868018,      -14.51,
 140.243604,   34.868018,      -14.62,
 140.248108,   34.868018,      -14.73,
 140.252613,   34.868018,      -14.85,
 140.257117,   34.868018,      -14.98,
 140.261622,   34.868018,      -15.08,
 140.266126,   34.868018,      -15.05,
 140.270631,   34.868018,      -14.91,
 140.275135,   34.868018,      -14.72,
 140.279640,   34.868018,      -14.51,
 140.284144,   34.868018,      -14.29,
 140.288649,   34.868018,      -14.06,
 140.293153,   34.868018,      -13.83,
 140.297658,   34.868018,      -13.58,
 140.302162,   34.868018,      -13.31,
 140.306667,   34.868018,      -13.04,
 140.311171,   34.868018,      -12.76,
 140.315676,   34.868018,      -12.47,
 140.320180,   34.868018,      -12.16,
 140.324685,   34.868018,      -11.85,
 140.329189,   34.868018,      -11.52,
 140.333694,   34.868018,      -11.19,
 140.338198,   34.868018,      -10.84,
 140.342703,   34.868018,      -10.48,
 140.347207,   34.868018,      -10.23,
 140.351712,   34.868018,      -10.13,
 140.356216,   34.868018,      -10.04,
 140.360721,   34.868018,       -9.95,
 140.365225,   34.868018,       -9.96,
 140.369730,   34.868018,      -10.02,
 140.374234,   34.868018,      -10.08,
 140.378739,   34.868018,      -10.15,
 140.383243,   34.868018,      -10.22,
 140.387748,   34.868018,      -10.30,
 139.140000,   34.872523,      -18.77,
 139.144505,   34.872523,      -18.99,
 139.149009,   34.872523,      -19.21,
 139.153514,   34.872523,      -19.43,
 139.158018,   34.872523,      -19.63,
 139.162523,   34.872523,      -19.83,
 139.167027,   34.872523,      -19.92,
 139.171532,   34.872523,      -19.85,
 139.176036,   34.872523,      -19.78,
 139.180541,   34.872523,      -19.72,
 139.185045,   34.872523,      -19.51,
 139.189550,   34.872523,      -19.28,
 139.194054,   34.872523,      -19.05,
 139.198559,   34.872523,      -18.84,
 139.203063,   34.872523,      -18.63,
 139.207568,   34.872523,      -18.43,
 139.212072,   34.872523,      -18.23,
 139.216577,   34.872523,      -18.04,
 139.221081,   34.872523,      -17.86,
 139.225586,   34.872523,      -17.69,
 139.230090,   34.872523,      -17.53,
 139.234595,   34.872523,      -17.37,
 139.239099,   34.872523,      -17.22,
 139.243604,   34.872523,      -17.12,
 139.248108,   34.872523,      -17.09,
 139.252613,   34.872523,      -17.16,
 139.257117,   34.872523,      -17.30,
 139.261622,   34.872523,      -17.43,
 139.266126,   34.872523,      -17.56,
 139.270631,   34.872523,      -17.67,
 139.275135,   34.872523,      -17.79,
 139.279640,   34.872523,      -17.89,
 139.284144,   34.872523,      -17.99,
 139.288649,   34.872523,      -18.08,
 139.293153,   34.872523,      -18.17,
 139.297658,   34.872523,      -18.24,
 139.302162,   34.872523,      -18.32,
 139.306667,   34.872523,      -18.38,
 139.311171,   34.872523,      -18.44,
 139.315676,   34.872523,      -18.51,
 139.320180,   34.872523,      -18.60,
 139.324685,   34.872523,      -18.70,
 139.329189,   34.872523,      -18.79,
 139.333694,   34.872523,      -18.88,
 139.338198,   34.872523,      -18.98,
 139.342703,   34.872523,      -19.07,
 139.347207,   34.872523,      -19.16,
 139.351712,   34.872523,      -19.25,
 139.356216,   34.872523,      -19.35,
 139.360721,   34.872523,      -19.53,
 139.365225,   34.872523,      -19.76,
 139.369730,   34.872523,      -19.96,
 139.374234,   34.872523,      -20.13,
 139.378739,   34.872523,      -20.27,
 139.383243,   34.872523,      -20.39,
 139.387748,   34.872523,      -20.49,
 139.392252,   34.872523,      -20.58,
 139.396757,   34.872523,      -20.67,
 139.401261,   34.872523,      -20.77,
 139.405766,   34.872523,      -20.88,
 139.410270,   34.872523,      -20.99,
 139.414775,   34.872523,      -21.10,
 139.419279,   34.872523,      -21.20,
 139.423784,   34.872523,      -21.31,
 139.428288,   34.872523,      -21.42,
 139.432793,   34.872523,      -21.54,
 139.437297,   34.872523,      -21.66,
 139.441802,   34.872523,      -21.78,
 139.446306,   34.872523,      -21.87,
 139.450811,   34.872523,      -21.95,
 139.455315,   34.872523,      -22.03,
 139.459820,   34.872523,      -22.13,
 139.464324,   34.872523,      -22.24,
 139.468829,   34.872523,      -22.37,
 139.473333,   34.872523,      -22.50,
 139.477838,   34.872523,      -22.62,
 139.482342,   34.872523,      -22.75,
 139.486847,   34.872523,      -22.92,
 139.491351,   34.872523,      -23.11,
 139.495856,   34.872523,      -23.31,
 139.500360,   34.872523,      -23.54,
 139.504865,   34.872523,      -23.75,
 139.509369,   34.872523,      -23.94,
 139.513874,   34.872523,      -24.11,
 139.518378,   34.872523,      -24.25,
 139.522883,   34.872523,      -24.39,
 139.527387,   34.872523,      -24.55,
 139.531892,   34.872523,      -24.73,
 139.536396,   34.872523,      -24.93,
 139.540901,   34.872523,      -25.14,
 139.545405,   34.872523,      -25.32,
 139.549910,   34.872523,      -25.47,
 139.554414,   34.872523,      -25.59,
 139.558919,   34.872523,      -25.67,
 139.563423,   34.872523,      -25.71,
 139.567928,   34.872523,      -25.67,
 139.572432,   34.872523,      -25.58,
 139.576937,   34.872523,      -25.43,
 139.581441,   34.872523,      -25.23,
 139.585946,   34.872523,      -24.98,
 139.590450,   34.872523,      -24.73,
 139.594955,   34.872523,      -24.48,
 139.599459,   34.872523,      -24.24,
 139.603964,   34.872523,      -24.14,
 139.608468,   34.872523,      -24.22,
 139.612973,   34.872523,      -24.33,
 139.617477,   34.872523,      -24.44,
 139.621982,   34.872523,      -24.55,
 139.626486,   34.872523,      -24.66,
 139.630991,   34.872523,      -24.75,
 139.635495,   34.872523,      -24.68,
 139.640000,   34.872523,      -24.26,
 139.644505,   34.872523,      -23.75,
 139.649009,   34.872523,      -23.20,
 139.653514,   34.872523,      -22.65,
 139.658018,   34.872523,      -22.26,
 139.662523,   34.872523,      -22.05,
 139.667027,   34.872523,      -21.79,
 139.671532,   34.872523,      -21.45,
 139.676036,   34.872523,      -21.07,
 139.680541,   34.872523,      -20.75,
 139.685045,   34.872523,      -20.45,
 139.689550,   34.872523,      -20.17,
 139.694054,   34.872523,      -19.93,
 139.698559,   34.872523,      -19.69,
 139.703063,   34.872523,      -19.43,
 139.707568,   34.872523,      -19.16,
 139.712072,   34.872523,      -18.90,
 139.716577,   34.872523,      -18.61,
 139.721081,   34.872523,      -18.19,
 139.725586,   34.872523,      -17.65,
 139.730090,   34.872523,      -17.12,
 139.734595,   34.872523,      -16.51,
 139.739099,   34.872523,      -15.80,
 139.743604,   34.872523,      -15.09,
 139.748108,   34.872523,      -14.23,
 139.752613,   34.872523,      -13.33,
 139.757117,   34.872523,      -12.39,
 139.761622,   34.872523,      -11.39,
 139.766126,   34.872523,      -10.58,
 139.770631,   34.872523,       -9.90,
 139.775135,   34.872523,       -9.19,
 139.779640,   34.872523,       -8.73,
 139.784144,   34.872523,       -8.29,
 139.788649,   34.872523,       -7.85,
 139.793153,   34.872523,       -7.50,
 139.797658,   34.872523,       -7.13,
 139.802162,   34.872523,       -6.89,
 139.806667,   34.872523,       -6.69,
 139.811171,   34.872523,       -6.50,
 139.815676,   34.872523,       -6.41,
 139.820180,   34.872523,       -6.29,
 139.824685,   34.872523,       -6.26,
 139.829189,   34.872523,       -6.33,
 139.833694,   34.872523,       -6.42,
 139.838198,   34.872523,       -6.81,
 139.842703,   34.872523,       -7.31,
 139.847207,   34.872523,       -7.94,
 139.851712,   34.872523,       -9.05,
 139.856216,   34.872523,      -10.20,
 139.860721,   34.872523,      -11.29,
 139.865225,   34.872523,      -12.31,
 139.869730,   34.872523,      -13.29,
 139.874234,   34.872523,      -13.81,
 139.878739,   34.872523,      -14.34,
 139.883243,   34.872523,      -14.82,
 139.887748,   34.872523,      -15.25,
 139.892252,   34.872523,      -15.65,
 139.896757,   34.872523,      -15.88,
 139.901261,   34.872523,      -16.10,
 139.905766,   34.872523,      -16.22,
 139.910270,   34.872523,      -16.30,
 139.914775,   34.872523,      -16.36,
 139.919279,   34.872523,      -16.33,
 139.923784,   34.872523,      -16.29,
 139.928288,   34.872523,      -16.23,
 139.932793,   34.872523,      -16.15,
 139.937297,   34.872523,      -16.06,
 139.941802,   34.872523,      -15.95,
 139.946306,   34.872523,      -15.77,
 139.950811,   34.872523,      -15.56,
 139.955315,   34.872523,      -15.34,
 139.959820,   34.872523,      -15.08,
 139.964324,   34.872523,      -14.80,
 139.968829,   34.872523,      -14.55,
 139.973333,   34.872523,      -14.41,
 139.977838,   34.872523,      -14.30,
 139.982342,   34.872523,      -14.17,
 139.986847,   34.872523,      -14.02,
 139.991351,   34.872523,      -13.99,
 139.995856,   34.872523,      -13.99,
 140.000360,   34.872523,      -14.02,
 140.004865,   34.872523,      -14.04,
 140.009369,   34.872523,      -14.02,
 140.013874,   34.872523,      -13.92,
 140.018378,   34.872523,      -13.84,
 140.022883,   34.872523,      -13.79,
 140.027387,   34.872523,      -13.76,
 140.031892,   34.872523,      -13.75,
 140.036396,   34.872523,      -13.77,
 140.040901,   34.872523,      -13.80,
 140.045405,   34.872523,      -13.81,
 140.049910,   34.872523,      -13.76,
 140.054414,   34.872523,      -13.72,
 140.058919,   34.872523,      -13.69,
 140.063423,   34.872523,      -13.67,
 140.067928,   34.872523,      -13.67,
 140.072432,   34.872523,      -13.67,
 140.076937,   34.872523,      -13.68,
 140.081441,   34.872523,      -13.70,
 140.085946,   34.872523,      -13.73,
 140.090450,   34.872523,      -13.76,
 140.094955,   34.872523,      -13.80,
 140.099459,   34.872523,      -13.82,
 140.103964,   34.872523,      -13.85,
 140.108468,   34.872523,      -13.88,
 140.112973,   34.872523,      -13.91,
 140.117477,   34.872523,      -13.95,
 140.121982,   34.872523,      -13.99,
 140.126486,   34.872523,      -14.04,
 140.130991,   34.872523,      -14.02,
 140.135495,   34.872523,      -14.00,
 140.140000,   34.872523,      -13.98,
 140.144505,   34.872523,      -13.96,
 140.149009,   34.872523,      -13.95,
 140.153514,   34.872523,      -13.93,
 140.158018,   34.872523,      -13.92,
 140.162523,   34.872523,      -13.90,
 140.167027,   34.872523,      -13.89,
 140.171532,   34.872523,      -13.88,
 140.176036,   34.872523,      -13.87,
 140.180541,   34.872523,      -13.86,
 140.185045,   34.872523,      -13.86,
 140.189550,   34.872523,      -13.87,
 140.194054,   34.872523,      -13.89,
 140.198559,   34.872523,      -13.91,
 140.203063,   34.872523,      -13.94,
 140.207568,   34.872523,      -13.99,
 140.212072,   34.872523,      -14.03,
 140.216577,   34.872523,      -14.09,
 140.221081,   34.872523,      -14.15,
 140.225586,   34.872523,      -14.22,
 140.230090,   34.872523,      -14.30,
 140.234595,   34.872523,      -14.39,
 140.239099,   34.872523,      -14.49,
 140.243604,   34.872523,      -14.59,
 140.248108,   34.872523,      -14.70,
 140.252613,   34.872523,      -14.82,
 140.257117,   34.872523,      -14.94,
 140.261622,   34.872523,      -14.92,
 140.266126,   34.872523,      -14.80,
 140.270631,   34.872523,      -14.61,
 140.275135,   34.872523,      -14.42,
 140.279640,   34.872523,      -14.21,
 140.284144,   34.872523,      -14.00,
 140.288649,   34.872523,      -13.77,
 140.293153,   34.872523,      -13.53,
 140.297658,   34.872523,      -13.28,
 140.302162,   34.872523,      -13.02,
 140.306667,   34.872523,      -12.75,
 140.311171,   34.872523,      -12.47,
 140.315676,   34.872523,      -12.18,
 140.320180,   34.872523,      -11.87,
 140.324685,   34.872523,      -11.56,
 140.329189,   34.872523,      -11.23,
 140.333694,   34.872523,      -10.90,
 140.338198,   34.872523,      -10.55,
 140.342703,   34.872523,      -10.29,
 140.347207,   34.872523,      -10.19,
 140.351712,   34.872523,      -10.10,
 140.356216,   34.872523,      -10.01,
 140.360721,   34.872523,      -10.04,
 140.365225,   34.872523,      -10.09,
 140.369730,   34.872523,      -10.14,
 140.374234,   34.872523,      -10.21,
 140.378739,   34.872523,      -10.27,
 140.383243,   34.872523,      -10.35,
 140.387748,   34.872523,      -10.43,
 139.140000,   34.877027,      -18.54,
 139.144505,   34.877027,      -18.77,
 139.149009,   34.877027,      -18.99,
 139.153514,   34.877027,      -19.20,
 139.158018,   34.877027,      -19.41,
 139.162523,   34.877027,      -19.61,
 139.167027,   34.877027,      -19.81,
 139.171532,   34.877027,      -19.95,
 139.176036,   34.877027,      -19.88,
 139.180541,   34.877027,      -19.81,
 139.185045,   34.877027,      -19.74,
 139.189550,   34.877027,      -19.55,
 139.194054,   34.877027,      -19.32,
 139.198559,   34.877027,      -19.10,
 139.203063,   34.877027,      -18.89,
 139.207568,   34.877027,      -18.69,
 139.212072,   34.877027,      -18.50,
 139.216577,   34.877027,      -18.31,
 139.221081,   34.877027,      -18.13,
 139.225586,   34.877027,      -17.96,
 139.230090,   34.877027,      -17.79,
 139.234595,   34.877027,      -17.64,
 139.239099,   34.877027,      -17.49,
 139.243604,   34.877027,      -17.35,
 139.248108,   34.877027,      -17.25,
 139.252613,   34.877027,      -17.22,
 139.257117,   34.877027,      -17.31,
 139.261622,   34.877027,      -17.44,
 139.266126,   34.877027,      -17.57,
 139.270631,   34.877027,      -17.69,
 139.275135,   34.877027,      -17.80,
 139.279640,   34.877027,      -17.90,
 139.284144,   34.877027,      -18.00,
 139.288649,   34.877027,      -18.09,
 139.293153,   34.877027,      -18.17,
 139.297658,   34.877027,      -18.25,
 139.302162,   34.877027,      -18.32,
 139.306667,   34.877027,      -18.38,
 139.311171,   34.877027,      -18.44,
 139.315676,   34.877027,      -18.49,
 139.320180,   34.877027,      -18.57,
 139.324685,   34.877027,      -18.66,
 139.329189,   34.877027,      -18.75,
 139.333694,   34.877027,      -18.85,
 139.338198,   34.877027,      -18.94,
 139.342703,   34.877027,      -19.04,
 139.347207,   34.877027,      -19.11,
 139.351712,   34.877027,      -19.19,
 139.356216,   34.877027,      -19.27,
 139.360721,   34.877027,      -19.40,
 139.365225,   34.877027,      -19.57,
 139.369730,   34.877027,      -19.76,
 139.374234,   34.877027,      -19.93,
 139.378739,   34.877027,      -20.07,
 139.383243,   34.877027,      -20.19,
 139.387748,   34.877027,      -20.30,
 139.392252,   34.877027,      -20.40,
 139.396757,   34.877027,      -20.51,
 139.401261,   34.877027,      -20.62,
 139.405766,   34.877027,      -20.73,
 139.410270,   34.877027,      -20.85,
 139.414775,   34.877027,      -20.97,
 139.419279,   34.877027,      -21.09,
 139.423784,   34.877027,      -21.20,
 139.428288,   34.877027,      -21.31,
 139.432793,   34.877027,      -21.42,
 139.437297,   34.877027,      -21.53,
 139.441802,   34.877027,      -21.62,
 139.446306,   34.877027,      -21.70,
 139.450811,   34.877027,      -21.76,
 139.455315,   34.877027,      -21.84,
 139.459820,   34.877027,      -21.93,
 139.464324,   34.877027,      -22.04,
 139.468829,   34.877027,      -22.15,
 139.473333,   34.877027,      -22.27,
 139.477838,   34.877027,      -22.39,
 139.482342,   34.877027,      -22.52,
 139.486847,   34.877027,      -22.66,
 139.491351,   34.877027,      -22.83,
 139.495856,   34.877027,      -23.02,
 139.500360,   34.877027,      -23.22,
 139.504865,   34.877027,      -23.42,
 139.509369,   34.877027,      -23.59,
 139.513874,   34.877027,      -23.75,
 139.518378,   34.877027,      -23.88,
 139.522883,   34.877027,      -24.00,
 139.527387,   34.877027,      -24.14,
 139.531892,   34.877027,      -24.30,
 139.536396,   34.877027,      -24.48,
 139.540901,   34.877027,      -24.67,
 139.545405,   34.877027,      -24.82,
 139.549910,   34.877027,      -24.94,
 139.554414,   34.877027,      -25.03,
 139.558919,   34.877027,      -25.09,
 139.563423,   34.877027,      -25.12,
 139.567928,   34.877027,      -25.10,
 139.572432,   34.877027,      -25.03,
 139.576937,   34.877027,      -24.91,
 139.581441,   34.877027,      -24.71,
 139.585946,   34.877027,      -24.48,
 139.590450,   34.877027,      -24.29,
 139.594955,   34.877027,      -24.13,
 139.599459,   34.877027,      -24.03,
 139.603964,   34.877027,      -24.05,
 139.608468,   34.877027,      -24.11,
 139.612973,   34.877027,      -24.20,
 139.617477,   34.877027,      -24.31,
 139.621982,   34.877027,      -24.42,
 139.626486,   34.877027,      -24.53,
 139.630991,   34.877027,      -24.64,
 139.635495,   34.877027,      -24.61,
 139.640000,   34.877027,      -23.99,
 139.644505,   34.877027,      -23.39,
 139.649009,   34.877027,      -22.80,
 139.653514,   34.877027,      -22.22,
 139.658018,   34.877027,      -21.74,
 139.662523,   34.877027,      -21.44,
 139.667027,   34.877027,      -21.08,
 139.671532,   34.877027,      -20.66,
 139.676036,   34.877027,      -20.24,
 139.680541,   34.877027,      -19.89,
 139.685045,   34.877027,      -19.61,
 139.689550,   34.877027,      -19.36,
 139.694054,   34.877027,      -19.11,
 139.698559,   34.877027,      -18.86,
 139.703063,   34.877027,      -18.60,
 139.707568,   34.877027,      -18.32,
 139.712072,   34.877027,      -18.04,
 139.716577,   34.877027,      -17.69,
 139.721081,   34.877027,      -17.18,
 139.725586,   34.877027,      -16.63,
 139.730090,   34.877027,      -16.08,
 139.734595,   34.877027,      -15.44,
 139.739099,   34.877027,      -14.75,
 139.743604,   34.877027,      -14.05,
 139.748108,   34.877027,      -13.23,
 139.752613,   34.877027,      -12.36,
 139.757117,   34.877027,      -11.45,
 139.761622,   34.877027,      -10.60,
 139.766126,   34.877027,       -9.86,
 139.770631,   34.877027,       -9.13,
 139.775135,   34.877027,       -8.62,
 139.779640,   34.877027,       -8.18,
 139.784144,   34.877027,       -7.75,
 139.788649,   34.877027,       -7.38,
 139.793153,   34.877027,       -7.02,
 139.797658,   34.877027,       -6.74,
 139.802162,   34.877027,       -6.56,
 139.806667,   34.877027,       -6.38,
 139.811171,   34.877027,       -6.31,
 139.815676,   34.877027,       -6.26,
 139.820180,   34.877027,       -6.20,
 139.824685,   34.877027,       -6.26,
 139.829189,   34.877027,       -6.32,
 139.833694,   34.877027,       -6.58,
 139.838198,   34.877027,       -7.00,
 139.842703,   34.877027,       -7.54,
 139.847207,   34.877027,       -8.41,
 139.851712,   34.877027,       -9.42,
 139.856216,   34.877027,      -10.53,
 139.860721,   34.877027,      -11.60,
 139.865225,   34.877027,      -12.61,
 139.869730,   34.877027,      -13.37,
 139.874234,   34.877027,      -13.97,
 139.878739,   34.877027,      -14.47,
 139.883243,   34.877027,      -14.94,
 139.887748,   34.877027,      -15.36,
 139.892252,   34.877027,      -15.66,
 139.896757,   34.877027,      -15.92,
 139.901261,   34.877027,      -16.08,
 139.905766,   34.877027,      -16.12,
 139.910270,   34.877027,      -16.17,
 139.914775,   34.877027,      -16.16,
 139.919279,   34.877027,      -16.12,
 139.923784,   34.877027,      -16.07,
 139.928288,   34.877027,      -16.01,
 139.932793,   34.877027,      -15.94,
 139.937297,   34.877027,      -15.85,
 139.941802,   34.877027,      -15.74,
 139.946306,   34.877027,      -15.60,
 139.950811,   34.877027,      -15.41,
 139.955315,   34.877027,      -15.20,
 139.959820,   34.877027,      -14.95,
 139.964324,   34.877027,      -14.67,
 139.968829,   34.877027,      -14.39,
 139.973333,   34.877027,      -14.24,
 139.977838,   34.877027,      -14.13,
 139.982342,   34.877027,      -14.02,
 139.986847,   34.877027,      -13.91,
 139.991351,   34.877027,      -13.90,
 139.995856,   34.877027,      -13.91,
 140.000360,   34.877027,      -13.94,
 140.004865,   34.877027,      -13.99,
 140.009369,   34.877027,      -14.04,
 140.013874,   34.877027,      -13.96,
 140.018378,   34.877027,      -13.87,
 140.022883,   34.877027,      -13.82,
 140.027387,   34.877027,      -13.79,
 140.031892,   34.877027,      -13.78,
 140.036396,   34.877027,      -13.79,
 140.040901,   34.877027,      -13.82,
 140.045405,   34.877027,      -13.79,
 140.049910,   34.877027,      -13.73,
 140.054414,   34.877027,      -13.68,
 140.058919,   34.877027,      -13.65,
 140.063423,   34.877027,      -13.62,
 140.067928,   34.877027,      -13.61,
 140.072432,   34.877027,      -13.61,
 140.076937,   34.877027,      -13.62,
 140.081441,   34.877027,      -13.64,
 140.085946,   34.877027,      -13.66,
 140.090450,   34.877027,      -13.69,
 140.094955,   34.877027,      -13.73,
 140.099459,   34.877027,      -13.77,
 140.103964,   34.877027,      -13.81,
 140.108468,   34.877027,      -13.84,
 140.112973,   34.877027,      -13.88,
 140.117477,   34.877027,      -13.91,
 140.121982,   34.877027,      -13.96,
 140.126486,   34.877027,      -14.00,
 140.130991,   34.877027,      -14.02,
 140.135495,   34.877027,      -14.01,
 140.140000,   34.877027,      -13.99,
 140.144505,   34.877027,      -13.97,
 140.149009,   34.877027,      -13.95,
 140.153514,   34.877027,      -13.94,
 140.158018,   34.877027,      -13.92,
 140.162523,   34.877027,      -13.91,
 140.167027,   34.877027,      -13.89,
 140.171532,   34.877027,      -13.88,
 140.176036,   34.877027,      -13.87,
 140.180541,   34.877027,      -13.86,
 140.185045,   34.877027,      -13.86,
 140.189550,   34.877027,      -13.86,
 140.194054,   34.877027,      -13.87,
 140.198559,   34.877027,      -13.90,
 140.203063,   34.877027,      -13.93,
 140.207568,   34.877027,      -13.96,
 140.212072,   34.877027,      -14.01,
 140.216577,   34.877027,      -14.06,
 140.221081,   34.877027,      -14.13,
 140.225586,   34.877027,      -14.20,
 140.230090,   34.877027,      -14.27,
 140.234595,   34.877027,      -14.36,
 140.239099,   34.877027,      -14.45,
 140.243604,   34.877027,      -14.55,
 140.248108,   34.877027,      -14.66,
 140.252613,   34.877027,      -14.78,
 140.257117,   34.877027,      -14.78,
 140.261622,   34.877027,      -14.68,
 140.266126,   34.877027,      -14.51,
 140.270631,   34.877027,      -14.33,
 140.275135,   34.877027,      -14.13,
 140.279640,   34.877027,      -13.93,
 140.284144,   34.877027,      -13.71,
 140.288649,   34.877027,      -13.48,
 140.293153,   34.877027,      -13.24,
 140.297658,   34.877027,      -13.00,
 140.302162,   34.877027,      -12.74,
 140.306667,   34.877027,      -12.47,
 140.311171,   34.877027,      -12.19,
 140.315676,   34.877027,      -11.89,
 140.320180,   34.877027,      -11.59,
 140.324685,   34.877027,      -11.28,
 140.329189,   34.877027,      -10.96,
 140.333694,   34.877027,      -10.62,
 140.338198,   34.877027,      -10.35,
 140.342703,   34.877027,      -10.25,
 140.347207,   34.877027,      -10.16,
 140.351712,   34.877027,      -10.07,
 140.356216,   34.877027,      -10.11,
 140.360721,   34.877027,      -10.16,
 140.365225,   34.877027,      -10.21,
 140.369730,   34.877027,      -10.26,
 140.374234,   34.877027,      -10.33,
 140.378739,   34.877027,      -10.39,
 140.383243,   34.877027,      -10.47,
 140.387748,   34.877027,      -10.55,
 139.140000,   34.881532,      -18.32,
 139.144505,   34.881532,      -18.55,
 139.149009,   34.881532,      -18.77,
 139.153514,   34.881532,      -18.99,
 139.158018,   34.881532,      -19.20,
 139.162523,   34.881532,      -19.40,
 139.167027,   34.881532,      -19.60,
 139.171532,   34.881532,      -19.79,
 139.176036,   34.881532,      -19.98,
 139.180541,   34.881532,      -19.91,
 139.185045,   34.881532,      -19.84,
 139.189550,   34.881532,      -19.77,
 139.194054,   34.881532,      -19.58,
 139.198559,   34.881532,      -19.36,
 139.203063,   34.881532,      -19.15,
 139.207568,   34.881532,      -18.95,
 139.212072,   34.881532,      -18.76,
 139.216577,   34.881532,      -18.57,
 139.221081,   34.881532,      -18.39,
 139.225586,   34.881532,      -18.22,
 139.230090,   34.881532,      -18.05,
 139.234595,   34.881532,      -17.90,
 139.239099,   34.881532,      -17.75,
 139.243604,   34.881532,      -17.61,
 139.248108,   34.881532,      -17.47,
 139.252613,   34.881532,      -17.38,
 139.257117,   34.881532,      -17.35,
 139.261622,   34.881532,      -17.47,
 139.266126,   34.881532,      -17.59,
 139.270631,   34.881532,      -17.70,
 139.275135,   34.881532,      -17.81,
 139.279640,   34.881532,      -17.92,
 139.284144,   34.881532,      -18.01,
 139.288649,   34.881532,      -18.10,
 139.293153,   34.881532,      -18.18,
 139.297658,   34.881532,      -18.26,
 139.302162,   34.881532,      -18.33,
 139.306667,   34.881532,      -18.39,
 139.311171,   34.881532,      -18.45,
 139.315676,   34.881532,      -18.49,
 139.320180,   34.881532,      -18.54,
 139.324685,   34.881532,      -18.63,
 139.329189,   34.881532,      -18.72,
 139.333694,   34.881532,      -18.81,
 139.338198,   34.881532,      -18.90,
 139.342703,   34.881532,      -18.98,
 139.347207,   34.881532,      -19.06,
 139.351712,   34.881532,      -19.13,
 139.356216,   34.881532,      -19.20,
 139.360721,   34.881532,      -19.30,
 139.365225,   34.881532,      -19.42,
 139.369730,   34.881532,      -19.57,
 139.374234,   34.881532,      -19.74,
 139.378739,   34.881532,      -19.88,
 139.383243,   34.881532,      -20.00,
 139.387748,   34.881532,      -20.11,
 139.392252,   34.881532,      -20.23,
 139.396757,   34.881532,      -20.34,
 139.401261,   34.881532,      -20.46,
 139.405766,   34.881532,      -20.58,
 139.410270,   34.881532,      -20.71,
 139.414775,   34.881532,      -20.83,
 139.419279,   34.881532,      -20.96,
 139.423784,   34.881532,      -21.07,
 139.428288,   34.881532,      -21.18,
 139.432793,   34.881532,      -21.29,
 139.437297,   34.881532,      -21.38,
 139.441802,   34.881532,      -21.46,
 139.446306,   34.881532,      -21.53,
 139.450811,   34.881532,      -21.59,
 139.455315,   34.881532,      -21.65,
 139.459820,   34.881532,      -21.72,
 139.464324,   34.881532,      -21.81,
 139.468829,   34.881532,      -21.92,
 139.473333,   34.881532,      -22.04,
 139.477838,   34.881532,      -22.17,
 139.482342,   34.881532,      -22.29,
 139.486847,   34.881532,      -22.42,
 139.491351,   34.881532,      -22.56,
 139.495856,   34.881532,      -22.72,
 139.500360,   34.881532,      -22.91,
 139.504865,   34.881532,      -23.09,
 139.509369,   34.881532,      -23.24,
 139.513874,   34.881532,      -23.38,
 139.518378,   34.881532,      -23.51,
 139.522883,   34.881532,      -23.63,
 139.527387,   34.881532,      -23.76,
 139.531892,   34.881532,      -23.89,
 139.536396,   34.881532,      -24.03,
 139.540901,   34.881532,      -24.20,
 139.545405,   34.881532,      -24.33,
 139.549910,   34.881532,      -24.43,
 139.554414,   34.881532,      -24.50,
 139.558919,   34.881532,      -24.54,
 139.563423,   34.881532,      -24.57,
 139.567928,   34.881532,      -24.56,
 139.572432,   34.881532,      -24.51,
 139.576937,   34.881532,      -24.41,
 139.581441,   34.881532,      -24.23,
 139.585946,   34.881532,      -24.07,
 139.590450,   34.881532,      -23.98,
 139.594955,   34.881532,      -23.91,
 139.599459,   34.881532,      -23.91,
 139.603964,   34.881532,      -23.95,
 139.608468,   34.881532,      -24.01,
 139.612973,   34.881532,      -24.08,
 139.617477,   34.881532,      -24.18,
 139.621982,   34.881532,      -24.28,
 139.626486,   34.881532,      -24.32,
 139.630991,   34.881532,      -24.30,
 139.635495,   34.881532,      -24.07,
 139.640000,   34.881532,      -23.54,
 139.644505,   34.881532,      -22.95,
 139.649009,   34.881532,      -22.37,
 139.653514,   34.881532,      -21.80,
 139.658018,   34.881532,      -21.24,
 139.662523,   34.881532,      -20.80,
 139.667027,   34.881532,      -20.40,
 139.671532,   34.881532,      -19.97,
 139.676036,   34.881532,      -19.49,
 139.680541,   34.881532,      -19.05,
 139.685045,   34.881532,      -18.86,
 139.689550,   34.881532,      -18.63,
 139.694054,   34.881532,      -18.35,
 139.698559,   34.881532,      -18.06,
 139.703063,   34.881532,      -17.81,
 139.707568,   34.881532,      -17.53,
 139.712072,   34.881532,      -17.21,
 139.716577,   34.881532,      -16.77,
 139.721081,   34.881532,      -16.24,
 139.725586,   34.881532,      -15.67,
 139.730090,   34.881532,      -15.07,
 139.734595,   34.881532,      -14.49,
 139.739099,   34.881532,      -13.86,
 139.743604,   34.881532,      -13.22,
 139.748108,   34.881532,      -12.40,
 139.752613,   34.881532,      -11.50,
 139.757117,   34.881532,      -10.59,
 139.761622,   34.881532,       -9.88,
 139.766126,   34.881532,       -9.17,
 139.770631,   34.881532,       -8.54,
 139.775135,   34.881532,       -8.10,
 139.779640,   34.881532,       -7.67,
 139.784144,   34.881532,       -7.30,
 139.788649,   34.881532,       -6.94,
 139.793153,   34.881532,       -6.62,
 139.797658,   34.881532,       -6.43,
 139.802162,   34.881532,       -6.26,
 139.806667,   34.881532,       -6.20,
 139.811171,   34.881532,       -6.20,
 139.815676,   34.881532,       -6.17,
 139.820180,   34.881532,       -6.24,
 139.824685,   34.881532,       -6.31,
 139.829189,   34.881532,       -6.41,
 139.833694,   34.881532,       -6.72,
 139.838198,   34.881532,       -7.15,
 139.842703,   34.881532,       -7.78,
 139.847207,   34.881532,       -8.70,
 139.851712,   34.881532,       -9.71,
 139.856216,   34.881532,      -10.74,
 139.860721,   34.881532,      -11.81,
 139.865225,   34.881532,      -12.72,
 139.869730,   34.881532,      -13.33,
 139.874234,   34.881532,      -13.98,
 139.878739,   34.881532,      -14.44,
 139.883243,   34.881532,      -14.88,
 139.887748,   34.881532,      -15.34,
 139.892252,   34.881532,      -15.61,
 139.896757,   34.881532,      -15.85,
 139.901261,   34.881532,      -15.96,
 139.905766,   34.881532,      -16.00,
 139.910270,   34.881532,      -16.00,
 139.914775,   34.881532,      -15.96,
 139.919279,   34.881532,      -15.92,
 139.923784,   34.881532,      -15.88,
 139.928288,   34.881532,      -15.84,
 139.932793,   34.881532,      -15.77,
 139.937297,   34.881532,      -15.70,
 139.941802,   34.881532,      -15.61,
 139.946306,   34.881532,      -15.46,
 139.950811,   34.881532,      -15.28,
 139.955315,   34.881532,      -15.09,
 139.959820,   34.881532,      -14.88,
 139.964324,   34.881532,      -14.66,
 139.968829,   34.881532,      -14.42,
 139.973333,   34.881532,      -14.18,
 139.977838,   34.881532,      -14.02,
 139.982342,   34.881532,      -13.91,
 139.986847,   34.881532,      -13.79,
 139.991351,   34.881532,      -13.75,
 139.995856,   34.881532,      -13.77,
 140.000360,   34.881532,      -13.79,
 140.004865,   34.881532,      -13.82,
 140.009369,   34.881532,      -13.86,
 140.013874,   34.881532,      -13.89,
 140.018378,   34.881532,      -13.86,
 140.022883,   34.881532,      -13.81,
 140.027387,   34.881532,      -13.78,
 140.031892,   34.881532,      -13.76,
 140.036396,   34.881532,      -13.74,
 140.040901,   34.881532,      -13.71,
 140.045405,   34.881532,      -13.68,
 140.049910,   34.881532,      -13.65,
 140.054414,   34.881532,      -13.61,
 140.058919,   34.881532,      -13.58,
 140.063423,   34.881532,      -13.56,
 140.067928,   34.881532,      -13.54,
 140.072432,   34.881532,      -13.54,
 140.076937,   34.881532,      -13.55,
 140.081441,   34.881532,      -13.56,
 140.085946,   34.881532,      -13.59,
 140.090450,   34.881532,      -13.63,
 140.094955,   34.881532,      -13.67,
 140.099459,   34.881532,      -13.71,
 140.103964,   34.881532,      -13.75,
 140.108468,   34.881532,      -13.78,
 140.112973,   34.881532,      -13.82,
 140.117477,   34.881532,      -13.86,
 140.121982,   34.881532,      -13.91,
 140.126486,   34.881532,      -13.96,
 140.130991,   34.881532,      -13.99,
 140.135495,   34.881532,      -14.00,
 140.140000,   34.881532,      -13.99,
 140.144505,   34.881532,      -13.97,
 140.149009,   34.881532,      -13.96,
 140.153514,   34.881532,      -13.94,
 140.158018,   34.881532,      -13.92,
 140.162523,   34.881532,      -13.91,
 140.167027,   34.881532,      -13.89,
 140.171532,   34.881532,      -13.88,
 140.176036,   34.881532,      -13.87,
 140.180541,   34.881532,      -13.86,
 140.185045,   34.881532,      -13.86,
 140.189550,   34.881532,      -13.86,
 140.194054,   34.881532,      -13.86,
 140.198559,   34.881532,      -13.87,
 140.203063,   34.881532,      -13.90,
 140.207568,   34.881532,      -13.94,
 140.212072,   34.881532,      -13.98,
 140.216577,   34.881532,      -14.03,
 140.221081,   34.881532,      -14.09,
 140.225586,   34.881532,      -14.16,
 140.230090,   34.881532,      -14.23,
 140.234595,   34.881532,      -14.32,
 140.239099,   34.881532,      -14.41,
 140.243604,   34.881532,      -14.51,
 140.248108,   34.881532,      -14.61,
 140.252613,   34.881532,      -14.65,
 140.257117,   34.881532,      -14.57,
 140.261622,   34.881532,      -14.40,
 140.266126,   34.881532,      -14.23,
 140.270631,   34.881532,      -14.05,
 140.275135,   34.881532,      -13.85,
 140.279640,   34.881532,      -13.65,
 140.284144,   34.881532,      -13.43,
 140.288649,   34.881532,      -13.21,
 140.293153,   34.881532,      -12.97,
 140.297658,   34.881532,      -12.72,
 140.302162,   34.881532,      -12.46,
 140.306667,   34.881532,      -12.20,
 140.311171,   34.881532,      -11.91,
 140.315676,   34.881532,      -11.62,
 140.320180,   34.881532,      -11.32,
 140.324685,   34.881532,      -11.01,
 140.329189,   34.881532,      -10.69,
 140.333694,   34.881532,      -10.40,
 140.338198,   34.881532,      -10.31,
 140.342703,   34.881532,      -10.22,
 140.347207,   34.881532,      -10.15,
 140.351712,   34.881532,      -10.18,
 140.356216,   34.881532,      -10.22,
 140.360721,   34.881532,      -10.27,
 140.365225,   34.881532,      -10.32,
 140.369730,   34.881532,      -10.38,
 140.374234,   34.881532,      -10.44,
 140.378739,   34.881532,      -10.51,
 140.383243,   34.881532,      -10.58,
 140.387748,   34.881532,      -10.67,
 139.140000,   34.886036,      -18.11,
 139.144505,   34.886036,      -18.34,
 139.149009,   34.886036,      -18.56,
 139.153514,   34.886036,      -18.78,
 139.158018,   34.886036,      -18.99,
 139.162523,   34.886036,      -19.19,
 139.167027,   34.886036,      -19.39,
 139.171532,   34.886036,      -19.58,
 139.176036,   34.886036,      -19.77,
 139.180541,   34.886036,      -19.95,
 139.185045,   34.886036,      -19.94,
 139.189550,   34.886036,      -19.87,
 139.194054,   34.886036,      -19.80,
 139.198559,   34.886036,      -19.61,
 139.203063,   34.886036,      -19.40,
 139.207568,   34.886036,      -19.20,
 139.212072,   34.886036,      -19.01,
 139.216577,   34.886036,      -18.82,
 139.221081,   34.886036,      -18.64,
 139.225586,   34.886036,      -18.47,
 139.230090,   34.886036,      -18.30,
 139.234595,   34.886036,      -18.15,
 139.239099,   34.886036,      -18.00,
 139.243604,   34.886036,      -17.86,
 139.248108,   34.886036,      -17.72,
 139.252613,   34.886036,      -17.60,
 139.257117,   34.886036,      -17.51,
 139.261622,   34.886036,      -17.49,
 139.266126,   34.886036,      -17.61,
 139.270631,   34.886036,      -17.73,
 139.275135,   34.886036,      -17.84,
 139.279640,   34.886036,      -17.94,
 139.284144,   34.886036,      -18.03,
 139.288649,   34.886036,      -18.12,
 139.293153,   34.886036,      -18.20,
 139.297658,   34.886036,      -18.28,
 139.302162,   34.886036,      -18.34,
 139.306667,   34.886036,      -18.40,
 139.311171,   34.886036,      -18.46,
 139.315676,   34.886036,      -18.51,
 139.320180,   34.886036,      -18.55,
 139.324685,   34.886036,      -18.59,
 139.329189,   34.886036,      -18.68,
 139.333694,   34.886036,      -18.77,
 139.338198,   34.886036,      -18.85,
 139.342703,   34.886036,      -18.93,
 139.347207,   34.886036,      -19.01,
 139.351712,   34.886036,      -19.08,
 139.356216,   34.886036,      -19.15,
 139.360721,   34.886036,      -19.22,
 139.365225,   34.886036,      -19.30,
 139.369730,   34.886036,      -19.41,
 139.374234,   34.886036,      -19.56,
 139.378739,   34.886036,      -19.69,
 139.383243,   34.886036,      -19.82,
 139.387748,   34.886036,      -19.95,
 139.392252,   34.886036,      -20.07,
 139.396757,   34.886036,      -20.19,
 139.401261,   34.886036,      -20.32,
 139.405766,   34.886036,      -20.44,
 139.410270,   34.886036,      -20.57,
 139.414775,   34.886036,      -20.69,
 139.419279,   34.886036,      -20.82,
 139.423784,   34.886036,      -20.94,
 139.428288,   34.886036,      -21.05,
 139.432793,   34.886036,      -21.15,
 139.437297,   34.886036,      -21.23,
 139.441802,   34.886036,      -21.31,
 139.446306,   34.886036,      -21.37,
 139.450811,   34.886036,      -21.43,
 139.455315,   34.886036,      -21.48,
 139.459820,   34.886036,      -21.53,
 139.464324,   34.886036,      -21.59,
 139.468829,   34.886036,      -21.69,
 139.473333,   34.886036,      -21.82,
 139.477838,   34.886036,      -21.95,
 139.482342,   34.886036,      -22.07,
 139.486847,   34.886036,      -22.20,
 139.491351,   34.886036,      -22.33,
 139.495856,   34.886036,      -22.45,
 139.500360,   34.886036,      -22.60,
 139.504865,   34.886036,      -22.75,
 139.509369,   34.886036,      -22.88,
 139.513874,   34.886036,      -23.01,
 139.518378,   34.886036,      -23.14,
 139.522883,   34.886036,      -23.26,
 139.527387,   34.886036,      -23.39,
 139.531892,   34.886036,      -23.51,
 139.536396,   34.886036,      -23.63,
 139.540901,   34.886036,      -23.75,
 139.545405,   34.886036,      -23.86,
 139.549910,   34.886036,      -23.95,
 139.554414,   34.886036,      -24.01,
 139.558919,   34.886036,      -24.05,
 139.563423,   34.886036,      -24.06,
 139.567928,   34.886036,      -24.05,
 139.572432,   34.886036,      -24.01,
 139.576937,   34.886036,      -23.93,
 139.581441,   34.886036,      -23.81,
 139.585946,   34.886036,      -23.78,
 139.590450,   34.886036,      -23.78,
 139.594955,   34.886036,      -23.80,
 139.599459,   34.886036,      -23.83,
 139.603964,   34.886036,      -23.86,
 139.608468,   34.886036,      -23.90,
 139.612973,   34.886036,      -23.97,
 139.617477,   34.886036,      -24.05,
 139.621982,   34.886036,      -24.07,
 139.626486,   34.886036,      -23.99,
 139.630991,   34.886036,      -23.83,
 139.635495,   34.886036,      -23.48,
 139.640000,   34.886036,      -23.00,
 139.644505,   34.886036,      -22.48,
 139.649009,   34.886036,      -21.90,
 139.653514,   34.886036,      -21.33,
 139.658018,   34.886036,      -20.78,
 139.662523,   34.886036,      -20.27,
 139.667027,   34.886036,      -19.81,
 139.671532,   34.886036,      -19.36,
 139.676036,   34.886036,      -18.92,
 139.680541,   34.886036,      -18.55,
 139.685045,   34.886036,      -18.27,
 139.689550,   34.886036,      -18.02,
 139.694054,   34.886036,      -17.75,
 139.698559,   34.886036,      -17.42,
 139.703063,   34.886036,      -17.10,
 139.707568,   34.886036,      -16.81,
 139.712072,   34.886036,      -16.44,
 139.716577,   34.886036,      -15.91,
 139.721081,   34.886036,      -15.37,
 139.725586,   34.886036,      -14.82,
 139.730090,   34.886036,      -14.27,
 139.734595,   34.886036,      -13.69,
 139.739099,   34.886036,      -13.07,
 139.743604,   34.886036,      -12.43,
 139.748108,   34.886036,      -11.63,
 139.752613,   34.886036,      -10.75,
 139.757117,   34.886036,       -9.90,
 139.761622,   34.886036,       -9.18,
 139.766126,   34.886036,       -8.52,
 139.770631,   34.886036,       -8.04,
 139.775135,   34.886036,       -7.60,
 139.779640,   34.886036,       -7.21,
 139.784144,   34.886036,       -6.87,
 139.788649,   34.886036,       -6.53,
 139.793153,   34.886036,       -6.33,
 139.797658,   34.886036,       -6.14,
 139.802162,   34.886036,       -6.03,
 139.806667,   34.886036,       -6.10,
 139.811171,   34.886036,       -6.14,
 139.815676,   34.886036,       -6.21,
 139.820180,   34.886036,       -6.34,
 139.824685,   34.886036,       -6.43,
 139.829189,   34.886036,       -6.59,
 139.833694,   34.886036,       -6.82,
 139.838198,   34.886036,       -7.27,
 139.842703,   34.886036,       -7.95,
 139.847207,   34.886036,       -8.78,
 139.851712,   34.886036,       -9.77,
 139.856216,   34.886036,      -10.79,
 139.860721,   34.886036,      -11.74,
 139.865225,   34.886036,      -12.46,
 139.869730,   34.886036,      -13.10,
 139.874234,   34.886036,      -13.65,
 139.878739,   34.886036,      -14.13,
 139.883243,   34.886036,      -14.59,
 139.887748,   34.886036,      -15.06,
 139.892252,   34.886036,      -15.46,
 139.896757,   34.886036,      -15.65,
 139.901261,   34.886036,      -15.78,
 139.905766,   34.886036,      -15.83,
 139.910270,   34.886036,      -15.80,
 139.914775,   34.886036,      -15.76,
 139.919279,   34.886036,      -15.73,
 139.923784,   34.886036,      -15.71,
 139.928288,   34.886036,      -15.68,
 139.932793,   34.886036,      -15.63,
 139.937297,   34.886036,      -15.57,
 139.941802,   34.886036,      -15.49,
 139.946306,   34.886036,      -15.36,
 139.950811,   34.886036,      -15.22,
 139.955315,   34.886036,      -15.07,
 139.959820,   34.886036,      -14.88,
 139.964324,   34.886036,      -14.68,
 139.968829,   34.886036,      -14.46,
 139.973333,   34.886036,      -14.21,
 139.977838,   34.886036,      -13.97,
 139.982342,   34.886036,      -13.83,
 139.986847,   34.886036,      -13.70,
 139.991351,   34.886036,      -13.57,
 139.995856,   34.886036,      -13.59,
 140.000360,   34.886036,      -13.60,
 140.004865,   34.886036,      -13.63,
 140.009369,   34.886036,      -13.68,
 140.013874,   34.886036,      -13.74,
 140.018378,   34.886036,      -13.78,
 140.022883,   34.886036,      -13.76,
 140.027387,   34.886036,      -13.72,
 140.031892,   34.886036,      -13.68,
 140.036396,   34.886036,      -13.63,
 140.040901,   34.886036,      -13.59,
 140.045405,   34.886036,      -13.56,
 140.049910,   34.886036,      -13.54,
 140.054414,   34.886036,      -13.52,
 140.058919,   34.886036,      -13.50,
 140.063423,   34.886036,      -13.47,
 140.067928,   34.886036,      -13.46,
 140.072432,   34.886036,      -13.46,
 140.076937,   34.886036,      -13.47,
 140.081441,   34.886036,      -13.49,
 140.085946,   34.886036,      -13.52,
 140.090450,   34.886036,      -13.56,
 140.094955,   34.886036,      -13.61,
 140.099459,   34.886036,      -13.65,
 140.103964,   34.886036,      -13.69,
 140.108468,   34.886036,      -13.73,
 140.112973,   34.886036,      -13.77,
 140.117477,   34.886036,      -13.81,
 140.121982,   34.886036,      -13.86,
 140.126486,   34.886036,      -13.92,
 140.130991,   34.886036,      -13.96,
 140.135495,   34.886036,      -13.98,
 140.140000,   34.886036,      -13.98,
 140.144505,   34.886036,      -13.97,
 140.149009,   34.886036,      -13.95,
 140.153514,   34.886036,      -13.94,
 140.158018,   34.886036,      -13.92,
 140.162523,   34.886036,      -13.91,
 140.167027,   34.886036,      -13.89,
 140.171532,   34.886036,      -13.88,
 140.176036,   34.886036,      -13.87,
 140.180541,   34.886036,      -13.87,
 140.185045,   34.886036,      -13.86,
 140.189550,   34.886036,      -13.86,
 140.194054,   34.886036,      -13.86,
 140.198559,   34.886036,      -13.86,
 140.203063,   34.886036,      -13.87,
 140.207568,   34.886036,      -13.90,
 140.212072,   34.886036,      -13.94,
 140.216577,   34.886036,      -13.99,
 140.221081,   34.886036,      -14.05,
 140.225586,   34.886036,      -14.11,
 140.230090,   34.886036,      -14.19,
 140.234595,   34.886036,      -14.27,
 140.239099,   34.886036,      -14.36,
 140.243604,   34.886036,      -14.45,
 140.248108,   34.886036,      -14.52,
 140.252613,   34.886036,      -14.45,
 140.257117,   34.886036,      -14.30,
 140.261622,   34.886036,      -14.14,
 140.266126,   34.886036,      -13.96,
 140.270631,   34.886036,      -13.78,
 140.275135,   34.886036,      -13.59,
 140.279640,   34.886036,      -13.38,
 140.284144,   34.886036,      -13.17,
 140.288649,   34.886036,      -12.94,
 140.293153,   34.886036,      -12.71,
 140.297658,   34.886036,      -12.46,
 140.302162,   34.886036,      -12.20,
 140.306667,   34.886036,      -11.93,
 140.311171,   34.886036,      -11.65,
 140.315676,   34.886036,      -11.36,
 140.320180,   34.886036,      -11.06,
 140.324685,   34.886036,      -10.75,
 140.329189,   34.886036,      -10.46,
 140.333694,   34.886036,      -10.37,
 140.338198,   34.886036,      -10.28,
 140.342703,   34.886036,      -10.22,
 140.347207,   34.886036,      -10.25,
 140.351712,   34.886036,      -10.29,
 140.356216,   34.886036,      -10.33,
 140.360721,   34.886036,      -10.37,
 140.365225,   34.886036,      -10.42,
 140.369730,   34.886036,      -10.48,
 140.374234,   34.886036,      -10.55,
 140.378739,   34.886036,      -10.62,
 140.383243,   34.886036,      -10.69,
 140.387748,   34.886036,      -10.78,
 139.140000,   34.890541,      -17.90,
 139.144505,   34.890541,      -18.13,
 139.149009,   34.890541,      -18.35,
 139.153514,   34.890541,      -18.57,
 139.158018,   34.890541,      -18.78,
 139.162523,   34.890541,      -18.99,
 139.167027,   34.890541,      -19.19,
 139.171532,   34.890541,      -19.38,
 139.176036,   34.890541,      -19.57,
 139.180541,   34.890541,      -19.76,
 139.185045,   34.890541,      -19.93,
 139.189550,   34.890541,      -19.96,
 139.194054,   34.890541,      -19.90,
 139.198559,   34.890541,      -19.83,
 139.203063,   34.890541,      -19.65,
 139.207568,   34.890541,      -19.44,
 139.212072,   34.890541,      -19.25,
 139.216577,   34.890541,      -19.06,
 139.221081,   34.890541,      -18.88,
 139.225586,   34.890541,      -18.71,
 139.230090,   34.890541,      -18.55,
 139.234595,   34.890541,      -18.39,
 139.239099,   34.890541,      -18.24,
 139.243604,   34.890541,      -18.10,
 139.248108,   34.890541,      -17.97,
 139.252613,   34.890541,      -17.84,
 139.257117,   34.890541,      -17.72,
 139.261622,   34.890541,      -17.64,
 139.266126,   34.890541,      -17.65,
 139.270631,   34.890541,      -17.76,
 139.275135,   34.890541,      -17.87,
 139.279640,   34.890541,      -17.97,
 139.284144,   34.890541,      -18.06,
 139.288649,   34.890541,      -18.15,
 139.293153,   34.890541,      -18.23,
 139.297658,   34.890541,      -18.30,
 139.302162,   34.890541,      -18.37,
 139.306667,   34.890541,      -18.43,
 139.311171,   34.890541,      -18.48,
 139.315676,   34.890541,      -18.52,
 139.320180,   34.890541,      -18.56,
 139.324685,   34.890541,      -18.60,
 139.329189,   34.890541,      -18.64,
 139.333694,   34.890541,      -18.72,
 139.338198,   34.890541,      -18.81,
 139.342703,   34.890541,      -18.88,
 139.347207,   34.890541,      -18.96,
 139.351712,   34.890541,      -19.03,
 139.356216,   34.890541,      -19.10,
 139.360721,   34.890541,      -19.16,
 139.365225,   34.890541,      -19.23,
 139.369730,   34.890541,      -19.29,
 139.374234,   34.890541,      -19.39,
 139.378739,   34.890541,      -19.53,
 139.383243,   34.890541,      -19.67,
 139.387748,   34.890541,      -19.80,
 139.392252,   34.890541,      -19.93,
 139.396757,   34.890541,      -20.06,
 139.401261,   34.890541,      -20.19,
 139.405766,   34.890541,      -20.31,
 139.410270,   34.890541,      -20.44,
 139.414775,   34.890541,      -20.56,
 139.419279,   34.890541,      -20.68,
 139.423784,   34.890541,      -20.80,
 139.428288,   34.890541,      -20.91,
 139.432793,   34.890541,      -21.00,
 139.437297,   34.890541,      -21.08,
 139.441802,   34.890541,      -21.15,
 139.446306,   34.890541,      -21.21,
 139.450811,   34.890541,      -21.26,
 139.455315,   34.890541,      -21.31,
 139.459820,   34.890541,      -21.36,
 139.464324,   34.890541,      -21.41,
 139.468829,   34.890541,      -21.48,
 139.473333,   34.890541,      -21.60,
 139.477838,   34.890541,      -21.73,
 139.482342,   34.890541,      -21.86,
 139.486847,   34.890541,      -21.98,
 139.491351,   34.890541,      -22.11,
 139.495856,   34.890541,      -22.22,
 139.500360,   34.890541,      -22.32,
 139.504865,   34.890541,      -22.40,
 139.509369,   34.890541,      -22.51,
 139.513874,   34.890541,      -22.64,
 139.518378,   34.890541,      -22.77,
 139.522883,   34.890541,      -22.89,
 139.527387,   34.890541,      -23.02,
 139.531892,   34.890541,      -23.14,
 139.536396,   34.890541,      -23.28,
 139.540901,   34.890541,      -23.41,
 139.545405,   34.890541,      -23.48,
 139.549910,   34.890541,      -23.55,
 139.554414,   34.890541,      -23.59,
 139.558919,   34.890541,      -23.62,
 139.563423,   34.890541,      -23.62,
 139.567928,   34.890541,      -23.60,
 139.572432,   34.890541,      -23.57,
 139.576937,   34.890541,      -23.54,
 139.581441,   34.890541,      -23.64,
 139.585946,   34.890541,      -23.69,
 139.590450,   34.890541,      -23.73,
 139.594955,   34.890541,      -23.76,
 139.599459,   34.890541,      -23.77,
 139.603964,   34.890541,      -23.78,
 139.608468,   34.890541,      -23.80,
 139.612973,   34.890541,      -23.85,
 139.617477,   34.890541,      -23.89,
 139.621982,   34.890541,      -23.81,
 139.626486,   34.890541,      -23.61,
 139.630991,   34.890541,      -23.31,
 139.635495,   34.890541,      -22.89,
 139.640000,   34.890541,      -22.45,
 139.644505,   34.890541,      -21.96,
 139.649009,   34.890541,      -21.41,
 139.653514,   34.890541,      -20.86,
 139.658018,   34.890541,      -20.32,
 139.662523,   34.890541,      -19.80,
 139.667027,   34.890541,      -19.30,
 139.671532,   34.890541,      -18.84,
 139.676036,   34.890541,      -18.44,
 139.680541,   34.890541,      -18.10,
 139.685045,   34.890541,      -17.79,
 139.689550,   34.890541,      -17.50,
 139.694054,   34.890541,      -17.20,
 139.698559,   34.890541,      -16.84,
 139.703063,   34.890541,      -16.47,
 139.707568,   34.890541,      -16.13,
 139.712072,   34.890541,      -15.64,
 139.716577,   34.890541,      -15.10,
 139.721081,   34.890541,      -14.56,
 139.725586,   34.890541,      -14.01,
 139.730090,   34.890541,      -13.46,
 139.734595,   34.890541,      -12.93,
 139.739099,   34.890541,      -12.25,
 139.743604,   34.890541,      -11.51,
 139.748108,   34.890541,      -10.73,
 139.752613,   34.890541,       -9.93,
 139.757117,   34.890541,       -9.15,
 139.761622,   34.890541,       -8.52,
 139.766126,   34.890541,       -8.00,
 139.770631,   34.890541,       -7.52,
 139.775135,   34.890541,       -7.13,
 139.779640,   34.890541,       -6.78,
 139.784144,   34.890541,       -6.45,
 139.788649,   34.890541,       -6.25,
 139.793153,   34.890541,       -6.10,
 139.797658,   34.890541,       -5.96,
 139.802162,   34.890541,       -6.01,
 139.806667,   34.890541,       -6.08,
 139.811171,   34.890541,       -6.21,
 139.815676,   34.890541,       -6.41,
 139.820180,   34.890541,       -6.54,
 139.824685,   34.890541,       -6.55,
 139.829189,   34.890541,       -6.64,
 139.833694,   34.890541,       -6.85,
 139.838198,   34.890541,       -7.26,
 139.842703,   34.890541,       -7.93,
 139.847207,   34.890541,       -8.75,
 139.851712,   34.890541,       -9.73,
 139.856216,   34.890541,      -10.74,
 139.860721,   34.890541,      -11.49,
 139.865225,   34.890541,      -12.14,
 139.869730,   34.890541,      -12.74,
 139.874234,   34.890541,      -13.16,
 139.878739,   34.890541,      -13.65,
 139.883243,   34.890541,      -14.18,
 139.887748,   34.890541,      -14.65,
 139.892252,   34.890541,      -15.15,
 139.896757,   34.890541,      -15.41,
 139.901261,   34.890541,      -15.54,
 139.905766,   34.890541,      -15.63,
 139.910270,   34.890541,      -15.61,
 139.914775,   34.890541,      -15.58,
 139.919279,   34.890541,      -15.59,
 139.923784,   34.890541,      -15.57,
 139.928288,   34.890541,      -15.56,
 139.932793,   34.890541,      -15.54,
 139.937297,   34.890541,      -15.48,
 139.941802,   34.890541,      -15.40,
 139.946306,   34.890541,      -15.29,
 139.950811,   34.890541,      -15.17,
 139.955315,   34.890541,      -15.05,
 139.959820,   34.890541,      -14.88,
 139.964324,   34.890541,      -14.69,
 139.968829,   34.890541,      -14.50,
 139.973333,   34.890541,      -14.26,
 139.977838,   34.890541,      -14.00,
 139.982342,   34.890541,      -13.80,
 139.986847,   34.890541,      -13.65,
 139.991351,   34.890541,      -13.51,
 139.995856,   34.890541,      -13.45,
 140.000360,   34.890541,      -13.42,
 140.004865,   34.890541,      -13.43,
 140.009369,   34.890541,      -13.48,
 140.013874,   34.890541,      -13.55,
 140.018378,   34.890541,      -13.62,
 140.022883,   34.890541,      -13.67,
 140.027387,   34.890541,      -13.61,
 140.031892,   34.890541,      -13.55,
 140.036396,   34.890541,      -13.50,
 140.040901,   34.890541,      -13.46,
 140.045405,   34.890541,      -13.43,
 140.049910,   34.890541,      -13.42,
 140.054414,   34.890541,      -13.40,
 140.058919,   34.890541,      -13.39,
 140.063423,   34.890541,      -13.37,
 140.067928,   34.890541,      -13.36,
 140.072432,   34.890541,      -13.36,
 140.076937,   34.890541,      -13.38,
 140.081441,   34.890541,      -13.41,
 140.085946,   34.890541,      -13.45,
 140.090450,   34.890541,      -13.49,
 140.094955,   34.890541,      -13.54,
 140.099459,   34.890541,      -13.58,
 140.103964,   34.890541,      -13.63,
 140.108468,   34.890541,      -13.67,
 140.112973,   34.890541,      -13.71,
 140.117477,   34.890541,      -13.76,
 140.121982,   34.890541,      -13.81,
 140.126486,   34.890541,      -13.87,
 140.130991,   34.890541,      -13.93,
 140.135495,   34.890541,      -13.96,
 140.140000,   34.890541,      -13.97,
 140.144505,   34.890541,      -13.97,
 140.149009,   34.890541,      -13.95,
 140.153514,   34.890541,      -13.94,
 140.158018,   34.890541,      -13.92,
 140.162523,   34.890541,      -13.91,
 140.167027,   34.890541,      -13.89,
 140.171532,   34.890541,      -13.88,
 140.176036,   34.890541,      -13.87,
 140.180541,   34.890541,      -13.87,
 140.185045,   34.890541,      -13.86,
 140.189550,   34.890541,      -13.86,
 140.194054,   34.890541,      -13.86,
 140.198559,   34.890541,      -13.86,
 140.203063,   34.890541,      -13.86,
 140.207568,   34.890541,      -13.86,
 140.212072,   34.890541,      -13.90,
 140.216577,   34.890541,      -13.94,
 140.221081,   34.890541,      -14.00,
 140.225586,   34.890541,      -14.06,
 140.230090,   34.890541,      -14.13,
 140.234595,   34.890541,      -14.21,
 140.239099,   34.890541,      -14.30,
 140.243604,   34.890541,      -14.39,
 140.248108,   34.890541,      -14.33,
 140.252613,   34.890541,      -14.19,
 140.257117,   34.890541,      -14.04,
 140.261622,   34.890541,      -13.88,
 140.266126,   34.890541,      -13.71,
 140.270631,   34.890541,      -13.53,
 140.275135,   34.890541,      -13.33,
 140.279640,   34.890541,      -13.13,
 140.284144,   34.890541,      -12.92,
 140.288649,   34.890541,      -12.69,
 140.293153,   34.890541,      -12.45,
 140.297658,   34.890541,      -12.21,
 140.302162,   34.890541,      -11.95,
 140.306667,   34.890541,      -11.68,
 140.311171,   34.890541,      -11.40,
 140.315676,   34.890541,      -11.12,
 140.320180,   34.890541,      -10.82,
 140.324685,   34.890541,      -10.52,
 140.329189,   34.890541,      -10.43,
 140.333694,   34.890541,      -10.34,
 140.338198,   34.890541,      -10.30,
 140.342703,   34.890541,      -10.32,
 140.347207,   34.890541,      -10.35,
 140.351712,   34.890541,      -10.38,
 140.356216,   34.890541,      -10.42,
 140.360721,   34.890541,      -10.47,
 140.365225,   34.890541,      -10.52,
 140.369730,   34.890541,      -10.58,
 140.374234,   34.890541,      -10.65,
 140.378739,   34.890541,      -10.72,
 140.383243,   34.890541,      -10.80,
 140.387748,   34.890541,      -10.88,
 139.140000,   34.895045,      -17.70,
 139.144505,   34.895045,      -17.93,
 139.149009,   34.895045,      -18.15,
 139.153514,   34.895045,      -18.37,
 139.158018,   34.895045,      -18.59,
 139.162523,   34.895045,      -18.79,
 139.167027,   34.895045,      -19.00,
 139.171532,   34.895045,      -19.19,
 139.176036,   34.895045,      -19.38,
 139.180541,   34.895045,      -19.56,
 139.185045,   34.895045,      -19.74,
 139.189550,   34.895045,      -19.91,
 139.194054,   34.895045,      -19.99,
 139.198559,   34.895045,      -19.92,
 139.203063,   34.895045,      -19.85,
 139.207568,   34.895045,      -19.68,
 139.212072,   34.895045,      -19.48,
 139.216577,   34.895045,      -19.30,
 139.221081,   34.895045,      -19.12,
 139.225586,   34.895045,      -18.95,
 139.230090,   34.895045,      -18.78,
 139.234595,   34.895045,      -18.63,
 139.239099,   34.895045,      -18.48,
 139.243604,   34.895045,      -18.34,
 139.248108,   34.895045,      -18.20,
 139.252613,   34.895045,      -18.08,
 139.257117,   34.895045,      -17.96,
 139.261622,   34.895045,      -17.85,
 139.266126,   34.895045,      -17.77,
 139.270631,   34.895045,      -17.80,
 139.275135,   34.895045,      -17.90,
 139.279640,   34.895045,      -18.00,
 139.284144,   34.895045,      -18.09,
 139.288649,   34.895045,      -18.18,
 139.293153,   34.895045,      -18.26,
 139.297658,   34.895045,      -18.33,
 139.302162,   34.895045,      -18.40,
 139.306667,   34.895045,      -18.45,
 139.311171,   34.895045,      -18.51,
 139.315676,   34.895045,      -18.55,
 139.320180,   34.895045,      -18.58,
 139.324685,   34.895045,      -18.60,
 139.329189,   34.895045,      -18.62,
 139.333694,   34.895045,      -18.68,
 139.338198,   34.895045,      -18.76,
 139.342703,   34.895045,      -18.84,
 139.347207,   34.895045,      -18.91,
 139.351712,   34.895045,      -18.98,
 139.356216,   34.895045,      -19.05,
 139.360721,   34.895045,      -19.11,
 139.365225,   34.895045,      -19.17,
 139.369730,   34.895045,      -19.23,
 139.374234,   34.895045,      -19.29,
 139.378739,   34.895045,      -19.41,
 139.383243,   34.895045,      -19.55,
 139.387748,   34.895045,      -19.68,
 139.392252,   34.895045,      -19.81,
 139.396757,   34.895045,      -19.94,
 139.401261,   34.895045,      -20.06,
 139.405766,   34.895045,      -20.19,
 139.410270,   34.895045,      -20.31,
 139.414775,   34.895045,      -20.43,
 139.419279,   34.895045,      -20.55,
 139.423784,   34.895045,      -20.67,
 139.428288,   34.895045,      -20.78,
 139.432793,   34.895045,      -20.87,
 139.437297,   34.895045,      -20.93,
 139.441802,   34.895045,      -20.99,
 139.446306,   34.895045,      -21.04,
 139.450811,   34.895045,      -21.09,
 139.455315,   34.895045,      -21.13,
 139.459820,   34.895045,      -21.18,
 139.464324,   34.895045,      -21.23,
 139.468829,   34.895045,      -21.30,
 139.473333,   34.895045,      -21.39,
 139.477838,   34.895045,      -21.52,
 139.482342,   34.895045,      -21.64,
 139.486847,   34.895045,      -21.77,
 139.491351,   34.895045,      -21.87,
 139.495856,   34.895045,      -21.97,
 139.500360,   34.895045,      -22.04,
 139.504865,   34.895045,      -22.10,
 139.509369,   34.895045,      -22.18,
 139.513874,   34.895045,      -22.28,
 139.518378,   34.895045,      -22.40,
 139.522883,   34.895045,      -22.52,
 139.527387,   34.895045,      -22.65,
 139.531892,   34.895045,      -22.78,
 139.536396,   34.895045,      -22.92,
 139.540901,   34.895045,      -23.06,
 139.545405,   34.895045,      -23.16,
 139.549910,   34.895045,      -23.22,
 139.554414,   34.895045,      -23.25,
 139.558919,   34.895045,      -23.27,
 139.563423,   34.895045,      -23.27,
 139.567928,   34.895045,      -23.30,
 139.572432,   34.895045,      -23.36,
 139.576937,   34.895045,      -23.49,
 139.581441,   34.895045,      -23.62,
 139.585946,   34.895045,      -23.68,
 139.590450,   34.895045,      -23.71,
 139.594955,   34.895045,      -23.73,
 139.599459,   34.895045,      -23.73,
 139.603964,   34.895045,      -23.73,
 139.608468,   34.895045,      -23.72,
 139.612973,   34.895045,      -23.73,
 139.617477,   34.895045,      -23.72,
 139.621982,   34.895045,      -23.47,
 139.626486,   34.895045,      -23.13,
 139.630991,   34.895045,      -22.72,
 139.635495,   34.895045,      -22.29,
 139.640000,   34.895045,      -21.87,
 139.644505,   34.895045,      -21.44,
 139.649009,   34.895045,      -20.92,
 139.653514,   34.895045,      -20.39,
 139.658018,   34.895045,      -19.86,
 139.662523,   34.895045,      -19.34,
 139.667027,   34.895045,      -18.81,
 139.671532,   34.895045,      -18.32,
 139.676036,   34.895045,      -18.01,
 139.680541,   34.895045,      -17.70,
 139.685045,   34.895045,      -17.37,
 139.689550,   34.895045,      -17.01,
 139.694054,   34.895045,      -16.62,
 139.698559,   34.895045,      -16.23,
 139.703063,   34.895045,      -15.86,
 139.707568,   34.895045,      -15.38,
 139.712072,   34.895045,      -14.82,
 139.716577,   34.895045,      -14.27,
 139.721081,   34.895045,      -13.70,
 139.725586,   34.895045,      -13.08,
 139.730090,   34.895045,      -12.49,
 139.734595,   34.895045,      -11.92,
 139.739099,   34.895045,      -11.23,
 139.743604,   34.895045,      -10.50,
 139.748108,   34.895045,       -9.74,
 139.752613,   34.895045,       -9.06,
 139.757117,   34.895045,       -8.43,
 139.761622,   34.895045,       -7.93,
 139.766126,   34.895045,       -7.45,
 139.770631,   34.895045,       -7.02,
 139.775135,   34.895045,       -6.69,
 139.779640,   34.895045,       -6.35,
 139.784144,   34.895045,       -6.11,
 139.788649,   34.895045,       -6.01,
 139.793153,   34.895045,       -5.88,
 139.797658,   34.895045,       -5.92,
 139.802162,   34.895045,       -6.04,
 139.806667,   34.895045,       -6.14,
 139.811171,   34.895045,       -6.38,
 139.815676,   34.895045,       -6.66,
 139.820180,   34.895045,       -6.78,
 139.824685,   34.895045,       -6.67,
 139.829189,   34.895045,       -6.63,
 139.833694,   34.895045,       -6.83,
 139.838198,   34.895045,       -7.16,
 139.842703,   34.895045,       -7.72,
 139.847207,   34.895045,       -8.62,
 139.851712,   34.895045,       -9.56,
 139.856216,   34.895045,      -10.39,
 139.860721,   34.895045,      -11.10,
 139.865225,   34.895045,      -11.72,
 139.869730,   34.895045,      -12.13,
 139.874234,   34.895045,      -12.48,
 139.878739,   34.895045,      -12.98,
 139.883243,   34.895045,      -13.58,
 139.887748,   34.895045,      -14.12,
 139.892252,   34.895045,      -14.65,
 139.896757,   34.895045,      -15.11,
 139.901261,   34.895045,      -15.27,
 139.905766,   34.895045,      -15.36,
 139.910270,   34.895045,      -15.41,
 139.914775,   34.895045,      -15.40,
 139.919279,   34.895045,      -15.44,
 139.923784,   34.895045,      -15.46,
 139.928288,   34.895045,      -15.46,
 139.932793,   34.895045,      -15.48,
 139.937297,   34.895045,      -15.41,
 139.941802,   34.895045,      -15.32,
 139.946306,   34.895045,      -15.22,
 139.950811,   34.895045,      -15.12,
 139.955315,   34.895045,      -15.01,
 139.959820,   34.895045,      -14.89,
 139.964324,   34.895045,      -14.72,
 139.968829,   34.895045,      -14.53,
 139.973333,   34.895045,      -14.30,
 139.977838,   34.895045,      -14.04,
 139.982342,   34.895045,      -13.79,
 139.986847,   34.895045,      -13.59,
 139.991351,   34.895045,      -13.46,
 139.995856,   34.895045,      -13.38,
 140.000360,   34.895045,      -13.31,
 140.004865,   34.895045,      -13.24,
 140.009369,   34.895045,      -13.28,
 140.013874,   34.895045,      -13.33,
 140.018378,   34.895045,      -13.39,
 140.022883,   34.895045,      -13.43,
 140.027387,   34.895045,      -13.43,
 140.031892,   34.895045,      -13.40,
 140.036396,   34.895045,      -13.36,
 140.040901,   34.895045,      -13.32,
 140.045405,   34.895045,      -13.29,
 140.049910,   34.895045,      -13.27,
 140.054414,   34.895045,      -13.27,
 140.058919,   34.895045,      -13.26,
 140.063423,   34.895045,      -13.26,
 140.067928,   34.895045,      -13.25,
 140.072432,   34.895045,      -13.26,
 140.076937,   34.895045,      -13.29,
 140.081441,   34.895045,      -13.33,
 140.085946,   34.895045,      -13.37,
 140.090450,   34.895045,      -13.41,
 140.094955,   34.895045,      -13.46,
 140.099459,   34.895045,      -13.51,
 140.103964,   34.895045,      -13.57,
 140.108468,   34.895045,      -13.61,
 140.112973,   34.895045,      -13.66,
 140.117477,   34.895045,      -13.71,
 140.121982,   34.895045,      -13.76,
 140.126486,   34.895045,      -13.82,
 140.130991,   34.895045,      -13.88,
 140.135495,   34.895045,      -13.93,
 140.140000,   34.895045,      -13.96,
 140.144505,   34.895045,      -13.96,
 140.149009,   34.895045,      -13.95,
 140.153514,   34.895045,      -13.93,
 140.158018,   34.895045,      -13.92,
 140.162523,   34.895045,      -13.91,
 140.167027,   34.895045,      -13.89,
 140.171532,   34.895045,      -13.88,
 140.176036,   34.895045,      -13.87,
 140.180541,   34.895045,      -13.87,
 140.185045,   34.895045,      -13.86,
 140.189550,   34.895045,      -13.86,
 140.194054,   34.895045,      -13.86,
 140.198559,   34.895045,      -13.86,
 140.203063,   34.895045,      -13.86,
 140.207568,   34.895045,      -13.86,
 140.212072,   34.895045,      -13.86,
 140.216577,   34.895045,      -13.89,
 140.221081,   34.895045,      -13.94,
 140.225586,   34.895045,      -14.00,
 140.230090,   34.895045,      -14.07,
 140.234595,   34.895045,      -14.15,
 140.239099,   34.895045,      -14.23,
 140.243604,   34.895045,      -14.20,
 140.248108,   34.895045,      -14.08,
 140.252613,   34.895045,      -13.94,
 140.257117,   34.895045,      -13.79,
 140.261622,   34.895045,      -13.63,
 140.266126,   34.895045,      -13.46,
 140.270631,   34.895045,      -13.28,
 140.275135,   34.895045,      -13.09,
 140.279640,   34.895045,      -12.89,
 140.284144,   34.895045,      -12.67,
 140.288649,   34.895045,      -12.45,
 140.293153,   34.895045,      -12.21,
 140.297658,   34.895045,      -11.97,
 140.302162,   34.895045,      -11.71,
 140.306667,   34.895045,      -11.44,
 140.311171,   34.895045,      -11.17,
 140.315676,   34.895045,      -10.88,
 140.320180,   34.895045,      -10.58,
 140.324685,   34.895045,      -10.49,
 140.329189,   34.895045,      -10.39,
 140.333694,   34.895045,      -10.37,
 140.338198,   34.895045,      -10.39,
 140.342703,   34.895045,      -10.41,
 140.347207,   34.895045,      -10.44,
 140.351712,   34.895045,      -10.48,
 140.356216,   34.895045,      -10.52,
 140.360721,   34.895045,      -10.56,
 140.365225,   34.895045,      -10.62,
 140.369730,   34.895045,      -10.68,
 140.374234,   34.895045,      -10.74,
 140.378739,   34.895045,      -10.82,
 140.383243,   34.895045,      -10.89,
 140.387748,   34.895045,      -10.87,
 139.140000,   34.899550,      -17.50,
 139.144505,   34.899550,      -17.73,
 139.149009,   34.899550,      -17.96,
 139.153514,   34.899550,      -18.18,
 139.158018,   34.899550,      -18.40,
 139.162523,   34.899550,      -18.60,
 139.167027,   34.899550,      -18.81,
 139.171532,   34.899550,      -19.00,
 139.176036,   34.899550,      -19.19,
 139.180541,   34.899550,      -19.38,
 139.185045,   34.899550,      -19.56,
 139.189550,   34.899550,      -19.73,
 139.194054,   34.899550,      -19.90,
 139.198559,   34.899550,      -20.02,
 139.203063,   34.899550,      -19.95,
 139.207568,   34.899550,      -19.88,
 139.212072,   34.899550,      -19.71,
 139.216577,   34.899550,      -19.53,
 139.221081,   34.899550,      -19.35,
 139.225586,   34.899550,      -19.17,
 139.230090,   34.899550,      -19.01,
 139.234595,   34.899550,      -18.85,
 139.239099,   34.899550,      -18.71,
 139.243604,   34.899550,      -18.56,
 139.248108,   34.899550,      -18.43,
 139.252613,   34.899550,      -18.30,
 139.257117,   34.899550,      -18.19,
 139.261622,   34.899550,      -18.07,
 139.266126,   34.899550,      -17.97,
 139.270631,   34.899550,      -17.90,
 139.275135,   34.899550,      -17.95,
 139.279640,   34.899550,      -18.05,
 139.284144,   34.899550,      -18.14,
 139.288649,   34.899550,      -18.22,
 139.293153,   34.899550,      -18.30,
 139.297658,   34.899550,      -18.37,
 139.302162,   34.899550,      -18.43,
 139.306667,   34.899550,      -18.49,
 139.311171,   34.899550,      -18.54,
 139.315676,   34.899550,      -18.57,
 139.320180,   34.899550,      -18.58,
 139.324685,   34.899550,      -18.59,
 139.329189,   34.899550,      -18.61,
 139.333694,   34.899550,      -18.65,
 139.338198,   34.899550,      -18.72,
 139.342703,   34.899550,      -18.80,
 139.347207,   34.899550,      -18.87,
 139.351712,   34.899550,      -18.94,
 139.356216,   34.899550,      -19.00,
 139.360721,   34.899550,      -19.05,
 139.365225,   34.899550,      -19.11,
 139.369730,   34.899550,      -19.16,
 139.374234,   34.899550,      -19.23,
 139.378739,   34.899550,      -19.33,
 139.383243,   34.899550,      -19.44,
 139.387748,   34.899550,      -19.57,
 139.392252,   34.899550,      -19.70,
 139.396757,   34.899550,      -19.83,
 139.401261,   34.899550,      -19.95,
 139.405766,   34.899550,      -20.07,
 139.410270,   34.899550,      -20.19,
 139.414775,   34.899550,      -20.31,
 139.419279,   34.899550,      -20.42,
 139.423784,   34.899550,      -20.54,
 139.428288,   34.899550,      -20.65,
 139.432793,   34.899550,      -20.72,
 139.437297,   34.899550,      -20.77,
 139.441802,   34.899550,      -20.81,
 139.446306,   34.899550,      -20.85,
 139.450811,   34.899550,      -20.90,
 139.455315,   34.899550,      -20.95,
 139.459820,   34.899550,      -21.00,
 139.464324,   34.899550,      -21.05,
 139.468829,   34.899550,      -21.12,
 139.473333,   34.899550,      -21.20,
 139.477838,   34.899550,      -21.31,
 139.482342,   34.899550,      -21.43,
 139.486847,   34.899550,      -21.54,
 139.491351,   34.899550,      -21.63,
 139.495856,   34.899550,      -21.71,
 139.500360,   34.899550,      -21.77,
 139.504865,   34.899550,      -21.81,
 139.509369,   34.899550,      -21.86,
 139.513874,   34.899550,      -21.94,
 139.518378,   34.899550,      -22.03,
 139.522883,   34.899550,      -22.16,
 139.527387,   34.899550,      -22.29,
 139.531892,   34.899550,      -22.42,
 139.536396,   34.899550,      -22.57,
 139.540901,   34.899550,      -22.71,
 139.545405,   34.899550,      -22.84,
 139.549910,   34.899550,      -22.93,
 139.554414,   34.899550,      -22.98,
 139.558919,   34.899550,      -23.00,
 139.563423,   34.899550,      -23.05,
 139.567928,   34.899550,      -23.13,
 139.572432,   34.899550,      -23.26,
 139.576937,   34.899550,      -23.44,
 139.581441,   34.899550,      -23.60,
 139.585946,   34.899550,      -23.69,
 139.590450,   34.899550,      -23.72,
 139.594955,   34.899550,      -23.72,
 139.599459,   34.899550,      -23.71,
 139.603964,   34.899550,      -23.68,
 139.608468,   34.899550,      -23.65,
 139.612973,   34.899550,      -23.62,
 139.617477,   34.899550,      -23.41,
 139.621982,   34.899550,      -22.98,
 139.626486,   34.899550,      -22.55,
 139.630991,   34.899550,      -22.11,
 139.635495,   34.899550,      -21.69,
 139.640000,   34.899550,      -21.26,
 139.644505,   34.899550,      -20.85,
 139.649009,   34.899550,      -20.43,
 139.653514,   34.899550,      -19.93,
 139.658018,   34.899550,      -19.41,
 139.662523,   34.899550,      -18.89,
 139.667027,   34.899550,      -18.36,
 139.671532,   34.899550,      -17.95,
 139.676036,   34.899550,      -17.66,
 139.680541,   34.899550,      -17.36,
 139.685045,   34.899550,      -17.04,
 139.689550,   34.899550,      -16.64,
 139.694054,   34.899550,      -16.11,
 139.698559,   34.899550,      -15.63,
 139.703063,   34.899550,      -15.20,
 139.707568,   34.899550,      -14.64,
 139.712072,   34.899550,      -14.00,
 139.716577,   34.899550,      -13.38,
 139.721081,   34.899550,      -12.67,
 139.725586,   34.899550,      -12.00,
 139.730090,   34.899550,      -11.36,
 139.734595,   34.899550,      -10.73,
 139.739099,   34.899550,      -10.06,
 139.743604,   34.899550,       -9.41,
 139.748108,   34.899550,       -8.81,
 139.752613,   34.899550,       -8.25,
 139.757117,   34.899550,       -7.75,
 139.761622,   34.899550,       -7.28,
 139.766126,   34.899550,       -6.86,
 139.770631,   34.899550,       -6.54,
 139.775135,   34.899550,       -6.25,
 139.779640,   34.899550,       -5.98,
 139.784144,   34.899550,       -5.93,
 139.788649,   34.899550,       -5.85,
 139.793153,   34.899550,       -5.85,
 139.797658,   34.899550,       -5.98,
 139.802162,   34.899550,       -6.10,
 139.806667,   34.899550,       -6.27,
 139.811171,   34.899550,       -6.51,
 139.815676,   34.899550,       -6.74,
 139.820180,   34.899550,       -6.79,
 139.824685,   34.899550,       -6.72,
 139.829189,   34.899550,       -6.65,
 139.833694,   34.899550,       -6.75,
 139.838198,   34.899550,       -6.96,
 139.842703,   34.899550,       -7.48,
 139.847207,   34.899550,       -8.40,
 139.851712,   34.899550,       -9.32,
 139.856216,   34.899550,      -10.07,
 139.860721,   34.899550,      -10.76,
 139.865225,   34.899550,      -11.25,
 139.869730,   34.899550,      -11.58,
 139.874234,   34.899550,      -11.87,
 139.878739,   34.899550,      -12.25,
 139.883243,   34.899550,      -12.81,
 139.887748,   34.899550,      -13.54,
 139.892252,   34.899550,      -14.17,
 139.896757,   34.899550,      -14.72,
 139.901261,   34.899550,      -15.08,
 139.905766,   34.899550,      -15.19,
 139.910270,   34.899550,      -15.21,
 139.914775,   34.899550,      -15.16,
 139.919279,   34.899550,      -15.18,
 139.923784,   34.899550,      -15.26,
 139.928288,   34.899550,      -15.28,
 139.932793,   34.899550,      -15.29,
 139.937297,   34.899550,      -15.27,
 139.941802,   34.899550,      -15.20,
 139.946306,   34.899550,      -15.14,
 139.950811,   34.899550,      -15.07,
 139.955315,   34.899550,      -14.97,
 139.959820,   34.899550,      -14.89,
 139.964324,   34.899550,      -14.75,
 139.968829,   34.899550,      -14.56,
 139.973333,   34.899550,      -14.34,
 139.977838,   34.899550,      -14.09,
 139.982342,   34.899550,      -13.87,
 139.986847,   34.899550,      -13.62,
 139.991351,   34.899550,      -13.42,
 139.995856,   34.899550,      -13.33,
 140.000360,   34.899550,      -13.26,
 140.004865,   34.899550,      -13.15,
 140.009369,   34.899550,      -13.10,
 140.013874,   34.899550,      -13.10,
 140.018378,   34.899550,      -13.14,
 140.022883,   34.899550,      -13.17,
 140.027387,   34.899550,      -13.20,
 140.031892,   34.899550,      -13.21,
 140.036396,   34.899550,      -13.21,
 140.040901,   34.899550,      -13.18,
 140.045405,   34.899550,      -13.14,
 140.049910,   34.899550,      -13.11,
 140.054414,   34.899550,      -13.10,
 140.058919,   34.899550,      -13.10,
 140.063423,   34.899550,      -13.12,
 140.067928,   34.899550,      -13.14,
 140.072432,   34.899550,      -13.17,
 140.076937,   34.899550,      -13.20,
 140.081441,   34.899550,      -13.24,
 140.085946,   34.899550,      -13.28,
 140.090450,   34.899550,      -13.33,
 140.094955,   34.899550,      -13.38,
 140.099459,   34.899550,      -13.43,
 140.103964,   34.899550,      -13.48,
 140.108468,   34.899550,      -13.54,
 140.112973,   34.899550,      -13.59,
 140.117477,   34.899550,      -13.64,
 140.121982,   34.899550,      -13.70,
 140.126486,   34.899550,      -13.76,
 140.130991,   34.899550,      -13.82,
 140.135495,   34.899550,      -13.89,
 140.140000,   34.899550,      -13.95,
 140.144505,   34.899550,      -13.96,
 140.149009,   34.899550,      -13.94,
 140.153514,   34.899550,      -13.92,
 140.158018,   34.899550,      -13.91,
 140.162523,   34.899550,      -13.90,
 140.167027,   34.899550,      -13.89,
 140.171532,   34.899550,      -13.88,
 140.176036,   34.899550,      -13.87,
 140.180541,   34.899550,      -13.87,
 140.185045,   34.899550,      -13.86,
 140.189550,   34.899550,      -13.86,
 140.194054,   34.899550,      -13.86,
 140.198559,   34.899550,      -13.86,
 140.203063,   34.899550,      -13.86,
 140.207568,   34.899550,      -13.85,
 140.212072,   34.899550,      -13.86,
 140.216577,   34.899550,      -13.86,
 140.221081,   34.899550,      -13.87,
 140.225586,   34.899550,      -13.93,
 140.230090,   34.899550,      -14.00,
 140.234595,   34.899550,      -14.07,
 140.239099,   34.899550,      -14.08,
 140.243604,   34.899550,      -13.97,
 140.248108,   34.899550,      -13.84,
 140.252613,   34.899550,      -13.70,
 140.257117,   34.899550,      -13.55,
 140.261622,   34.899550,      -13.39,
 140.266126,   34.899550,      -13.23,
 140.270631,   34.899550,      -13.05,
 140.275135,   34.899550,      -12.85,
 140.279640,   34.899550,      -12.65,
 140.284144,   34.899550,      -12.44,
 140.288649,   34.899550,      -12.22,
 140.293153,   34.899550,      -11.98,
 140.297658,   34.899550,      -11.74,
 140.302162,   34.899550,      -11.48,
 140.306667,   34.899550,      -11.22,
 140.311171,   34.899550,      -10.94,
 140.315676,   34.899550,      -10.65,
 140.320180,   34.899550,      -10.55,
 140.324685,   34.899550,      -10.45,
 140.329189,   34.899550,      -10.44,
 140.333694,   34.899550,      -10.45,
 140.338198,   34.899550,      -10.47,
 140.342703,   34.899550,      -10.49,
 140.347207,   34.899550,      -10.52,
 140.351712,   34.899550,      -10.56,
 140.356216,   34.899550,      -10.60,
 140.360721,   34.899550,      -10.65,
 140.365225,   34.899550,      -10.71,
 140.369730,   34.899550,      -10.77,
 140.374234,   34.899550,      -10.83,
 140.378739,   34.899550,      -10.89,
 140.383243,   34.899550,      -10.87,
 140.387748,   34.899550,      -10.84,
 139.140000,   34.904054,      -17.31,
 139.144505,   34.904054,      -17.55,
 139.149009,   34.904054,      -17.77,
 139.153514,   34.904054,      -18.00,
 139.158018,   34.904054,      -18.21,
 139.162523,   34.904054,      -18.42,
 139.167027,   34.904054,      -18.62,
 139.171532,   34.904054,      -18.82,
 139.176036,   34.904054,      -19.01,
 139.180541,   34.904054,      -19.20,
 139.185045,   34.904054,      -19.38,
 139.189550,   34.904054,      -19.55,
 139.194054,   34.904054,      -19.72,
 139.198559,   34.904054,      -19.88,
 139.203063,   34.904054,      -20.04,
 139.207568,   34.904054,      -19.98,
 139.212072,   34.904054,      -19.91,
 139.216577,   34.904054,      -19.75,
 139.221081,   34.904054,      -19.57,
 139.225586,   34.904054,      -19.40,
 139.230090,   34.904054,      -19.23,
 139.234595,   34.904054,      -19.07,
 139.239099,   34.904054,      -18.93,
 139.243604,   34.904054,      -18.78,
 139.248108,   34.904054,      -18.65,
 139.252613,   34.904054,      -18.52,
 139.257117,   34.904054,      -18.41,
 139.261622,   34.904054,      -18.29,
 139.266126,   34.904054,      -18.19,
 139.270631,   34.904054,      -18.10,
 139.275135,   34.904054,      -18.03,
 139.279640,   34.904054,      -18.09,
 139.284144,   34.904054,      -18.18,
 139.288649,   34.904054,      -18.27,
 139.293153,   34.904054,      -18.34,
 139.297658,   34.904054,      -18.41,
 139.302162,   34.904054,      -18.47,
 139.306667,   34.904054,      -18.53,
 139.311171,   34.904054,      -18.56,
 139.315676,   34.904054,      -18.57,
 139.320180,   34.904054,      -18.58,
 139.324685,   34.904054,      -18.59,
 139.329189,   34.904054,      -18.60,
 139.333694,   34.904054,      -18.63,
 139.338198,   34.904054,      -18.68,
 139.342703,   34.904054,      -18.76,
 139.347207,   34.904054,      -18.83,
 139.351712,   34.904054,      -18.89,
 139.356216,   34.904054,      -18.94,
 139.360721,   34.904054,      -18.99,
 139.365225,   34.904054,      -19.04,
 139.369730,   34.904054,      -19.09,
 139.374234,   34.904054,      -19.16,
 139.378739,   34.904054,      -19.24,
 139.383243,   34.904054,      -19.35,
 139.387748,   34.904054,      -19.47,
 139.392252,   34.904054,      -19.59,
 139.396757,   34.904054,      -19.72,
 139.401261,   34.904054,      -19.84,
 139.405766,   34.904054,      -19.95,
 139.410270,   34.904054,      -20.06,
 139.414775,   34.904054,      -20.17,
 139.419279,   34.904054,      -20.28,
 139.423784,   34.904054,      -20.40,
 139.428288,   34.904054,      -20.51,
 139.432793,   34.904054,      -20.53,
 139.437297,   34.904054,      -20.56,
 139.441802,   34.904054,      -20.60,
 139.446306,   34.904054,      -20.65,
 139.450811,   34.904054,      -20.69,
 139.455315,   34.904054,      -20.75,
 139.459820,   34.904054,      -20.80,
 139.464324,   34.904054,      -20.86,
 139.468829,   34.904054,      -20.93,
 139.473333,   34.904054,      -21.01,
 139.477838,   34.904054,      -21.10,
 139.482342,   34.904054,      -21.21,
 139.486847,   34.904054,      -21.31,
 139.491351,   34.904054,      -21.38,
 139.495856,   34.904054,      -21.45,
 139.500360,   34.904054,      -21.50,
 139.504865,   34.904054,      -21.53,
 139.509369,   34.904054,      -21.56,
 139.513874,   34.904054,      -21.61,
 139.518378,   34.904054,      -21.68,
 139.522883,   34.904054,      -21.79,
 139.527387,   34.904054,      -21.93,
 139.531892,   34.904054,      -22.07,
 139.536396,   34.904054,      -22.22,
 139.540901,   34.904054,      -22.38,
 139.545405,   34.904054,      -22.52,
 139.549910,   34.904054,      -22.63,
 139.554414,   34.904054,      -22.71,
 139.558919,   34.904054,      -22.76,
 139.563423,   34.904054,      -22.85,
 139.567928,   34.904054,      -23.00,
 139.572432,   34.904054,      -23.18,
 139.576937,   34.904054,      -23.42,
 139.581441,   34.904054,      -23.60,
 139.585946,   34.904054,      -23.71,
 139.590450,   34.904054,      -23.75,
 139.594955,   34.904054,      -23.71,
 139.599459,   34.904054,      -23.64,
 139.603964,   34.904054,      -23.56,
 139.608468,   34.904054,      -23.47,
 139.612973,   34.904054,      -23.33,
 139.617477,   34.904054,      -22.92,
 139.621982,   34.904054,      -22.45,
 139.626486,   34.904054,      -21.99,
 139.630991,   34.904054,      -21.52,
 139.635495,   34.904054,      -21.07,
 139.640000,   34.904054,      -20.65,
 139.644505,   34.904054,      -20.24,
 139.649009,   34.904054,      -19.84,
 139.653514,   34.904054,      -19.41,
 139.658018,   34.904054,      -18.95,
 139.662523,   34.904054,      -18.44,
 139.667027,   34.904054,      -17.98,
 139.671532,   34.904054,      -17.63,
 139.676036,   34.904054,      -17.35,
 139.680541,   34.904054,      -17.06,
 139.685045,   34.904054,      -16.74,
 139.689550,   34.904054,      -16.28,
 139.694054,   34.904054,      -15.69,
 139.698559,   34.904054,      -15.10,
 139.703063,   34.904054,      -14.55,
 139.707568,   34.904054,      -13.80,
 139.712072,   34.904054,      -13.07,
 139.716577,   34.904054,      -12.34,
 139.721081,   34.904054,      -11.61,
 139.725586,   34.904054,      -10.86,
 139.730090,   34.904054,      -10.15,
 139.734595,   34.904054,       -9.49,
 139.739099,   34.904054,       -8.83,
 139.743604,   34.904054,       -8.27,
 139.748108,   34.904054,       -7.90,
 139.752613,   34.904054,       -7.45,
 139.757117,   34.904054,       -7.02,
 139.761622,   34.904054,       -6.62,
 139.766126,   34.904054,       -6.40,
 139.770631,   34.904054,       -6.15,
 139.775135,   34.904054,       -5.83,
 139.779640,   34.904054,       -5.78,
 139.784144,   34.904054,       -5.80,
 139.788649,   34.904054,       -5.79,
 139.793153,   34.904054,       -5.95,
 139.797658,   34.904054,       -6.07,
 139.802162,   34.904054,       -6.21,
 139.806667,   34.904054,       -6.41,
 139.811171,   34.904054,       -6.61,
 139.815676,   34.904054,       -6.71,
 139.820180,   34.904054,       -6.72,
 139.824685,   34.904054,       -6.70,
 139.829189,   34.904054,       -6.62,
 139.833694,   34.904054,       -6.66,
 139.838198,   34.904054,       -6.77,
 139.842703,   34.904054,       -7.18,
 139.847207,   34.904054,       -8.11,
 139.851712,   34.904054,       -9.05,
 139.856216,   34.904054,       -9.88,
 139.860721,   34.904054,      -10.46,
 139.865225,   34.904054,      -10.84,
 139.869730,   34.904054,      -11.15,
 139.874234,   34.904054,      -11.41,
 139.878739,   34.904054,      -11.65,
 139.883243,   34.904054,      -11.96,
 139.887748,   34.904054,      -12.93,
 139.892252,   34.904054,      -13.73,
 139.896757,   34.904054,      -14.32,
 139.901261,   34.904054,      -14.85,
 139.905766,   34.904054,      -15.09,
 139.910270,   34.904054,      -15.04,
 139.914775,   34.904054,      -14.91,
 139.919279,   34.904054,      -14.93,
 139.923784,   34.904054,      -15.02,
 139.928288,   34.904054,      -15.07,
 139.932793,   34.904054,      -15.11,
 139.937297,   34.904054,      -15.10,
 139.941802,   34.904054,      -15.08,
 139.946306,   34.904054,      -15.06,
 139.950811,   34.904054,      -15.02,
 139.955315,   34.904054,      -14.99,
 139.959820,   34.904054,      -14.92,
 139.964324,   34.904054,      -14.83,
 139.968829,   34.904054,      -14.68,
 139.973333,   34.904054,      -14.47,
 139.977838,   34.904054,      -14.23,
 139.982342,   34.904054,      -13.99,
 139.986847,   34.904054,      -13.76,
 139.991351,   34.904054,      -13.51,
 139.995856,   34.904054,      -13.31,
 140.000360,   34.904054,      -13.20,
 140.004865,   34.904054,      -13.09,
 140.009369,   34.904054,      -12.97,
 140.013874,   34.904054,      -12.88,
 140.018378,   34.904054,      -12.89,
 140.022883,   34.904054,      -12.93,
 140.027387,   34.904054,      -12.95,
 140.031892,   34.904054,      -12.98,
 140.036396,   34.904054,      -12.99,
 140.040901,   34.904054,      -12.98,
 140.045405,   34.904054,      -12.95,
 140.049910,   34.904054,      -12.92,
 140.054414,   34.904054,      -12.91,
 140.058919,   34.904054,      -12.92,
 140.063423,   34.904054,      -12.94,
 140.067928,   34.904054,      -12.99,
 140.072432,   34.904054,      -13.05,
 140.076937,   34.904054,      -13.10,
 140.081441,   34.904054,      -13.14,
 140.085946,   34.904054,      -13.19,
 140.090450,   34.904054,      -13.23,
 140.094955,   34.904054,      -13.28,
 140.099459,   34.904054,      -13.33,
 140.103964,   34.904054,      -13.39,
 140.108468,   34.904054,      -13.46,
 140.112973,   34.904054,      -13.52,
 140.117477,   34.904054,      -13.58,
 140.121982,   34.904054,      -13.63,
 140.126486,   34.904054,      -13.69,
 140.130991,   34.904054,      -13.76,
 140.135495,   34.904054,      -13.82,
 140.140000,   34.904054,      -13.89,
 140.144505,   34.904054,      -13.93,
 140.149009,   34.904054,      -13.91,
 140.153514,   34.904054,      -13.90,
 140.158018,   34.904054,      -13.89,
 140.162523,   34.904054,      -13.88,
 140.167027,   34.904054,      -13.88,
 140.171532,   34.904054,      -13.88,
 140.176036,   34.904054,      -13.87,
 140.180541,   34.904054,      -13.87,
 140.185045,   34.904054,      -13.86,
 140.189550,   34.904054,      -13.86,
 140.194054,   34.904054,      -13.85,
 140.198559,   34.904054,      -13.85,
 140.203063,   34.904054,      -13.84,
 140.207568,   34.904054,      -13.84,
 140.212072,   34.904054,      -13.84,
 140.216577,   34.904054,      -13.84,
 140.221081,   34.904054,      -13.85,
 140.225586,   34.904054,      -13.86,
 140.230090,   34.904054,      -13.92,
 140.234595,   34.904054,      -13.96,
 140.239099,   34.904054,      -13.85,
 140.243604,   34.904054,      -13.74,
 140.248108,   34.904054,      -13.61,
 140.252613,   34.904054,      -13.47,
 140.257117,   34.904054,      -13.33,
 140.261622,   34.904054,      -13.17,
 140.266126,   34.904054,      -13.00,
 140.270631,   34.904054,      -12.82,
 140.275135,   34.904054,      -12.63,
 140.279640,   34.904054,      -12.43,
 140.284144,   34.904054,      -12.22,
 140.288649,   34.904054,      -12.00,
 140.293153,   34.904054,      -11.76,
 140.297658,   34.904054,      -11.52,
 140.302162,   34.904054,      -11.26,
 140.306667,   34.904054,      -11.00,
 140.311171,   34.904054,      -10.72,
 140.315676,   34.904054,      -10.61,
 140.320180,   34.904054,      -10.51,
 140.324685,   34.904054,      -10.51,
 140.329189,   34.904054,      -10.51,
 140.333694,   34.904054,      -10.53,
 140.338198,   34.904054,      -10.55,
 140.342703,   34.904054,      -10.57,
 140.347207,   34.904054,      -10.60,
 140.351712,   34.904054,      -10.64,
 140.356216,   34.904054,      -10.68,
 140.360721,   34.904054,      -10.73,
 140.365225,   34.904054,      -10.79,
 140.369730,   34.904054,      -10.85,
 140.374234,   34.904054,      -10.89,
 140.378739,   34.904054,      -10.86,
 140.383243,   34.904054,      -10.84,
 140.387748,   34.904054,      -10.80,
 139.140000,   34.908559,      -17.13,
 139.144505,   34.908559,      -17.36,
 139.149009,   34.908559,      -17.59,
 139.153514,   34.908559,      -17.82,
 139.158018,   34.908559,      -18.03,
 139.162523,   34.908559,      -18.24,
 139.167027,   34.908559,      -18.45,
 139.171532,   34.908559,      -18.65,
 139.176036,   34.908559,      -18.84,
 139.180541,   34.908559,      -19.03,
 139.185045,   34.908559,      -19.21,
 139.189550,   34.908559,      -19.38,
 139.194054,   34.908559,      -19.55,
 139.198559,   34.908559,      -19.71,
 139.203063,   34.908559,      -19.87,
 139.207568,   34.908559,      -20.02,
 139.212072,   34.908559,      -20.01,
 139.216577,   34.908559,      -19.94,
 139.221081,   34.908559,      -19.78,
 139.225586,   34.908559,      -19.61,
 139.230090,   34.908559,      -19.44,
 139.234595,   34.908559,      -19.29,
 139.239099,   34.908559,      -19.14,
 139.243604,   34.908559,      -19.00,
 139.248108,   34.908559,      -18.86,
 139.252613,   34.908559,      -18.74,
 139.257117,   34.908559,      -18.62,
 139.261622,   34.908559,      -18.51,
 139.266126,   34.908559,      -18.40,
 139.270631,   34.908559,      -18.31,
 139.275135,   34.908559,      -18.22,
 139.279640,   34.908559,      -18.16,
 139.284144,   34.908559,      -18.24,
 139.288649,   34.908559,      -18.32,
 139.293153,   34.908559,      -18.39,
 139.297658,   34.908559,      -18.46,
 139.302162,   34.908559,      -18.52,
 139.306667,   34.908559,      -18.54,
 139.311171,   34.908559,      -18.55,
 139.315676,   34.908559,      -18.56,
 139.320180,   34.908559,      -18.57,
 139.324685,   34.908559,      -18.58,
 139.329189,   34.908559,      -18.60,
 139.333694,   34.908559,      -18.62,
 139.338198,   34.908559,      -18.65,
 139.342703,   34.908559,      -18.72,
 139.347207,   34.908559,      -18.78,
 139.351712,   34.908559,      -18.83,
 139.356216,   34.908559,      -18.88,
 139.360721,   34.908559,      -18.93,
 139.365225,   34.908559,      -18.97,
 139.369730,   34.908559,      -19.02,
 139.374234,   34.908559,      -19.08,
 139.378739,   34.908559,      -19.16,
 139.383243,   34.908559,      -19.26,
 139.387748,   34.908559,      -19.37,
 139.392252,   34.908559,      -19.49,
 139.396757,   34.908559,      -19.61,
 139.401261,   34.908559,      -19.71,
 139.405766,   34.908559,      -19.81,
 139.410270,   34.908559,      -19.91,
 139.414775,   34.908559,      -20.01,
 139.419279,   34.908559,      -20.11,
 139.423784,   34.908559,      -20.20,
 139.428288,   34.908559,      -20.27,
 139.432793,   34.908559,      -20.30,
 139.437297,   34.908559,      -20.33,
 139.441802,   34.908559,      -20.38,
 139.446306,   34.908559,      -20.42,
 139.450811,   34.908559,      -20.48,
 139.455315,   34.908559,      -20.53,
 139.459820,   34.908559,      -20.59,
 139.464324,   34.908559,      -20.66,
 139.468829,   34.908559,      -20.73,
 139.473333,   34.908559,      -20.81,
 139.477838,   34.908559,      -20.90,
 139.482342,   34.908559,      -21.00,
 139.486847,   34.908559,      -21.08,
 139.491351,   34.908559,      -21.14,
 139.495856,   34.908559,      -21.19,
 139.500360,   34.908559,      -21.23,
 139.504865,   34.908559,      -21.26,
 139.509369,   34.908559,      -21.28,
 139.513874,   34.908559,      -21.31,
 139.518378,   34.908559,      -21.35,
 139.522883,   34.908559,      -21.43,
 139.527387,   34.908559,      -21.57,
 139.531892,   34.908559,      -21.74,
 139.536396,   34.908559,      -21.91,
 139.540901,   34.908559,      -22.07,
 139.545405,   34.908559,      -22.21,
 139.549910,   34.908559,      -22.34,
 139.554414,   34.908559,      -22.44,
 139.558919,   34.908559,      -22.52,
 139.563423,   34.908559,      -22.70,
 139.567928,   34.908559,      -22.91,
 139.572432,   34.908559,      -23.15,
 139.576937,   34.908559,      -23.39,
 139.581441,   34.908559,      -23.61,
 139.585946,   34.908559,      -23.75,
 139.590450,   34.908559,      -23.78,
 139.594955,   34.908559,      -23.67,
 139.599459,   34.908559,      -23.53,
 139.603964,   34.908559,      -23.38,
 139.608468,   34.908559,      -23.20,
 139.612973,   34.908559,      -22.90,
 139.617477,   34.908559,      -22.46,
 139.621982,   34.908559,      -21.96,
 139.626486,   34.908559,      -21.46,
 139.630991,   34.908559,      -20.96,
 139.635495,   34.908559,      -20.48,
 139.640000,   34.908559,      -20.03,
 139.644505,   34.908559,      -19.62,
 139.649009,   34.908559,      -19.25,
 139.653514,   34.908559,      -18.86,
 139.658018,   34.908559,      -18.45,
 139.662523,   34.908559,      -18.00,
 139.667027,   34.908559,      -17.58,
 139.671532,   34.908559,      -17.26,
 139.676036,   34.908559,      -16.99,
 139.680541,   34.908559,      -16.74,
 139.685045,   34.908559,      -16.46,
 139.689550,   34.908559,      -15.89,
 139.694054,   34.908559,      -15.22,
 139.698559,   34.908559,      -14.57,
 139.703063,   34.908559,      -13.85,
 139.707568,   34.908559,      -12.99,
 139.712072,   34.908559,      -12.08,
 139.716577,   34.908559,      -11.25,
 139.721081,   34.908559,      -10.42,
 139.725586,   34.908559,       -9.55,
 139.730090,   34.908559,       -8.86,
 139.734595,   34.908559,       -8.26,
 139.739099,   34.908559,       -7.57,
 139.743604,   34.908559,       -7.23,
 139.748108,   34.908559,       -6.93,
 139.752613,   34.908559,       -6.63,
 139.757117,   34.908559,       -6.37,
 139.761622,   34.908559,       -6.21,
 139.766126,   34.908559,       -6.07,
 139.770631,   34.908559,       -5.88,
 139.775135,   34.908559,       -5.69,
 139.779640,   34.908559,       -5.74,
 139.784144,   34.908559,       -5.79,
 139.788649,   34.908559,       -5.95,
 139.793153,   34.908559,       -6.11,
 139.797658,   34.908559,       -6.23,
 139.802162,   34.908559,       -6.36,
 139.806667,   34.908559,       -6.53,
 139.811171,   34.908559,       -6.65,
 139.815676,   34.908559,       -6.70,
 139.820180,   34.908559,       -6.70,
 139.824685,   34.908559,       -6.61,
 139.829189,   34.908559,       -6.53,
 139.833694,   34.908559,       -6.55,
 139.838198,   34.908559,       -6.62,
 139.842703,   34.908559,       -7.06,
 139.847207,   34.908559,       -7.96,
 139.851712,   34.908559,       -8.85,
 139.856216,   34.908559,       -9.72,
 139.860721,   34.908559,      -10.11,
 139.865225,   34.908559,      -10.43,
 139.869730,   34.908559,      -10.74,
 139.874234,   34.908559,      -11.13,
 139.878739,   34.908559,      -11.59,
 139.883243,   34.908559,      -12.11,
 139.887748,   34.908559,      -12.74,
 139.892252,   34.908559,      -13.37,
 139.896757,   34.908559,      -13.87,
 139.901261,   34.908559,      -14.39,
 139.905766,   34.908559,      -14.96,
 139.910270,   34.908559,      -14.94,
 139.914775,   34.908559,      -14.87,
 139.919279,   34.908559,      -14.85,
 139.923784,   34.908559,      -14.93,
 139.928288,   34.908559,      -15.01,
 139.932793,   34.908559,      -15.04,
 139.937297,   34.908559,      -15.05,
 139.941802,   34.908559,      -15.04,
 139.946306,   34.908559,      -15.03,
 139.950811,   34.908559,      -15.04,
 139.955315,   34.908559,      -15.07,
 139.959820,   34.908559,      -15.03,
 139.964324,   34.908559,      -14.95,
 139.968829,   34.908559,      -14.84,
 139.973333,   34.908559,      -14.66,
 139.977838,   34.908559,      -14.43,
 139.982342,   34.908559,      -14.16,
 139.986847,   34.908559,      -13.90,
 139.991351,   34.908559,      -13.66,
 139.995856,   34.908559,      -13.41,
 140.000360,   34.908559,      -13.19,
 140.004865,   34.908559,      -13.07,
 140.009369,   34.908559,      -12.94,
 140.013874,   34.908559,      -12.78,
 140.018378,   34.908559,      -12.69,
 140.022883,   34.908559,      -12.71,
 140.027387,   34.908559,      -12.72,
 140.031892,   34.908559,      -12.75,
 140.036396,   34.908559,      -12.75,
 140.040901,   34.908559,      -12.73,
 140.045405,   34.908559,      -12.71,
 140.049910,   34.908559,      -12.69,
 140.054414,   34.908559,      -12.70,
 140.058919,   34.908559,      -12.72,
 140.063423,   34.908559,      -12.76,
 140.067928,   34.908559,      -12.83,
 140.072432,   34.908559,      -12.91,
 140.076937,   34.908559,      -12.97,
 140.081441,   34.908559,      -13.03,
 140.085946,   34.908559,      -13.08,
 140.090450,   34.908559,      -13.13,
 140.094955,   34.908559,      -13.18,
 140.099459,   34.908559,      -13.23,
 140.103964,   34.908559,      -13.30,
 140.108468,   34.908559,      -13.37,
 140.112973,   34.908559,      -13.44,
 140.117477,   34.908559,      -13.50,
 140.121982,   34.908559,      -13.56,
 140.126486,   34.908559,      -13.62,
 140.130991,   34.908559,      -13.68,
 140.135495,   34.908559,      -13.74,
 140.140000,   34.908559,      -13.79,
 140.144505,   34.908559,      -13.83,
 140.149009,   34.908559,      -13.85,
 140.153514,   34.908559,      -13.85,
 140.158018,   34.908559,      -13.85,
 140.162523,   34.908559,      -13.85,
 140.167027,   34.908559,      -13.86,
 140.171532,   34.908559,      -13.86,
 140.176036,   34.908559,      -13.87,
 140.180541,   34.908559,      -13.86,
 140.185045,   34.908559,      -13.86,
 140.189550,   34.908559,      -13.85,
 140.194054,   34.908559,      -13.84,
 140.198559,   34.908559,      -13.82,
 140.203063,   34.908559,      -13.81,
 140.207568,   34.908559,      -13.80,
 140.212072,   34.908559,      -13.80,
 140.216577,   34.908559,      -13.80,
 140.221081,   34.908559,      -13.81,
 140.225586,   34.908559,      -13.82,
 140.230090,   34.908559,      -13.83,
 140.234595,   34.908559,      -13.74,
 140.239099,   34.908559,      -13.63,
 140.243604,   34.908559,      -13.52,
 140.248108,   34.908559,      -13.39,
 140.252613,   34.908559,      -13.26,
 140.257117,   34.908559,      -13.11,
 140.261622,   34.908559,      -12.96,
 140.266126,   34.908559,      -12.79,
 140.270631,   34.908559,      -12.61,
 140.275135,   34.908559,      -12.42,
 140.279640,   34.908559,      -12.22,
 140.284144,   34.908559,      -12.01,
 140.288649,   34.908559,      -11.79,
 140.293153,   34.908559,      -11.55,
 140.297658,   34.908559,      -11.31,
 140.302162,   34.908559,      -11.05,
 140.306667,   34.908559,      -10.79,
 140.311171,   34.908559,      -10.66,
 140.315676,   34.908559,      -10.58,
 140.320180,   34.908559,      -10.57,
 140.324685,   34.908559,      -10.57,
 140.329189,   34.908559,      -10.58,
 140.333694,   34.908559,      -10.60,
 140.338198,   34.908559,      -10.62,
 140.342703,   34.908559,      -10.64,
 140.347207,   34.908559,      -10.68,
 140.351712,   34.908559,      -10.71,
 140.356216,   34.908559,      -10.76,
 140.360721,   34.908559,      -10.81,
 140.365225,   34.908559,      -10.86,
 140.369730,   34.908559,      -10.89,
 140.374234,   34.908559,      -10.86,
 140.378739,   34.908559,      -10.84,
 140.383243,   34.908559,      -10.78,
 140.387748,   34.908559,      -10.70,
 139.140000,   34.913063,      -16.95,
 139.144505,   34.913063,      -17.19,
 139.149009,   34.913063,      -17.42,
 139.153514,   34.913063,      -17.64,
 139.158018,   34.913063,      -17.86,
 139.162523,   34.913063,      -18.07,
 139.167027,   34.913063,      -18.28,
 139.171532,   34.913063,      -18.48,
 139.176036,   34.913063,      -18.67,
 139.180541,   34.913063,      -18.86,
 139.185045,   34.913063,      -19.04,
 139.189550,   34.913063,      -19.22,
 139.194054,   34.913063,      -19.39,
 139.198559,   34.913063,      -19.55,
 139.203063,   34.913063,      -19.71,
 139.207568,   34.913063,      -19.86,
 139.212072,   34.913063,      -20.00,
 139.216577,   34.913063,      -20.03,
 139.221081,   34.913063,      -19.96,
 139.225586,   34.913063,      -19.81,
 139.230090,   34.913063,      -19.65,
 139.234595,   34.913063,      -19.49,
 139.239099,   34.913063,      -19.34,
 139.243604,   34.913063,      -19.20,
 139.248108,   34.913063,      -19.07,
 139.252613,   34.913063,      -18.94,
 139.257117,   34.913063,      -18.82,
 139.261622,   34.913063,      -18.71,
 139.266126,   34.913063,      -18.61,
 139.270631,   34.913063,      -18.51,
 139.275135,   34.913063,      -18.43,
 139.279640,   34.913063,      -18.34,
 139.284144,   34.913063,      -18.30,
 139.288649,   34.913063,      -18.38,
 139.293153,   34.913063,      -18.45,
 139.297658,   34.913063,      -18.52,
 139.302162,   34.913063,      -18.53,
 139.306667,   34.913063,      -18.54,
 139.311171,   34.913063,      -18.55,
 139.315676,   34.913063,      -18.56,
 139.320180,   34.913063,      -18.57,
 139.324685,   34.913063,      -18.58,
 139.329189,   34.913063,      -18.59,
 139.333694,   34.913063,      -18.60,
 139.338198,   34.913063,      -18.63,
 139.342703,   34.913063,      -18.68,
 139.347207,   34.913063,      -18.73,
 139.351712,   34.913063,      -18.77,
 139.356216,   34.913063,      -18.82,
 139.360721,   34.913063,      -18.86,
 139.365225,   34.913063,      -18.90,
 139.369730,   34.913063,      -18.94,
 139.374234,   34.913063,      -19.00,
 139.378739,   34.913063,      -19.08,
 139.383243,   34.913063,      -19.17,
 139.387748,   34.913063,      -19.28,
 139.392252,   34.913063,      -19.38,
 139.396757,   34.913063,      -19.48,
 139.401261,   34.913063,      -19.57,
 139.405766,   34.913063,      -19.66,
 139.410270,   34.913063,      -19.75,
 139.414775,   34.913063,      -19.83,
 139.419279,   34.913063,      -19.91,
 139.423784,   34.913063,      -19.97,
 139.428288,   34.913063,      -20.02,
 139.432793,   34.913063,      -20.05,
 139.437297,   34.913063,      -20.09,
 139.441802,   34.913063,      -20.14,
 139.446306,   34.913063,      -20.19,
 139.450811,   34.913063,      -20.25,
 139.455315,   34.913063,      -20.31,
 139.459820,   34.913063,      -20.37,
 139.464324,   34.913063,      -20.44,
 139.468829,   34.913063,      -20.52,
 139.473333,   34.913063,      -20.60,
 139.477838,   34.913063,      -20.69,
 139.482342,   34.913063,      -20.78,
 139.486847,   34.913063,      -20.85,
 139.491351,   34.913063,      -20.90,
 139.495856,   34.913063,      -20.94,
 139.500360,   34.913063,      -20.98,
 139.504865,   34.913063,      -21.00,
 139.509369,   34.913063,      -21.02,
 139.513874,   34.913063,      -21.04,
 139.518378,   34.913063,      -21.05,
 139.522883,   34.913063,      -21.06,
 139.527387,   34.913063,      -21.25,
 139.531892,   34.913063,      -21.45,
 139.536396,   34.913063,      -21.63,
 139.540901,   34.913063,      -21.79,
 139.545405,   34.913063,      -21.94,
 139.549910,   34.913063,      -22.07,
 139.554414,   34.913063,      -22.18,
 139.558919,   34.913063,      -22.39,
 139.563423,   34.913063,      -22.64,
 139.567928,   34.913063,      -22.89,
 139.572432,   34.913063,      -23.13,
 139.576937,   34.913063,      -23.36,
 139.581441,   34.913063,      -23.60,
 139.585946,   34.913063,      -23.79,
 139.590450,   34.913063,      -23.79,
 139.594955,   34.913063,      -23.58,
 139.599459,   34.913063,      -23.35,
 139.603964,   34.913063,      -23.11,
 139.608468,   34.913063,      -22.84,
 139.612973,   34.913063,      -22.47,
 139.617477,   34.913063,      -22.02,
 139.621982,   34.913063,      -21.50,
 139.626486,   34.913063,      -20.96,
 139.630991,   34.913063,      -20.42,
 139.635495,   34.913063,      -19.89,
 139.640000,   34.913063,      -19.40,
 139.644505,   34.913063,      -19.01,
 139.649009,   34.913063,      -18.64,
 139.653514,   34.913063,      -18.27,
 139.658018,   34.913063,      -17.90,
 139.662523,   34.913063,      -17.54,
 139.667027,   34.913063,      -17.17,
 139.671532,   34.913063,      -16.84,
 139.676036,   34.913063,      -16.56,
 139.680541,   34.913063,      -16.31,
 139.685045,   34.913063,      -16.02,
 139.689550,   34.913063,      -15.37,
 139.694054,   34.913063,      -14.67,
 139.698559,   34.913063,      -13.97,
 139.703063,   34.913063,      -13.22,
 139.707568,   34.913063,      -12.32,
 139.712072,   34.913063,      -11.31,
 139.716577,   34.913063,      -10.26,
 139.721081,   34.913063,       -9.36,
 139.725586,   34.913063,       -8.45,
 139.730090,   34.913063,       -7.78,
 139.734595,   34.913063,       -7.25,
 139.739099,   34.913063,       -6.77,
 139.743604,   34.913063,       -6.54,
 139.748108,   34.913063,       -6.29,
 139.752613,   34.913063,       -6.11,
 139.757117,   34.913063,       -5.92,
 139.761622,   34.913063,       -5.83,
 139.766126,   34.913063,       -5.78,
 139.770631,   34.913063,       -5.65,
 139.775135,   34.913063,       -5.61,
 139.779640,   34.913063,       -5.77,
 139.784144,   34.913063,       -5.94,
 139.788649,   34.913063,       -6.12,
 139.793153,   34.913063,       -6.28,
 139.797658,   34.913063,       -6.39,
 139.802162,   34.913063,       -6.50,
 139.806667,   34.913063,       -6.59,
 139.811171,   34.913063,       -6.64,
 139.815676,   34.913063,       -6.71,
 139.820180,   34.913063,       -6.66,
 139.824685,   34.913063,       -6.50,
 139.829189,   34.913063,       -6.39,
 139.833694,   34.913063,       -6.52,
 139.838198,   34.913063,       -6.95,
 139.842703,   34.913063,       -7.60,
 139.847207,   34.913063,       -8.33,
 139.851712,   34.913063,       -8.95,
 139.856216,   34.913063,       -9.50,
 139.860721,   34.913063,       -9.98,
 139.865225,   34.913063,      -10.41,
 139.869730,   34.913063,      -10.84,
 139.874234,   34.913063,      -11.29,
 139.878739,   34.913063,      -11.74,
 139.883243,   34.913063,      -12.21,
 139.887748,   34.913063,      -12.68,
 139.892252,   34.913063,      -13.14,
 139.896757,   34.913063,      -13.58,
 139.901261,   34.913063,      -13.96,
 139.905766,   34.913063,      -14.27,
 139.910270,   34.913063,      -14.53,
 139.914775,   34.913063,      -14.72,
 139.919279,   34.913063,      -14.80,
 139.923784,   34.913063,      -14.90,
 139.928288,   34.913063,      -14.99,
 139.932793,   34.913063,      -15.03,
 139.937297,   34.913063,      -15.01,
 139.941802,   34.913063,      -15.00,
 139.946306,   34.913063,      -15.02,
 139.950811,   34.913063,      -15.06,
 139.955315,   34.913063,      -15.10,
 139.959820,   34.913063,      -15.15,
 139.964324,   34.913063,      -15.11,
 139.968829,   34.913063,      -15.01,
 139.973333,   34.913063,      -14.89,
 139.977838,   34.913063,      -14.69,
 139.982342,   34.913063,      -14.42,
 139.986847,   34.913063,      -14.10,
 139.991351,   34.913063,      -13.83,
 139.995856,   34.913063,      -13.56,
 140.000360,   34.913063,      -13.28,
 140.004865,   34.913063,      -13.10,
 140.009369,   34.913063,      -12.96,
 140.013874,   34.913063,      -12.81,
 140.018378,   34.913063,      -12.67,
 140.022883,   34.913063,      -12.59,
 140.027387,   34.913063,      -12.54,
 140.031892,   34.913063,      -12.52,
 140.036396,   34.913063,      -12.52,
 140.040901,   34.913063,      -12.51,
 140.045405,   34.913063,      -12.47,
 140.049910,   34.913063,      -12.44,
 140.054414,   34.913063,      -12.49,
 140.058919,   34.913063,      -12.54,
 140.063423,   34.913063,      -12.61,
 140.067928,   34.913063,      -12.68,
 140.072432,   34.913063,      -12.76,
 140.076937,   34.913063,      -12.83,
 140.081441,   34.913063,      -12.90,
 140.085946,   34.913063,      -12.96,
 140.090450,   34.913063,      -13.02,
 140.094955,   34.913063,      -13.07,
 140.099459,   34.913063,      -13.14,
 140.103964,   34.913063,      -13.21,
 140.108468,   34.913063,      -13.28,
 140.112973,   34.913063,      -13.35,
 140.117477,   34.913063,      -13.42,
 140.121982,   34.913063,      -13.48,
 140.126486,   34.913063,      -13.53,
 140.130991,   34.913063,      -13.59,
 140.135495,   34.913063,      -13.64,
 140.140000,   34.913063,      -13.69,
 140.144505,   34.913063,      -13.73,
 140.149009,   34.913063,      -13.76,
 140.153514,   34.913063,      -13.78,
 140.158018,   34.913063,      -13.80,
 140.162523,   34.913063,      -13.81,
 140.167027,   34.913063,      -13.82,
 140.171532,   34.913063,      -13.84,
 140.176036,   34.913063,      -13.85,
 140.180541,   34.913063,      -13.86,
 140.185045,   34.913063,      -13.86,
 140.189550,   34.913063,      -13.83,
 140.194054,   34.913063,      -13.80,
 140.198559,   34.913063,      -13.77,
 140.203063,   34.913063,      -13.75,
 140.207568,   34.913063,      -13.74,
 140.212072,   34.913063,      -13.73,
 140.216577,   34.913063,      -13.72,
 140.221081,   34.913063,      -13.72,
 140.225586,   34.913063,      -13.71,
 140.230090,   34.913063,      -13.64,
 140.234595,   34.913063,      -13.54,
 140.239099,   34.913063,      -13.43,
 140.243604,   34.913063,      -13.31,
 140.248108,   34.913063,      -13.19,
 140.252613,   34.913063,      -13.05,
 140.257117,   34.913063,      -12.91,
 140.261622,   34.913063,      -12.75,
 140.266126,   34.913063,      -12.58,
 140.270631,   34.913063,      -12.41,
 140.275135,   34.913063,      -12.22,
 140.279640,   34.913063,      -12.02,
 140.284144,   34.913063,      -11.81,
 140.288649,   34.913063,      -11.59,
 140.293153,   34.913063,      -11.35,
 140.297658,   34.913063,      -11.11,
 140.302162,   34.913063,      -10.86,
 140.306667,   34.913063,      -10.72,
 140.311171,   34.913063,      -10.65,
 140.315676,   34.913063,      -10.64,
 140.320180,   34.913063,      -10.63,
 140.324685,   34.913063,      -10.64,
 140.329189,   34.913063,      -10.65,
 140.333694,   34.913063,      -10.66,
 140.338198,   34.913063,      -10.68,
 140.342703,   34.913063,      -10.71,
 140.347207,   34.913063,      -10.74,
 140.351712,   34.913063,      -10.78,
 140.356216,   34.913063,      -10.83,
 140.360721,   34.913063,      -10.88,
 140.365225,   34.913063,      -10.89,
 140.369730,   34.913063,      -10.86,
 140.374234,   34.913063,      -10.83,
 140.378739,   34.913063,      -10.76,
 140.383243,   34.913063,      -10.69,
 140.387748,   34.913063,      -10.62,
 139.140000,   34.917568,      -16.78,
 139.144505,   34.917568,      -17.02,
 139.149009,   34.917568,      -17.25,
 139.153514,   34.917568,      -17.47,
 139.158018,   34.917568,      -17.69,
 139.162523,   34.917568,      -17.90,
 139.167027,   34.917568,      -18.11,
 139.171532,   34.917568,      -18.31,
 139.176036,   34.917568,      -18.51,
 139.180541,   34.917568,      -18.70,
 139.185045,   34.917568,      -18.88,
 139.189550,   34.917568,      -19.06,
 139.194054,   34.917568,      -19.23,
 139.198559,   34.917568,      -19.39,
 139.203063,   34.917568,      -19.55,
 139.207568,   34.917568,      -19.70,
 139.212072,   34.917568,      -19.85,
 139.216577,   34.917568,      -19.99,
 139.221081,   34.917568,      -20.06,
 139.225586,   34.917568,      -19.99,
 139.230090,   34.917568,      -19.85,
 139.234595,   34.917568,      -19.69,
 139.239099,   34.917568,      -19.54,
 139.243604,   34.917568,      -19.40,
 139.248108,   34.917568,      -19.27,
 139.252613,   34.917568,      -19.14,
 139.257117,   34.917568,      -19.02,
 139.261622,   34.917568,      -18.91,
 139.266126,   34.917568,      -18.81,
 139.270631,   34.917568,      -18.71,
 139.275135,   34.917568,      -18.62,
 139.279640,   34.917568,      -18.54,
 139.284144,   34.917568,      -18.47,
 139.288649,   34.917568,      -18.45,
 139.293153,   34.917568,      -18.50,
 139.297658,   34.917568,      -18.52,
 139.302162,   34.917568,      -18.53,
 139.306667,   34.917568,      -18.54,
 139.311171,   34.917568,      -18.54,
 139.315676,   34.917568,      -18.55,
 139.320180,   34.917568,      -18.56,
 139.324685,   34.917568,      -18.57,
 139.329189,   34.917568,      -18.58,
 139.333694,   34.917568,      -18.59,
 139.338198,   34.917568,      -18.61,
 139.342703,   34.917568,      -18.64,
 139.347207,   34.917568,      -18.68,
 139.351712,   34.917568,      -18.72,
 139.356216,   34.917568,      -18.75,
 139.360721,   34.917568,      -18.79,
 139.365225,   34.917568,      -18.82,
 139.369730,   34.917568,      -18.86,
 139.374234,   34.917568,      -18.92,
 139.378739,   34.917568,      -19.00,
 139.383243,   34.917568,      -19.08,
 139.387748,   34.917568,      -19.18,
 139.392252,   34.917568,      -19.27,
 139.396757,   34.917568,      -19.35,
 139.401261,   34.917568,      -19.43,
 139.405766,   34.917568,      -19.50,
 139.410270,   34.917568,      -19.57,
 139.414775,   34.917568,      -19.63,
 139.419279,   34.917568,      -19.69,
 139.423784,   34.917568,      -19.74,
 139.428288,   34.917568,      -19.77,
 139.432793,   34.917568,      -19.80,
 139.437297,   34.917568,      -19.84,
 139.441802,   34.917568,      -19.89,
 139.446306,   34.917568,      -19.95,
 139.450811,   34.917568,      -20.01,
 139.455315,   34.917568,      -20.08,
 139.459820,   34.917568,      -20.15,
 139.464324,   34.917568,      -20.22,
 139.468829,   34.917568,      -20.30,
 139.473333,   34.917568,      -20.39,
 139.477838,   34.917568,      -20.48,
 139.482342,   34.917568,      -20.56,
 139.486847,   34.917568,      -20.61,
 139.491351,   34.917568,      -20.66,
 139.495856,   34.917568,      -20.69,
 139.500360,   34.917568,      -20.72,
 139.504865,   34.917568,      -20.75,
 139.509369,   34.917568,      -20.77,
 139.513874,   34.917568,      -20.79,
 139.518378,   34.917568,      -20.81,
 139.522883,   34.917568,      -20.86,
 139.527387,   34.917568,      -21.03,
 139.531892,   34.917568,      -21.21,
 139.536396,   34.917568,      -21.39,
 139.540901,   34.917568,      -21.55,
 139.545405,   34.917568,      -21.70,
 139.549910,   34.917568,      -21.86,
 139.554414,   34.917568,      -22.07,
 139.558919,   34.917568,      -22.35,
 139.563423,   34.917568,      -22.62,
 139.567928,   34.917568,      -22.87,
 139.572432,   34.917568,      -23.11,
 139.576937,   34.917568,      -23.35,
 139.581441,   34.917568,      -23.57,
 139.585946,   34.917568,      -23.79,
 139.590450,   34.917568,      -23.67,
 139.594955,   34.917568,      -23.36,
 139.599459,   34.917568,      -23.06,
 139.603964,   34.917568,      -22.75,
 139.608468,   34.917568,      -22.43,
 139.612973,   34.917568,      -22.06,
 139.617477,   34.917568,      -21.61,
 139.621982,   34.917568,      -21.06,
 139.626486,   34.917568,      -20.48,
 139.630991,   34.917568,      -19.91,
 139.635495,   34.917568,      -19.33,
 139.640000,   34.917568,      -18.78,
 139.644505,   34.917568,      -18.39,
 139.649009,   34.917568,      -18.02,
 139.653514,   34.917568,      -17.64,
 139.658018,   34.917568,      -17.28,
 139.662523,   34.917568,      -16.92,
 139.667027,   34.917568,      -16.63,
 139.671532,   34.917568,      -16.33,
 139.676036,   34.917568,      -16.04,
 139.680541,   34.917568,      -15.73,
 139.685045,   34.917568,      -15.36,
 139.689550,   34.917568,      -14.78,
 139.694054,   34.917568,      -14.08,
 139.698559,   34.917568,      -13.36,
 139.703063,   34.917568,      -12.63,
 139.707568,   34.917568,      -11.66,
 139.712072,   34.917568,      -10.57,
 139.716577,   34.917568,       -9.43,
 139.721081,   34.917568,       -8.51,
 139.725586,   34.917568,       -7.77,
 139.730090,   34.917568,       -7.10,
 139.734595,   34.917568,       -6.52,
 139.739099,   34.917568,       -6.21,
 139.743604,   34.917568,       -6.00,
 139.748108,   34.917568,       -5.87,
 139.752613,   34.917568,       -5.76,
 139.757117,   34.917568,       -5.60,
 139.761622,   34.917568,       -5.62,
 139.766126,   34.917568,       -5.62,
 139.770631,   34.917568,       -5.60,
 139.775135,   34.917568,       -5.78,
 139.779640,   34.917568,       -5.97,
 139.784144,   34.917568,       -6.15,
 139.788649,   34.917568,       -6.30,
 139.793153,   34.917568,       -6.41,
 139.797658,   34.917568,       -6.50,
 139.802162,   34.917568,       -6.57,
 139.806667,   34.917568,       -6.56,
 139.811171,   34.917568,       -6.59,
 139.815676,   34.917568,       -6.60,
 139.820180,   34.917568,       -6.53,
 139.824685,   34.917568,       -6.40,
 139.829189,   34.917568,       -6.38,
 139.833694,   34.917568,       -6.72,
 139.838198,   34.917568,       -7.29,
 139.842703,   34.917568,       -7.87,
 139.847207,   34.917568,       -8.42,
 139.851712,   34.917568,       -8.96,
 139.856216,   34.917568,       -9.48,
 139.860721,   34.917568,       -9.99,
 139.865225,   34.917568,      -10.46,
 139.869730,   34.917568,      -10.90,
 139.874234,   34.917568,      -11.34,
 139.878739,   34.917568,      -11.78,
 139.883243,   34.917568,      -12.20,
 139.887748,   34.917568,      -12.61,
 139.892252,   34.917568,      -13.00,
 139.896757,   34.917568,      -13.37,
 139.901261,   34.917568,      -13.71,
 139.905766,   34.917568,      -14.01,
 139.910270,   34.917568,      -14.26,
 139.914775,   34.917568,      -14.46,
 139.919279,   34.917568,      -14.63,
 139.923784,   34.917568,      -14.76,
 139.928288,   34.917568,      -14.87,
 139.932793,   34.917568,      -14.98,
 139.937297,   34.917568,      -14.95,
 139.941802,   34.917568,      -14.94,
 139.946306,   34.917568,      -14.99,
 139.950811,   34.917568,      -15.06,
 139.955315,   34.917568,      -15.11,
 139.959820,   34.917568,      -15.20,
 139.964324,   34.917568,      -15.28,
 139.968829,   34.917568,      -15.21,
 139.973333,   34.917568,      -15.11,
 139.977838,   34.917568,      -14.97,
 139.982342,   34.917568,      -14.68,
 139.986847,   34.917568,      -14.35,
 139.991351,   34.917568,      -14.01,
 139.995856,   34.917568,      -13.73,
 140.000360,   34.917568,      -13.45,
 140.004865,   34.917568,      -13.18,
 140.009369,   34.917568,      -13.00,
 140.013874,   34.917568,      -12.84,
 140.018378,   34.917568,      -12.70,
 140.022883,   34.917568,      -12.56,
 140.027387,   34.917568,      -12.43,
 140.031892,   34.917568,      -12.31,
 140.036396,   34.917568,      -12.35,
 140.040901,   34.917568,      -12.36,
 140.045405,   34.917568,      -12.35,
 140.049910,   34.917568,      -12.34,
 140.054414,   34.917568,      -12.35,
 140.058919,   34.917568,      -12.39,
 140.063423,   34.917568,      -12.45,
 140.067928,   34.917568,      -12.52,
 140.072432,   34.917568,      -12.60,
 140.076937,   34.917568,      -12.69,
 140.081441,   34.917568,      -12.77,
 140.085946,   34.917568,      -12.84,
 140.090450,   34.917568,      -12.91,
 140.094955,   34.917568,      -12.97,
 140.099459,   34.917568,      -13.04,
 140.103964,   34.917568,      -13.11,
 140.108468,   34.917568,      -13.19,
 140.112973,   34.917568,      -13.27,
 140.117477,   34.917568,      -13.33,
 140.121982,   34.917568,      -13.39,
 140.126486,   34.917568,      -13.44,
 140.130991,   34.917568,      -13.49,
 140.135495,   34.917568,      -13.54,
 140.140000,   34.917568,      -13.59,
 140.144505,   34.917568,      -13.63,
 140.149009,   34.917568,      -13.66,
 140.153514,   34.917568,      -13.69,
 140.158018,   34.917568,      -13.72,
 140.162523,   34.917568,      -13.74,
 140.167027,   34.917568,      -13.76,
 140.171532,   34.917568,      -13.79,
 140.176036,   34.917568,      -13.82,
 140.180541,   34.917568,      -13.85,
 140.185045,   34.917568,      -13.83,
 140.189550,   34.917568,      -13.78,
 140.194054,   34.917568,      -13.74,
 140.198559,   34.917568,      -13.70,
 140.203063,   34.917568,      -13.67,
 140.207568,   34.917568,      -13.65,
 140.212072,   34.917568,      -13.63,
 140.216577,   34.917568,      -13.61,
 140.221081,   34.917568,      -13.59,
 140.225586,   34.917568,      -13.53,
 140.230090,   34.917568,      -13.46,
 140.234595,   34.917568,      -13.35,
 140.239099,   34.917568,      -13.23,
 140.243604,   34.917568,      -13.12,
 140.248108,   34.917568,      -12.99,
 140.252613,   34.917568,      -12.86,
 140.257117,   34.917568,      -12.71,
 140.261622,   34.917568,      -12.56,
 140.266126,   34.917568,      -12.39,
 140.270631,   34.917568,      -12.21,
 140.275135,   34.917568,      -12.03,
 140.279640,   34.917568,      -11.83,
 140.284144,   34.917568,      -11.62,
 140.288649,   34.917568,      -11.40,
 140.293153,   34.917568,      -11.17,
 140.297658,   34.917568,      -10.92,
 140.302162,   34.917568,      -10.78,
 140.306667,   34.917568,      -10.71,
 140.311171,   34.917568,      -10.70,
 140.315676,   34.917568,      -10.69,
 140.320180,   34.917568,      -10.69,
 140.324685,   34.917568,      -10.69,
 140.329189,   34.917568,      -10.70,
 140.333694,   34.917568,      -10.72,
 140.338198,   34.917568,      -10.74,
 140.342703,   34.917568,      -10.77,
 140.347207,   34.917568,      -10.80,
 140.351712,   34.917568,      -10.84,
 140.356216,   34.917568,      -10.89,
 140.360721,   34.917568,      -10.88,
 140.365225,   34.917568,      -10.86,
 140.369730,   34.917568,      -10.82,
 140.374234,   34.917568,      -10.75,
 140.378739,   34.917568,      -10.68,
 140.383243,   34.917568,      -10.61,
 140.387748,   34.917568,      -10.53,
 139.140000,   34.922072,      -16.61,
 139.144505,   34.922072,      -16.85,
 139.149009,   34.922072,      -17.08,
 139.153514,   34.922072,      -17.31,
 139.158018,   34.922072,      -17.53,
 139.162523,   34.922072,      -17.74,
 139.167027,   34.922072,      -17.95,
 139.171532,   34.922072,      -18.15,
 139.176036,   34.922072,      -18.35,
 139.180541,   34.922072,      -18.54,
 139.185045,   34.922072,      -18.73,
 139.189550,   34.922072,      -18.90,
 139.194054,   34.922072,      -19.08,
 139.198559,   34.922072,      -19.24,
 139.203063,   34.922072,      -19.40,
 139.207568,   34.922072,      -19.56,
 139.212072,   34.922072,      -19.70,
 139.216577,   34.922072,      -19.85,
 139.221081,   34.922072,      -19.98,
 139.225586,   34.922072,      -20.09,
 139.230090,   34.922072,      -20.02,
 139.234595,   34.922072,      -19.88,
 139.239099,   34.922072,      -19.73,
 139.243604,   34.922072,      -19.59,
 139.248108,   34.922072,      -19.46,
 139.252613,   34.922072,      -19.33,
 139.257117,   34.922072,      -19.21,
 139.261622,   34.922072,      -19.10,
 139.266126,   34.922072,      -19.00,
 139.270631,   34.922072,      -18.90,
 139.275135,   34.922072,      -18.81,
 139.279640,   34.922072,      -18.73,
 139.284144,   34.922072,      -18.66,
 139.288649,   34.922072,      -18.59,
 139.293153,   34.922072,      -18.56,
 139.297658,   34.922072,      -18.56,
 139.302162,   34.922072,      -18.57,
 139.306667,   34.922072,      -18.57,
 139.311171,   34.922072,      -18.57,
 139.315676,   34.922072,      -18.56,
 139.320180,   34.922072,      -18.56,
 139.324685,   34.922072,      -18.56,
 139.329189,   34.922072,      -18.57,
 139.333694,   34.922072,      -18.58,
 139.338198,   34.922072,      -18.60,
 139.342703,   34.922072,      -18.61,
 139.347207,   34.922072,      -18.64,
 139.351712,   34.922072,      -18.67,
 139.356216,   34.922072,      -18.70,
 139.360721,   34.922072,      -18.73,
 139.365225,   34.922072,      -18.75,
 139.369730,   34.922072,      -18.79,
 139.374234,   34.922072,      -18.84,
 139.378739,   34.922072,      -18.91,
 139.383243,   34.922072,      -18.99,
 139.387748,   34.922072,      -19.07,
 139.392252,   34.922072,      -19.15,
 139.396757,   34.922072,      -19.21,
 139.401261,   34.922072,      -19.27,
 139.405766,   34.922072,      -19.33,
 139.410270,   34.922072,      -19.38,
 139.414775,   34.922072,      -19.43,
 139.419279,   34.922072,      -19.47,
 139.423784,   34.922072,      -19.50,
 139.428288,   34.922072,      -19.52,
 139.432793,   34.922072,      -19.55,
 139.437297,   34.922072,      -19.58,
 139.441802,   34.922072,      -19.63,
 139.446306,   34.922072,      -19.70,
 139.450811,   34.922072,      -19.76,
 139.455315,   34.922072,      -19.83,
 139.459820,   34.922072,      -19.90,
 139.464324,   34.922072,      -19.97,
 139.468829,   34.922072,      -20.04,
 139.473333,   34.922072,      -20.13,
 139.477838,   34.922072,      -20.24,
 139.482342,   34.922072,      -20.31,
 139.486847,   34.922072,      -20.34,
 139.491351,   34.922072,      -20.37,
 139.495856,   34.922072,      -20.42,
 139.500360,   34.922072,      -20.46,
 139.504865,   34.922072,      -20.50,
 139.509369,   34.922072,      -20.53,
 139.513874,   34.922072,      -20.55,
 139.518378,   34.922072,      -20.59,
 139.522883,   34.922072,      -20.68,
 139.527387,   34.922072,      -20.84,
 139.531892,   34.922072,      -21.02,
 139.536396,   34.922072,      -21.19,
 139.540901,   34.922072,      -21.35,
 139.545405,   34.922072,      -21.52,
 139.549910,   34.922072,      -21.73,
 139.554414,   34.922072,      -21.99,
 139.558919,   34.922072,      -22.31,
 139.563423,   34.922072,      -22.60,
 139.567928,   34.922072,      -22.87,
 139.572432,   34.922072,      -23.10,
 139.576937,   34.922072,      -23.29,
 139.581441,   34.922072,      -23.43,
 139.585946,   34.922072,      -23.49,
 139.590450,   34.922072,      -23.29,
 139.594955,   34.922072,      -22.99,
 139.599459,   34.922072,      -22.68,
 139.603964,   34.922072,      -22.36,
 139.608468,   34.922072,      -22.03,
 139.612973,   34.922072,      -21.68,
 139.617477,   34.922072,      -21.21,
 139.621982,   34.922072,      -20.63,
 139.626486,   34.922072,      -20.01,
 139.630991,   34.922072,      -19.40,
 139.635495,   34.922072,      -18.80,
 139.640000,   34.922072,      -18.21,
 139.644505,   34.922072,      -17.78,
 139.649009,   34.922072,      -17.39,
 139.653514,   34.922072,      -17.01,
 139.658018,   34.922072,      -16.64,
 139.662523,   34.922072,      -16.29,
 139.667027,   34.922072,      -16.01,
 139.671532,   34.922072,      -15.73,
 139.676036,   34.922072,      -15.44,
 139.680541,   34.922072,      -15.08,
 139.685045,   34.922072,      -14.72,
 139.689550,   34.922072,      -14.20,
 139.694054,   34.922072,      -13.47,
 139.698559,   34.922072,      -12.69,
 139.703063,   34.922072,      -11.90,
 139.707568,   34.922072,      -10.92,
 139.712072,   34.922072,       -9.87,
 139.716577,   34.922072,       -8.79,
 139.721081,   34.922072,       -7.90,
 139.725586,   34.922072,       -7.16,
 139.730090,   34.922072,       -6.52,
 139.734595,   34.922072,       -6.20,
 139.739099,   34.922072,       -5.91,
 139.743604,   34.922072,       -5.76,
 139.748108,   34.922072,       -5.70,
 139.752613,   34.922072,       -5.61,
 139.757117,   34.922072,       -5.60,
 139.761622,   34.922072,       -5.65,
 139.766126,   34.922072,       -5.68,
 139.770631,   34.922072,       -5.82,
 139.775135,   34.922072,       -6.05,
 139.779640,   34.922072,       -6.24,
 139.784144,   34.922072,       -6.41,
 139.788649,   34.922072,       -6.54,
 139.793153,   34.922072,       -6.62,
 139.797658,   34.922072,       -6.65,
 139.802162,   34.922072,       -6.62,
 139.806667,   34.922072,       -6.59,
 139.811171,   34.922072,       -6.53,
 139.815676,   34.922072,       -6.51,
 139.820180,   34.922072,       -6.43,
 139.824685,   34.922072,       -6.31,
 139.829189,   34.922072,       -6.43,
 139.833694,   34.922072,       -6.90,
 139.838198,   34.922072,       -7.44,
 139.842703,   34.922072,       -7.96,
 139.847207,   34.922072,       -8.48,
 139.851712,   34.922072,       -9.00,
 139.856216,   34.922072,       -9.52,
 139.860721,   34.922072,      -10.02,
 139.865225,   34.922072,      -10.49,
 139.869730,   34.922072,      -10.93,
 139.874234,   34.922072,      -11.36,
 139.878739,   34.922072,      -11.77,
 139.883243,   34.922072,      -12.15,
 139.887748,   34.922072,      -12.52,
 139.892252,   34.922072,      -12.87,
 139.896757,   34.922072,      -13.21,
 139.901261,   34.922072,      -13.51,
 139.905766,   34.922072,      -13.80,
 139.910270,   34.922072,      -14.04,
 139.914775,   34.922072,      -14.26,
 139.919279,   34.922072,      -14.44,
 139.923784,   34.922072,      -14.59,
 139.928288,   34.922072,      -14.71,
 139.932793,   34.922072,      -14.80,
 139.937297,   34.922072,      -14.86,
 139.941802,   34.922072,      -14.87,
 139.946306,   34.922072,      -14.93,
 139.950811,   34.922072,      -15.00,
 139.955315,   34.922072,      -15.15,
 139.959820,   34.922072,      -15.26,
 139.964324,   34.922072,      -15.37,
 139.968829,   34.922072,      -15.44,
 139.973333,   34.922072,      -15.38,
 139.977838,   34.922072,      -15.21,
 139.982342,   34.922072,      -14.95,
 139.986847,   34.922072,      -14.62,
 139.991351,   34.922072,      -14.27,
 139.995856,   34.922072,      -13.95,
 140.000360,   34.922072,      -13.66,
 140.004865,   34.922072,      -13.38,
 140.009369,   34.922072,      -13.11,
 140.013874,   34.922072,      -12.87,
 140.018378,   34.922072,      -12.74,
 140.022883,   34.922072,      -12.62,
 140.027387,   34.922072,      -12.48,
 140.031892,   34.922072,      -12.37,
 140.036396,   34.922072,      -12.32,
 140.040901,   34.922072,      -12.30,
 140.045405,   34.922072,      -12.31,
 140.049910,   34.922072,      -12.31,
 140.054414,   34.922072,      -12.30,
 140.058919,   34.922072,      -12.29,
 140.063423,   34.922072,      -12.29,
 140.067928,   34.922072,      -12.37,
 140.072432,   34.922072,      -12.46,
 140.076937,   34.922072,      -12.55,
 140.081441,   34.922072,      -12.64,
 140.085946,   34.922072,      -12.72,
 140.090450,   34.922072,      -12.80,
 140.094955,   34.922072,      -12.87,
 140.099459,   34.922072,      -12.94,
 140.103964,   34.922072,      -13.01,
 140.108468,   34.922072,      -13.09,
 140.112973,   34.922072,      -13.17,
 140.117477,   34.922072,      -13.25,
 140.121982,   34.922072,      -13.30,
 140.126486,   34.922072,      -13.35,
 140.130991,   34.922072,      -13.39,
 140.135495,   34.922072,      -13.44,
 140.140000,   34.922072,      -13.49,
 140.144505,   34.922072,      -13.53,
 140.149009,   34.922072,      -13.56,
 140.153514,   34.922072,      -13.59,
 140.158018,   34.922072,      -13.62,
 140.162523,   34.922072,      -13.65,
 140.167027,   34.922072,      -13.67,
 140.171532,   34.922072,      -13.70,
 140.176036,   34.922072,      -13.73,
 140.180541,   34.922072,      -13.75,
 140.185045,   34.922072,      -13.72,
 140.189550,   34.922072,      -13.68,
 140.194054,   34.922072,      -13.64,
 140.198559,   34.922072,      -13.60,
 140.203063,   34.922072,      -13.56,
 140.207568,   34.922072,      -13.53,
 140.212072,   34.922072,      -13.50,
 140.216577,   34.922072,      -13.46,
 140.221081,   34.922072,      -13.42,
 140.225586,   34.922072,      -13.36,
 140.230090,   34.922072,      -13.27,
 140.234595,   34.922072,      -13.16,
 140.239099,   34.922072,      -13.05,
 140.243604,   34.922072,      -12.93,
 140.248108,   34.922072,      -12.81,
 140.252613,   34.922072,      -12.68,
 140.257117,   34.922072,      -12.53,
 140.261622,   34.922072,      -12.38,
 140.266126,   34.922072,      -12.21,
 140.270631,   34.922072,      -12.03,
 140.275135,   34.922072,      -11.85,
 140.279640,   34.922072,      -11.65,
 140.284144,   34.922072,      -11.44,
 140.288649,   34.922072,      -11.22,
 140.293153,   34.922072,      -10.99,
 140.297658,   34.922072,      -10.84,
 140.302162,   34.922072,      -10.78,
 140.306667,   34.922072,      -10.76,
 140.311171,   34.922072,      -10.75,
 140.315676,   34.922072,      -10.74,
 140.320180,   34.922072,      -10.74,
 140.324685,   34.922072,      -10.74,
 140.329189,   34.922072,      -10.75,
 140.333694,   34.922072,      -10.77,
 140.338198,   34.922072,      -10.79,
 140.342703,   34.922072,      -10.82,
 140.347207,   34.922072,      -10.86,
 140.351712,   34.922072,      -10.90,
 140.356216,   34.922072,      -10.88,
 140.360721,   34.922072,      -10.86,
 140.365225,   34.922072,      -10.81,
 140.369730,   34.922072,      -10.74,
 140.374234,   34.922072,      -10.67,
 140.378739,   34.922072,      -10.60,
 140.383243,   34.922072,      -10.53,
 140.387748,   34.922072,      -10.45,
 139.140000,   34.926577,      -16.45,
 139.144505,   34.926577,      -16.69,
 139.149009,   34.926577,      -16.93,
 139.153514,   34.926577,      -17.15,
 139.158018,   34.926577,      -17.38,
 139.162523,   34.926577,      -17.59,
 139.167027,   34.926577,      -17.80,
 139.171532,   34.926577,      -18.00,
 139.176036,   34.926577,      -18.20,
 139.180541,   34.926577,      -18.39,
 139.185045,   34.926577,      -18.58,
 139.189550,   34.926577,      -18.76,
 139.194054,   34.926577,      -18.93,
 139.198559,   34.926577,      -19.10,
 139.203063,   34.926577,      -19.26,
 139.207568,   34.926577,      -19.41,
 139.212072,   34.926577,      -19.56,
 139.216577,   34.926577,      -19.71,
 139.221081,   34.926577,      -19.84,
 139.225586,   34.926577,      -19.97,
 139.230090,   34.926577,      -20.10,
 139.234595,   34.926577,      -20.05,
 139.239099,   34.926577,      -19.91,
 139.243604,   34.926577,      -19.77,
 139.248108,   34.926577,      -19.64,
 139.252613,   34.926577,      -19.51,
 139.257117,   34.926577,      -19.39,
 139.261622,   34.926577,      -19.28,
 139.266126,   34.926577,      -19.18,
 139.270631,   34.926577,      -19.08,
 139.275135,   34.926577,      -19.00,
 139.279640,   34.926577,      -18.92,
 139.284144,   34.926577,      -18.84,
 139.288649,   34.926577,      -18.76,
 139.293153,   34.926577,      -18.69,
 139.297658,   34.926577,      -18.66,
 139.302162,   34.926577,      -18.64,
 139.306667,   34.926577,      -18.63,
 139.311171,   34.926577,      -18.61,
 139.315676,   34.926577,      -18.59,
 139.320180,   34.926577,      -18.57,
 139.324685,   34.926577,      -18.56,
 139.329189,   34.926577,      -18.56,
 139.333694,   34.926577,      -18.57,
 139.338198,   34.926577,      -18.58,
 139.342703,   34.926577,      -18.59,
 139.347207,   34.926577,      -18.60,
 139.351712,   34.926577,      -18.62,
 139.356216,   34.926577,      -18.65,
 139.360721,   34.926577,      -18.67,
 139.365225,   34.926577,      -18.69,
 139.369730,   34.926577,      -18.72,
 139.374234,   34.926577,      -18.75,
 139.378739,   34.926577,      -18.81,
 139.383243,   34.926577,      -18.89,
 139.387748,   34.926577,      -18.96,
 139.392252,   34.926577,      -19.02,
 139.396757,   34.926577,      -19.06,
 139.401261,   34.926577,      -19.10,
 139.405766,   34.926577,      -19.14,
 139.410270,   34.926577,      -19.17,
 139.414775,   34.926577,      -19.21,
 139.419279,   34.926577,      -19.23,
 139.423784,   34.926577,      -19.25,
 139.428288,   34.926577,      -19.26,
 139.432793,   34.926577,      -19.29,
 139.437297,   34.926577,      -19.33,
 139.441802,   34.926577,      -19.38,
 139.446306,   34.926577,      -19.44,
 139.450811,   34.926577,      -19.50,
 139.455315,   34.926577,      -19.56,
 139.459820,   34.926577,      -19.61,
 139.464324,   34.926577,      -19.66,
 139.468829,   34.926577,      -19.72,
 139.473333,   34.926577,      -19.78,
 139.477838,   34.926577,      -19.84,
 139.482342,   34.926577,      -19.88,
 139.486847,   34.926577,      -19.95,
 139.491351,   34.926577,      -20.02,
 139.495856,   34.926577,      -20.09,
 139.500360,   34.926577,      -20.16,
 139.504865,   34.926577,      -20.23,
 139.509369,   34.926577,      -20.29,
 139.513874,   34.926577,      -20.32,
 139.518378,   34.926577,      -20.38,
 139.522883,   34.926577,      -20.49,
 139.527387,   34.926577,      -20.66,
 139.531892,   34.926577,      -20.84,
 139.536396,   34.926577,      -21.02,
 139.540901,   34.926577,      -21.19,
 139.545405,   34.926577,      -21.37,
 139.549910,   34.926577,      -21.62,
 139.554414,   34.926577,      -21.92,
 139.558919,   34.926577,      -22.26,
 139.563423,   34.926577,      -22.58,
 139.567928,   34.926577,      -22.87,
 139.572432,   34.926577,      -23.07,
 139.576937,   34.926577,      -23.15,
 139.581441,   34.926577,      -23.18,
 139.585946,   34.926577,      -23.11,
 139.590450,   34.926577,      -22.91,
 139.594955,   34.926577,      -22.63,
 139.599459,   34.926577,      -22.30,
 139.603964,   34.926577,      -21.97,
 139.608468,   34.926577,      -21.63,
 139.612973,   34.926577,      -21.31,
 139.617477,   34.926577,      -20.79,
 139.621982,   34.926577,      -20.14,
 139.626486,   34.926577,      -19.50,
 139.630991,   34.926577,      -18.86,
 139.635495,   34.926577,      -18.23,
 139.640000,   34.926577,      -17.66,
 139.644505,   34.926577,      -17.18,
 139.649009,   34.926577,      -16.78,
 139.653514,   34.926577,      -16.38,
 139.658018,   34.926577,      -15.99,
 139.662523,   34.926577,      -15.65,
 139.667027,   34.926577,      -15.35,
 139.671532,   34.926577,      -15.05,
 139.676036,   34.926577,      -14.72,
 139.680541,   34.926577,      -14.37,
 139.685045,   34.926577,      -14.02,
 139.689550,   34.926577,      -13.64,
 139.694054,   34.926577,      -12.76,
 139.698559,   34.926577,      -11.91,
 139.703063,   34.926577,      -11.04,
 139.707568,   34.926577,      -10.12,
 139.712072,   34.926577,       -9.16,
 139.716577,   34.926577,       -8.19,
 139.721081,   34.926577,       -7.40,
 139.725586,   34.926577,       -6.79,
 139.730090,   34.926577,       -6.26,
 139.734595,   34.926577,       -5.92,
 139.739099,   34.926577,       -5.68,
 139.743604,   34.926577,       -5.60,
 139.748108,   34.926577,       -5.56,
 139.752613,   34.926577,       -5.55,
 139.757117,   34.926577,       -5.60,
 139.761622,   34.926577,       -5.66,
 139.766126,   34.926577,       -5.83,
 139.770631,   34.926577,       -6.07,
 139.775135,   34.926577,       -6.31,
 139.779640,   34.926577,       -6.52,
 139.784144,   34.926577,       -6.67,
 139.788649,   34.926577,       -6.82,
 139.793153,   34.926577,       -6.87,
 139.797658,   34.926577,       -6.81,
 139.802162,   34.926577,       -6.73,
 139.806667,   34.926577,       -6.68,
 139.811171,   34.926577,       -6.59,
 139.815676,   34.926577,       -6.50,
 139.820180,   34.926577,       -6.41,
 139.824685,   34.926577,       -6.31,
 139.829189,   34.926577,       -6.49,
 139.833694,   34.926577,       -7.00,
 139.838198,   34.926577,       -7.53,
 139.842703,   34.926577,       -8.04,
 139.847207,   34.926577,       -8.55,
 139.851712,   34.926577,       -9.07,
 139.856216,   34.926577,       -9.57,
 139.860721,   34.926577,      -10.05,
 139.865225,   34.926577,      -10.51,
 139.869730,   34.926577,      -10.94,
 139.874234,   34.926577,      -11.35,
 139.878739,   34.926577,      -11.73,
 139.883243,   34.926577,      -12.09,
 139.887748,   34.926577,      -12.44,
 139.892252,   34.926577,      -12.77,
 139.896757,   34.926577,      -13.08,
 139.901261,   34.926577,      -13.37,
 139.905766,   34.926577,      -13.63,
 139.910270,   34.926577,      -13.88,
 139.914775,   34.926577,      -14.09,
 139.919279,   34.926577,      -14.28,
 139.923784,   34.926577,      -14.44,
 139.928288,   34.926577,      -14.57,
 139.932793,   34.926577,      -14.69,
 139.937297,   34.926577,      -14.76,
 139.941802,   34.926577,      -14.79,
 139.946306,   34.926577,      -14.82,
 139.950811,   34.926577,      -14.94,
 139.955315,   34.926577,      -15.14,
 139.959820,   34.926577,      -15.34,
 139.964324,   34.926577,      -15.47,
 139.968829,   34.926577,      -15.60,
 139.973333,   34.926577,      -15.68,
 139.977838,   34.926577,      -15.48,
 139.982342,   34.926577,      -15.23,
 139.986847,   34.926577,      -14.92,
 139.991351,   34.926577,      -14.55,
 139.995856,   34.926577,      -14.18,
 140.000360,   34.926577,      -13.87,
 140.004865,   34.926577,      -13.60,
 140.009369,   34.926577,      -13.32,
 140.013874,   34.926577,      -13.06,
 140.018378,   34.926577,      -12.86,
 140.022883,   34.926577,      -12.70,
 140.027387,   34.926577,      -12.57,
 140.031892,   34.926577,      -12.47,
 140.036396,   34.926577,      -12.38,
 140.040901,   34.926577,      -12.31,
 140.045405,   34.926577,      -12.28,
 140.049910,   34.926577,      -12.28,
 140.054414,   34.926577,      -12.28,
 140.058919,   34.926577,      -12.27,
 140.063423,   34.926577,      -12.25,
 140.067928,   34.926577,      -12.27,
 140.072432,   34.926577,      -12.35,
 140.076937,   34.926577,      -12.43,
 140.081441,   34.926577,      -12.52,
 140.085946,   34.926577,      -12.61,
 140.090450,   34.926577,      -12.68,
 140.094955,   34.926577,      -12.75,
 140.099459,   34.926577,      -12.83,
 140.103964,   34.926577,      -12.90,
 140.108468,   34.926577,      -12.98,
 140.112973,   34.926577,      -13.07,
 140.117477,   34.926577,      -13.15,
 140.121982,   34.926577,      -13.20,
 140.126486,   34.926577,      -13.25,
 140.130991,   34.926577,      -13.29,
 140.135495,   34.926577,      -13.34,
 140.140000,   34.926577,      -13.38,
 140.144505,   34.926577,      -13.43,
 140.149009,   34.926577,      -13.46,
 140.153514,   34.926577,      -13.49,
 140.158018,   34.926577,      -13.51,
 140.162523,   34.926577,      -13.53,
 140.167027,   34.926577,      -13.56,
 140.171532,   34.926577,      -13.58,
 140.176036,   34.926577,      -13.60,
 140.180541,   34.926577,      -13.60,
 140.185045,   34.926577,      -13.57,
 140.189550,   34.926577,      -13.53,
 140.194054,   34.926577,      -13.49,
 140.198559,   34.926577,      -13.46,
 140.203063,   34.926577,      -13.42,
 140.207568,   34.926577,      -13.38,
 140.212072,   34.926577,      -13.34,
 140.216577,   34.926577,      -13.30,
 140.221081,   34.926577,      -13.25,
 140.225586,   34.926577,      -13.18,
 140.230090,   34.926577,      -13.09,
 140.234595,   34.926577,      -12.98,
 140.239099,   34.926577,      -12.86,
 140.243604,   34.926577,      -12.75,
 140.248108,   34.926577,      -12.63,
 140.252613,   34.926577,      -12.50,
 140.257117,   34.926577,      -12.36,
 140.261622,   34.926577,      -12.20,
 140.266126,   34.926577,      -12.04,
 140.270631,   34.926577,      -11.86,
 140.275135,   34.926577,      -11.68,
 140.279640,   34.926577,      -11.48,
 140.284144,   34.926577,      -11.27,
 140.288649,   34.926577,      -11.05,
 140.293153,   34.926577,      -10.90,
 140.297658,   34.926577,      -10.85,
 140.302162,   34.926577,      -10.82,
 140.306667,   34.926577,      -10.80,
 140.311171,   34.926577,      -10.79,
 140.315676,   34.926577,      -10.78,
 140.320180,   34.926577,      -10.78,
 140.324685,   34.926577,      -10.79,
 140.329189,   34.926577,      -10.80,
 140.333694,   34.926577,      -10.82,
 140.338198,   34.926577,      -10.84,
 140.342703,   34.926577,      -10.87,
 140.347207,   34.926577,      -10.90,
 140.351712,   34.926577,      -10.88,
 140.356216,   34.926577,      -10.85,
 140.360721,   34.926577,      -10.79,
 140.365225,   34.926577,      -10.73,
 140.369730,   34.926577,      -10.67,
 140.374234,   34.926577,      -10.60,
 140.378739,   34.926577,      -10.53,
 140.383243,   34.926577,      -10.45,
 140.387748,   34.926577,      -10.37,
 139.140000,   34.931081,      -16.29,
 139.144505,   34.931081,      -16.54,
 139.149009,   34.931081,      -16.78,
 139.153514,   34.931081,      -17.00,
 139.158018,   34.931081,      -17.23,
 139.162523,   34.931081,      -17.44,
 139.167027,   34.931081,      -17.65,
 139.171532,   34.931081,      -17.86,
 139.176036,   34.931081,      -18.06,
 139.180541,   34.931081,      -18.25,
 139.185045,   34.931081,      -18.43,
 139.189550,   34.931081,      -18.62,
 139.194054,   34.931081,      -18.79,
 139.198559,   34.931081,      -18.96,
 139.203063,   34.931081,      -19.12,
 139.207568,   34.931081,      -19.28,
 139.212072,   34.931081,      -19.43,
 139.216577,   34.931081,      -19.57,
 139.221081,   34.931081,      -19.71,
 139.225586,   34.931081,      -19.84,
 139.230090,   34.931081,      -19.97,
 139.234595,   34.931081,      -20.09,
 139.239099,   34.931081,      -20.07,
 139.243604,   34.931081,      -19.95,
 139.248108,   34.931081,      -19.81,
 139.252613,   34.931081,      -19.69,
 139.257117,   34.931081,      -19.57,
 139.261622,   34.931081,      -19.46,
 139.266126,   34.931081,      -19.36,
 139.270631,   34.931081,      -19.26,
 139.275135,   34.931081,      -19.17,
 139.279640,   34.931081,      -19.09,
 139.284144,   34.931081,      -19.01,
 139.288649,   34.931081,      -18.92,
 139.293153,   34.931081,      -18.84,
 139.297658,   34.931081,      -18.79,
 139.302162,   34.931081,      -18.75,
 139.306667,   34.931081,      -18.71,
 139.311171,   34.931081,      -18.68,
 139.315676,   34.931081,      -18.64,
 139.320180,   34.931081,      -18.60,
 139.324685,   34.931081,      -18.57,
 139.329189,   34.931081,      -18.55,
 139.333694,   34.931081,      -18.55,
 139.338198,   34.931081,      -18.56,
 139.342703,   34.931081,      -18.57,
 139.347207,   34.931081,      -18.57,
 139.351712,   34.931081,      -18.59,
 139.356216,   34.931081,      -18.61,
 139.360721,   34.931081,      -18.62,
 139.365225,   34.931081,      -18.64,
 139.369730,   34.931081,      -18.65,
 139.374234,   34.931081,      -18.67,
 139.378739,   34.931081,      -18.72,
 139.383243,   34.931081,      -18.79,
 139.387748,   34.931081,      -18.84,
 139.392252,   34.931081,      -18.87,
 139.396757,   34.931081,      -18.89,
 139.401261,   34.931081,      -18.91,
 139.405766,   34.931081,      -18.93,
 139.410270,   34.931081,      -18.95,
 139.414775,   34.931081,      -18.97,
 139.419279,   34.931081,      -18.99,
 139.423784,   34.931081,      -18.99,
 139.428288,   34.931081,      -19.00,
 139.432793,   34.931081,      -19.03,
 139.437297,   34.931081,      -19.06,
 139.441802,   34.931081,      -19.11,
 139.446306,   34.931081,      -19.17,
 139.450811,   34.931081,      -19.22,
 139.455315,   34.931081,      -19.26,
 139.459820,   34.931081,      -19.29,
 139.464324,   34.931081,      -19.32,
 139.468829,   34.931081,      -19.35,
 139.473333,   34.931081,      -19.38,
 139.477838,   34.931081,      -19.40,
 139.482342,   34.931081,      -19.43,
 139.486847,   34.931081,      -19.51,
 139.491351,   34.931081,      -19.61,
 139.495856,   34.931081,      -19.72,
 139.500360,   34.931081,      -19.82,
 139.504865,   34.931081,      -19.93,
 139.509369,   34.931081,      -20.03,
 139.513874,   34.931081,      -20.10,
 139.518378,   34.931081,      -20.17,
 139.522883,   34.931081,      -20.29,
 139.527387,   34.931081,      -20.47,
 139.531892,   34.931081,      -20.65,
 139.536396,   34.931081,      -20.83,
 139.540901,   34.931081,      -21.02,
 139.545405,   34.931081,      -21.22,
 139.549910,   34.931081,      -21.52,
 139.554414,   34.931081,      -21.85,
 139.558919,   34.931081,      -22.19,
 139.563423,   34.931081,      -22.53,
 139.567928,   34.931081,      -22.86,
 139.572432,   34.931081,      -22.98,
 139.576937,   34.931081,      -22.93,
 139.581441,   34.931081,      -22.83,
 139.585946,   34.931081,      -22.72,
 139.590450,   34.931081,      -22.55,
 139.594955,   34.931081,      -22.28,
 139.599459,   34.931081,      -21.92,
 139.603964,   34.931081,      -21.54,
 139.608468,   34.931081,      -21.17,
 139.612973,   34.931081,      -20.79,
 139.617477,   34.931081,      -20.20,
 139.621982,   34.931081,      -19.56,
 139.626486,   34.931081,      -18.91,
 139.630991,   34.931081,      -18.27,
 139.635495,   34.931081,      -17.65,
 139.640000,   34.931081,      -17.08,
 139.644505,   34.931081,      -16.59,
 139.649009,   34.931081,      -16.18,
 139.653514,   34.931081,      -15.78,
 139.658018,   34.931081,      -15.38,
 139.662523,   34.931081,      -15.01,
 139.667027,   34.931081,      -14.68,
 139.671532,   34.931081,      -14.33,
 139.676036,   34.931081,      -13.96,
 139.680541,   34.931081,      -13.58,
 139.685045,   34.931081,      -13.12,
 139.689550,   34.931081,      -12.57,
 139.694054,   34.931081,      -11.82,
 139.698559,   34.931081,      -11.02,
 139.703063,   34.931081,      -10.19,
 139.707568,   34.931081,       -9.32,
 139.712072,   34.931081,       -8.42,
 139.716577,   34.931081,       -7.55,
 139.721081,   34.931081,       -7.00,
 139.725586,   34.931081,       -6.48,
 139.730090,   34.931081,       -6.00,
 139.734595,   34.931081,       -5.68,
 139.739099,   34.931081,       -5.56,
 139.743604,   34.931081,       -5.48,
 139.748108,   34.931081,       -5.46,
 139.752613,   34.931081,       -5.51,
 139.757117,   34.931081,       -5.57,
 139.761622,   34.931081,       -5.73,
 139.766126,   34.931081,       -6.01,
 139.770631,   34.931081,       -6.29,
 139.775135,   34.931081,       -6.52,
 139.779640,   34.931081,       -6.74,
 139.784144,   34.931081,       -6.91,
 139.788649,   34.931081,       -7.04,
 139.793153,   34.931081,       -7.08,
 139.797658,   34.931081,       -7.01,
 139.802162,   34.931081,       -6.87,
 139.806667,   34.931081,       -6.71,
 139.811171,   34.931081,       -6.62,
 139.815676,   34.931081,       -6.54,
 139.820180,   34.931081,       -6.42,
 139.824685,   34.931081,       -6.31,
 139.829189,   34.931081,       -6.58,
 139.833694,   34.931081,       -7.13,
 139.838198,   34.931081,       -7.64,
 139.842703,   34.931081,       -8.14,
 139.847207,   34.931081,       -8.64,
 139.851712,   34.931081,       -9.14,
 139.856216,   34.931081,       -9.62,
 139.860721,   34.931081,      -10.09,
 139.865225,   34.931081,      -10.53,
 139.869730,   34.931081,      -10.94,
 139.874234,   34.931081,      -11.32,
 139.878739,   34.931081,      -11.68,
 139.883243,   34.931081,      -12.03,
 139.887748,   34.931081,      -12.37,
 139.892252,   34.931081,      -12.68,
 139.896757,   34.931081,      -12.98,
 139.901261,   34.931081,      -13.25,
 139.905766,   34.931081,      -13.51,
 139.910270,   34.931081,      -13.74,
 139.914775,   34.931081,      -13.96,
 139.919279,   34.931081,      -14.15,
 139.923784,   34.931081,      -14.31,
 139.928288,   34.931081,      -14.45,
 139.932793,   34.931081,      -14.58,
 139.937297,   34.931081,      -14.69,
 139.941802,   34.931081,      -14.75,
 139.946306,   34.931081,      -14.75,
 139.950811,   34.931081,      -14.87,
 139.955315,   34.931081,      -15.09,
 139.959820,   34.931081,      -15.34,
 139.964324,   34.931081,      -15.64,
 139.968829,   34.931081,      -15.82,
 139.973333,   34.931081,      -15.88,
 139.977838,   34.931081,      -15.76,
 139.982342,   34.931081,      -15.57,
 139.986847,   34.931081,      -15.25,
 139.991351,   34.931081,      -14.87,
 139.995856,   34.931081,      -14.49,
 140.000360,   34.931081,      -14.14,
 140.004865,   34.931081,      -13.83,
 140.009369,   34.931081,      -13.53,
 140.013874,   34.931081,      -13.27,
 140.018378,   34.931081,      -13.04,
 140.022883,   34.931081,      -12.83,
 140.027387,   34.931081,      -12.67,
 140.031892,   34.931081,      -12.57,
 140.036396,   34.931081,      -12.47,
 140.040901,   34.931081,      -12.37,
 140.045405,   34.931081,      -12.28,
 140.049910,   34.931081,      -12.28,
 140.054414,   34.931081,      -12.27,
 140.058919,   34.931081,      -12.27,
 140.063423,   34.931081,      -12.25,
 140.067928,   34.931081,      -12.24,
 140.072432,   34.931081,      -12.28,
 140.076937,   34.931081,      -12.34,
 140.081441,   34.931081,      -12.42,
 140.085946,   34.931081,      -12.49,
 140.090450,   34.931081,      -12.56,
 140.094955,   34.931081,      -12.63,
 140.099459,   34.931081,      -12.71,
 140.103964,   34.931081,      -12.79,
 140.108468,   34.931081,      -12.87,
 140.112973,   34.931081,      -12.96,
 140.117477,   34.931081,      -13.04,
 140.121982,   34.931081,      -13.10,
 140.126486,   34.931081,      -13.15,
 140.130991,   34.931081,      -13.19,
 140.135495,   34.931081,      -13.24,
 140.140000,   34.931081,      -13.28,
 140.144505,   34.931081,      -13.33,
 140.149009,   34.931081,      -13.36,
 140.153514,   34.931081,      -13.38,
 140.158018,   34.931081,      -13.40,
 140.162523,   34.931081,      -13.42,
 140.167027,   34.931081,      -13.44,
 140.171532,   34.931081,      -13.46,
 140.176036,   34.931081,      -13.47,
 140.180541,   34.931081,      -13.46,
 140.185045,   34.931081,      -13.43,
 140.189550,   34.931081,      -13.39,
 140.194054,   34.931081,      -13.34,
 140.198559,   34.931081,      -13.30,
 140.203063,   34.931081,      -13.26,
 140.207568,   34.931081,      -13.22,
 140.212072,   34.931081,      -13.18,
 140.216577,   34.931081,      -13.14,
 140.221081,   34.931081,      -13.08,
 140.225586,   34.931081,      -13.00,
 140.230090,   34.931081,      -12.91,
 140.234595,   34.931081,      -12.80,
 140.239099,   34.931081,      -12.68,
 140.243604,   34.931081,      -12.57,
 140.248108,   34.931081,      -12.45,
 140.252613,   34.931081,      -12.33,
 140.257117,   34.931081,      -12.20,
 140.261622,   34.931081,      -12.04,
 140.266126,   34.931081,      -11.88,
 140.270631,   34.931081,      -11.70,
 140.275135,   34.931081,      -11.52,
 140.279640,   34.931081,      -11.32,
 140.284144,   34.931081,      -11.11,
 140.288649,   34.931081,      -10.96,
 140.293153,   34.931081,      -10.91,
 140.297658,   34.931081,      -10.88,
 140.302162,   34.931081,      -10.86,
 140.306667,   34.931081,      -10.84,
 140.311171,   34.931081,      -10.83,
 140.315676,   34.931081,      -10.82,
 140.320180,   34.931081,      -10.82,
 140.324685,   34.931081,      -10.83,
 140.329189,   34.931081,      -10.84,
 140.333694,   34.931081,      -10.86,
 140.338198,   34.931081,      -10.88,
 140.342703,   34.931081,      -10.90,
 140.347207,   34.931081,      -10.88,
 140.351712,   34.931081,      -10.84,
 140.356216,   34.931081,      -10.78,
 140.360721,   34.931081,      -10.72,
 140.365225,   34.931081,      -10.66,
 140.369730,   34.931081,      -10.60,
 140.374234,   34.931081,      -10.53,
 140.378739,   34.931081,      -10.45,
 140.383243,   34.931081,      -10.38,
 140.387748,   34.931081,      -10.30,
 139.140000,   34.935586,      -16.13,
 139.144505,   34.935586,      -16.38,
 139.149009,   34.935586,      -16.63,
 139.153514,   34.935586,      -16.86,
 139.158018,   34.935586,      -17.08,
 139.162523,   34.935586,      -17.30,
 139.167027,   34.935586,      -17.51,
 139.171532,   34.935586,      -17.72,
 139.176036,   34.935586,      -17.92,
 139.180541,   34.935586,      -18.11,
 139.185045,   34.935586,      -18.30,
 139.189550,   34.935586,      -18.48,
 139.194054,   34.935586,      -18.66,
 139.198559,   34.935586,      -18.82,
 139.203063,   34.935586,      -18.99,
 139.207568,   34.935586,      -19.15,
 139.212072,   34.935586,      -19.30,
 139.216577,   34.935586,      -19.44,
 139.221081,   34.935586,      -19.58,
 139.225586,   34.935586,      -19.72,
 139.230090,   34.935586,      -19.84,
 139.234595,   34.935586,      -19.96,
 139.239099,   34.935586,      -20.08,
 139.243604,   34.935586,      -20.10,
 139.248108,   34.935586,      -19.98,
 139.252613,   34.935586,      -19.86,
 139.257117,   34.935586,      -19.74,
 139.261622,   34.935586,      -19.63,
 139.266126,   34.935586,      -19.52,
 139.270631,   34.935586,      -19.43,
 139.275135,   34.935586,      -19.34,
 139.279640,   34.935586,      -19.26,
 139.284144,   34.935586,      -19.18,
 139.288649,   34.935586,      -19.09,
 139.293153,   34.935586,      -19.01,
 139.297658,   34.935586,      -18.93,
 139.302162,   34.935586,      -18.87,
 139.306667,   34.935586,      -18.81,
 139.311171,   34.935586,      -18.76,
 139.315676,   34.935586,      -18.71,
 139.320180,   34.935586,      -18.65,
 139.324685,   34.935586,      -18.60,
 139.329189,   34.935586,      -18.55,
 139.333694,   34.935586,      -18.54,
 139.338198,   34.935586,      -18.54,
 139.342703,   34.935586,      -18.55,
 139.347207,   34.935586,      -18.55,
 139.351712,   34.935586,      -18.56,
 139.356216,   34.935586,      -18.57,
 139.360721,   34.935586,      -18.58,
 139.365225,   34.935586,      -18.59,
 139.369730,   34.935586,      -18.60,
 139.374234,   34.935586,      -18.61,
 139.378739,   34.935586,      -18.63,
 139.383243,   34.935586,      -18.69,
 139.387748,   34.935586,      -18.70,
 139.392252,   34.935586,      -18.69,
 139.396757,   34.935586,      -18.68,
 139.401261,   34.935586,      -18.69,
 139.405766,   34.935586,      -18.69,
 139.410270,   34.935586,      -18.70,
 139.414775,   34.935586,      -18.71,
 139.419279,   34.935586,      -18.72,
 139.423784,   34.935586,      -18.72,
 139.428288,   34.935586,      -18.74,
 139.432793,   34.935586,      -18.76,
 139.437297,   34.935586,      -18.79,
 139.441802,   34.935586,      -18.84,
 139.446306,   34.935586,      -18.89,
 139.450811,   34.935586,      -18.91,
 139.455315,   34.935586,      -18.93,
 139.459820,   34.935586,      -18.94,
 139.464324,   34.935586,      -18.94,
 139.468829,   34.935586,      -18.95,
 139.473333,   34.935586,      -18.94,
 139.477838,   34.935586,      -18.94,
 139.482342,   34.935586,      -18.97,
 139.486847,   34.935586,      -19.05,
 139.491351,   34.935586,      -19.16,
 139.495856,   34.935586,      -19.30,
 139.500360,   34.935586,      -19.44,
 139.504865,   34.935586,      -19.59,
 139.509369,   34.935586,      -19.73,
 139.513874,   34.935586,      -19.86,
 139.518378,   34.935586,      -19.95,
 139.522883,   34.935586,      -20.09,
 139.527387,   34.935586,      -20.26,
 139.531892,   34.935586,      -20.43,
 139.536396,   34.935586,      -20.61,
 139.540901,   34.935586,      -20.80,
 139.545405,   34.935586,      -21.08,
 139.549910,   34.935586,      -21.43,
 139.554414,   34.935586,      -21.76,
 139.558919,   34.935586,      -22.10,
 139.563423,   34.935586,      -22.44,
 139.567928,   34.935586,      -22.72,
 139.572432,   34.935586,      -22.65,
 139.576937,   34.935586,      -22.53,
 139.581441,   34.935586,      -22.42,
 139.585946,   34.935586,      -22.31,
 139.590450,   34.935586,      -22.19,
 139.594955,   34.935586,      -21.92,
 139.599459,   34.935586,      -21.49,
 139.603964,   34.935586,      -21.05,
 139.608468,   34.935586,      -20.62,
 139.612973,   34.935586,      -20.13,
 139.617477,   34.935586,      -19.55,
 139.621982,   34.935586,      -18.92,
 139.626486,   34.935586,      -18.29,
 139.630991,   34.935586,      -17.66,
 139.635495,   34.935586,      -17.04,
 139.640000,   34.935586,      -16.48,
 139.644505,   34.935586,      -16.00,
 139.649009,   34.935586,      -15.60,
 139.653514,   34.935586,      -15.22,
 139.658018,   34.935586,      -14.83,
 139.662523,   34.935586,      -14.46,
 139.667027,   34.935586,      -14.08,
 139.671532,   34.935586,      -13.69,
 139.676036,   34.935586,      -13.25,
 139.680541,   34.935586,      -12.71,
 139.685045,   34.935586,      -12.13,
 139.689550,   34.935586,      -11.49,
 139.694054,   34.935586,      -10.78,
 139.698559,   34.935586,      -10.03,
 139.703063,   34.935586,       -9.31,
 139.707568,   34.935586,       -8.52,
 139.712072,   34.935586,       -7.68,
 139.716577,   34.935586,       -7.01,
 139.721081,   34.935586,       -6.58,
 139.725586,   34.935586,       -6.13,
 139.730090,   34.935586,       -5.71,
 139.734595,   34.935586,       -5.52,
 139.739099,   34.935586,       -5.42,
 139.743604,   34.935586,       -5.36,
 139.748108,   34.935586,       -5.40,
 139.752613,   34.935586,       -5.47,
 139.757117,   34.935586,       -5.57,
 139.761622,   34.935586,       -5.90,
 139.766126,   34.935586,       -6.22,
 139.770631,   34.935586,       -6.50,
 139.775135,   34.935586,       -6.70,
 139.779640,   34.935586,       -6.93,
 139.784144,   34.935586,       -7.13,
 139.788649,   34.935586,       -7.21,
 139.793153,   34.935586,       -7.29,
 139.797658,   34.935586,       -7.18,
 139.802162,   34.935586,       -6.91,
 139.806667,   34.935586,       -6.71,
 139.811171,   34.935586,       -6.59,
 139.815676,   34.935586,       -6.47,
 139.820180,   34.935586,       -6.36,
 139.824685,   34.935586,       -6.32,
 139.829189,   34.935586,       -6.76,
 139.833694,   34.935586,       -7.25,
 139.838198,   34.935586,       -7.74,
 139.842703,   34.935586,       -8.23,
 139.847207,   34.935586,       -8.72,
 139.851712,   34.935586,       -9.21,
 139.856216,   34.935586,       -9.68,
 139.860721,   34.935586,      -10.12,
 139.865225,   34.935586,      -10.54,
 139.869730,   34.935586,      -10.93,
 139.874234,   34.935586,      -11.30,
 139.878739,   34.935586,      -11.65,
 139.883243,   34.935586,      -11.99,
 139.887748,   34.935586,      -12.31,
 139.892252,   34.935586,      -12.61,
 139.896757,   34.935586,      -12.89,
 139.901261,   34.935586,      -13.16,
 139.905766,   34.935586,      -13.41,
 139.910270,   34.935586,      -13.64,
 139.914775,   34.935586,      -13.85,
 139.919279,   34.935586,      -14.04,
 139.923784,   34.935586,      -14.21,
 139.928288,   34.935586,      -14.36,
 139.932793,   34.935586,      -14.49,
 139.937297,   34.935586,      -14.61,
 139.941802,   34.935586,      -14.71,
 139.946306,   34.935586,      -14.78,
 139.950811,   34.935586,      -14.82,
 139.955315,   34.935586,      -15.02,
 139.959820,   34.935586,      -15.33,
 139.964324,   34.935586,      -15.75,
 139.968829,   34.935586,      -16.10,
 139.973333,   34.935586,      -16.13,
 139.977838,   34.935586,      -16.06,
 139.982342,   34.935586,      -15.92,
 139.986847,   34.935586,      -15.59,
 139.991351,   34.935586,      -15.20,
 139.995856,   34.935586,      -14.82,
 140.000360,   34.935586,      -14.45,
 140.004865,   34.935586,      -14.09,
 140.009369,   34.935586,      -13.74,
 140.013874,   34.935586,      -13.48,
 140.018378,   34.935586,      -13.24,
 140.022883,   34.935586,      -13.01,
 140.027387,   34.935586,      -12.81,
 140.031892,   34.935586,      -12.69,
 140.036396,   34.935586,      -12.59,
 140.040901,   34.935586,      -12.49,
 140.045405,   34.935586,      -12.40,
 140.049910,   34.935586,      -12.34,
 140.054414,   34.935586,      -12.31,
 140.058919,   34.935586,      -12.28,
 140.063423,   34.935586,      -12.26,
 140.067928,   34.935586,      -12.23,
 140.072432,   34.935586,      -12.22,
 140.076937,   34.935586,      -12.24,
 140.081441,   34.935586,      -12.31,
 140.085946,   34.935586,      -12.39,
 140.090450,   34.935586,      -12.46,
 140.094955,   34.935586,      -12.52,
 140.099459,   34.935586,      -12.58,
 140.103964,   34.935586,      -12.67,
 140.108468,   34.935586,      -12.76,
 140.112973,   34.935586,      -12.85,
 140.117477,   34.935586,      -12.93,
 140.121982,   34.935586,      -13.00,
 140.126486,   34.935586,      -13.05,
 140.130991,   34.935586,      -13.09,
 140.135495,   34.935586,      -13.13,
 140.140000,   34.935586,      -13.18,
 140.144505,   34.935586,      -13.22,
 140.149009,   34.935586,      -13.25,
 140.153514,   34.935586,      -13.27,
 140.158018,   34.935586,      -13.28,
 140.162523,   34.935586,      -13.30,
 140.167027,   34.935586,      -13.31,
 140.171532,   34.935586,      -13.33,
 140.176036,   34.935586,      -13.33,
 140.180541,   34.935586,      -13.32,
 140.185045,   34.935586,      -13.29,
 140.189550,   34.935586,      -13.24,
 140.194054,   34.935586,      -13.20,
 140.198559,   34.935586,      -13.15,
 140.203063,   34.935586,      -13.11,
 140.207568,   34.935586,      -13.07,
 140.212072,   34.935586,      -13.02,
 140.216577,   34.935586,      -12.98,
 140.221081,   34.935586,      -12.92,
 140.225586,   34.935586,      -12.83,
 140.230090,   34.935586,      -12.73,
 140.234595,   34.935586,      -12.62,
 140.239099,   34.935586,      -12.51,
 140.243604,   34.935586,      -12.39,
 140.248108,   34.935586,      -12.28,
 140.252613,   34.935586,      -12.15,
 140.257117,   34.935586,      -12.03,
 140.261622,   34.935586,      -11.89,
 140.266126,   34.935586,      -11.73,
 140.270631,   34.935586,      -11.56,
 140.275135,   34.935586,      -11.37,
 140.279640,   34.935586,      -11.17,
 140.284144,   34.935586,      -11.02,
 140.288649,   34.935586,      -10.97,
 140.293153,   34.935586,      -10.94,
 140.297658,   34.935586,      -10.91,
 140.302162,   34.935586,      -10.89,
 140.306667,   34.935586,      -10.87,
 140.311171,   34.935586,      -10.86,
 140.315676,   34.935586,      -10.85,
 140.320180,   34.935586,      -10.85,
 140.324685,   34.935586,      -10.86,
 140.329189,   34.935586,      -10.87,
 140.333694,   34.935586,      -10.89,
 140.338198,   34.935586,      -10.90,
 140.342703,   34.935586,      -10.88,
 140.347207,   34.935586,      -10.83,
 140.351712,   34.935586,      -10.78,
 140.356216,   34.935586,      -10.72,
 140.360721,   34.935586,      -10.66,
 140.365225,   34.935586,      -10.60,
 140.369730,   34.935586,      -10.53,
 140.374234,   34.935586,      -10.46,
 140.378739,   34.935586,      -10.38,
 140.383243,   34.935586,      -10.31,
 140.387748,   34.935586,      -10.23,
 139.140000,   34.940090,      -16.04,
 139.144505,   34.940090,      -16.22,
 139.149009,   34.940090,      -16.47,
 139.153514,   34.940090,      -16.71,
 139.158018,   34.940090,      -16.95,
 139.162523,   34.940090,      -17.16,
 139.167027,   34.940090,      -17.38,
 139.171532,   34.940090,      -17.58,
 139.176036,   34.940090,      -17.78,
 139.180541,   34.940090,      -17.98,
 139.185045,   34.940090,      -18.17,
 139.189550,   34.940090,      -18.35,
 139.194054,   34.940090,      -18.53,
 139.198559,   34.940090,      -18.70,
 139.203063,   34.940090,      -18.86,
 139.207568,   34.940090,      -19.02,
 139.212072,   34.940090,      -19.17,
 139.216577,   34.940090,      -19.32,
 139.221081,   34.940090,      -19.46,
 139.225586,   34.940090,      -19.60,
 139.230090,   34.940090,      -19.72,
 139.234595,   34.940090,      -19.85,
 139.239099,   34.940090,      -19.96,
 139.243604,   34.940090,      -20.07,
 139.248108,   34.940090,      -20.13,
 139.252613,   34.940090,      -20.02,
 139.257117,   34.940090,      -19.90,
 139.261622,   34.940090,      -19.79,
 139.266126,   34.940090,      -19.68,
 139.270631,   34.940090,      -19.59,
 139.275135,   34.940090,      -19.51,
 139.279640,   34.940090,      -19.44,
 139.284144,   34.940090,      -19.35,
 139.288649,   34.940090,      -19.27,
 139.293153,   34.940090,      -19.17,
 139.297658,   34.940090,      -19.09,
 139.302162,   34.940090,      -19.01,
 139.306667,   34.940090,      -18.94,
 139.311171,   34.940090,      -18.87,
 139.315676,   34.940090,      -18.79,
 139.320180,   34.940090,      -18.72,
 139.324685,   34.940090,      -18.64,
 139.329189,   34.940090,      -18.56,
 139.333694,   34.940090,      -18.52,
 139.338198,   34.940090,      -18.53,
 139.342703,   34.940090,      -18.53,
 139.347207,   34.940090,      -18.53,
 139.351712,   34.940090,      -18.53,
 139.356216,   34.940090,      -18.54,
 139.360721,   34.940090,      -18.54,
 139.365225,   34.940090,      -18.55,
 139.369730,   34.940090,      -18.56,
 139.374234,   34.940090,      -18.56,
 139.378739,   34.940090,      -18.56,
 139.383243,   34.940090,      -18.53,
 139.387748,   34.940090,      -18.49,
 139.392252,   34.940090,      -18.47,
 139.396757,   34.940090,      -18.45,
 139.401261,   34.940090,      -18.44,
 139.405766,   34.940090,      -18.44,
 139.410270,   34.940090,      -18.44,
 139.414775,   34.940090,      -18.44,
 139.419279,   34.940090,      -18.44,
 139.423784,   34.940090,      -18.45,
 139.428288,   34.940090,      -18.46,
 139.432793,   34.940090,      -18.49,
 139.437297,   34.940090,      -18.52,
 139.441802,   34.940090,      -18.56,
 139.446306,   34.940090,      -18.58,
 139.450811,   34.940090,      -18.58,
 139.455315,   34.940090,      -18.57,
 139.459820,   34.940090,      -18.56,
 139.464324,   34.940090,      -18.54,
 139.468829,   34.940090,      -18.51,
 139.473333,   34.940090,      -18.48,
 139.477838,   34.940090,      -18.46,
 139.482342,   34.940090,      -18.49,
 139.486847,   34.940090,      -18.56,
 139.491351,   34.940090,      -18.68,
 139.495856,   34.940090,      -18.85,
 139.500360,   34.940090,      -19.02,
 139.504865,   34.940090,      -19.20,
 139.509369,   34.940090,      -19.39,
 139.513874,   34.940090,      -19.58,
 139.518378,   34.940090,      -19.72,
 139.522883,   34.940090,      -19.87,
 139.527387,   34.940090,      -20.02,
 139.531892,   34.940090,      -20.18,
 139.536396,   34.940090,      -20.35,
 139.540901,   34.940090,      -20.55,
 139.545405,   34.940090,      -20.85,
 139.549910,   34.940090,      -21.26,
 139.554414,   34.940090,      -21.64,
 139.558919,   34.940090,      -21.99,
 139.563423,   34.940090,      -22.21,
 139.567928,   34.940090,      -22.27,
 139.572432,   34.940090,      -22.18,
 139.576937,   34.940090,      -22.09,
 139.581441,   34.940090,      -21.98,
 139.585946,   34.940090,      -21.86,
 139.590450,   34.940090,      -21.75,
 139.594955,   34.940090,      -21.44,
 139.599459,   34.940090,      -20.95,
 139.603964,   34.940090,      -20.46,
 139.608468,   34.940090,      -19.98,
 139.612973,   34.940090,      -19.47,
 139.617477,   34.940090,      -18.89,
 139.621982,   34.940090,      -18.27,
 139.626486,   34.940090,      -17.65,
 139.630991,   34.940090,      -17.03,
 139.635495,   34.940090,      -16.42,
 139.640000,   34.940090,      -15.85,
 139.644505,   34.940090,      -15.41,
 139.649009,   34.940090,      -15.04,
 139.653514,   34.940090,      -14.67,
 139.658018,   34.940090,      -14.30,
 139.662523,   34.940090,      -13.94,
 139.667027,   34.940090,      -13.56,
 139.671532,   34.940090,      -13.10,
 139.676036,   34.940090,      -12.56,
 139.680541,   34.940090,      -11.91,
 139.685045,   34.940090,      -11.26,
 139.689550,   34.940090,      -10.57,
 139.694054,   34.940090,       -9.78,
 139.698559,   34.940090,       -9.02,
 139.703063,   34.940090,       -8.34,
 139.707568,   34.940090,       -7.69,
 139.712072,   34.940090,       -6.96,
 139.716577,   34.940090,       -6.50,
 139.721081,   34.940090,       -6.13,
 139.725586,   34.940090,       -5.73,
 139.730090,   34.940090,       -5.51,
 139.734595,   34.940090,       -5.36,
 139.739099,   34.940090,       -5.25,
 139.743604,   34.940090,       -5.28,
 139.748108,   34.940090,       -5.35,
 139.752613,   34.940090,       -5.45,
 139.757117,   34.940090,       -5.78,
 139.761622,   34.940090,       -6.18,
 139.766126,   34.940090,       -6.48,
 139.770631,   34.940090,       -6.65,
 139.775135,   34.940090,       -6.83,
 139.779640,   34.940090,       -7.04,
 139.784144,   34.940090,       -7.21,
 139.788649,   34.940090,       -7.31,
 139.793153,   34.940090,       -7.28,
 139.797658,   34.940090,       -7.01,
 139.802162,   34.940090,       -6.76,
 139.806667,   34.940090,       -6.63,
 139.811171,   34.940090,       -6.55,
 139.815676,   34.940090,       -6.42,
 139.820180,   34.940090,       -6.28,
 139.824685,   34.940090,       -6.51,
 139.829189,   34.940090,       -6.92,
 139.833694,   34.940090,       -7.38,
 139.838198,   34.940090,       -7.85,
 139.842703,   34.940090,       -8.32,
 139.847207,   34.940090,       -8.80,
 139.851712,   34.940090,       -9.27,
 139.856216,   34.940090,       -9.73,
 139.860721,   34.940090,      -10.15,
 139.865225,   34.940090,      -10.55,
 139.869730,   34.940090,      -10.92,
 139.874234,   34.940090,      -11.28,
 139.878739,   34.940090,      -11.63,
 139.883243,   34.940090,      -11.95,
 139.887748,   34.940090,      -12.26,
 139.892252,   34.940090,      -12.56,
 139.896757,   34.940090,      -12.83,
 139.901261,   34.940090,      -13.09,
 139.905766,   34.940090,      -13.33,
 139.910270,   34.940090,      -13.55,
 139.914775,   34.940090,      -13.76,
 139.919279,   34.940090,      -13.95,
 139.923784,   34.940090,      -14.12,
 139.928288,   34.940090,      -14.27,
 139.932793,   34.940090,      -14.41,
 139.937297,   34.940090,      -14.54,
 139.941802,   34.940090,      -14.66,
 139.946306,   34.940090,      -14.75,
 139.950811,   34.940090,      -14.84,
 139.955315,   34.940090,      -14.98,
 139.959820,   34.940090,      -15.30,
 139.964324,   34.940090,      -15.72,
 139.968829,   34.940090,      -16.18,
 139.973333,   34.940090,      -16.48,
 139.977838,   34.940090,      -16.44,
 139.982342,   34.940090,      -16.28,
 139.986847,   34.940090,      -15.96,
 139.991351,   34.940090,      -15.55,
 139.995856,   34.940090,      -15.14,
 140.000360,   34.940090,      -14.75,
 140.004865,   34.940090,      -14.37,
 140.009369,   34.940090,      -14.01,
 140.013874,   34.940090,      -13.69,
 140.018378,   34.940090,      -13.42,
 140.022883,   34.940090,      -13.19,
 140.027387,   34.940090,      -13.00,
 140.031892,   34.940090,      -12.83,
 140.036396,   34.940090,      -12.71,
 140.040901,   34.940090,      -12.62,
 140.045405,   34.940090,      -12.53,
 140.049910,   34.940090,      -12.46,
 140.054414,   34.940090,      -12.40,
 140.058919,   34.940090,      -12.35,
 140.063423,   34.940090,      -12.30,
 140.067928,   34.940090,      -12.27,
 140.072432,   34.940090,      -12.22,
 140.076937,   34.940090,      -12.16,
 140.081441,   34.940090,      -12.23,
 140.085946,   34.940090,      -12.31,
 140.090450,   34.940090,      -12.38,
 140.094955,   34.940090,      -12.45,
 140.099459,   34.940090,      -12.51,
 140.103964,   34.940090,      -12.59,
 140.108468,   34.940090,      -12.67,
 140.112973,   34.940090,      -12.75,
 140.117477,   34.940090,      -12.83,
 140.121982,   34.940090,      -12.90,
 140.126486,   34.940090,      -12.95,
 140.130991,   34.940090,      -12.99,
 140.135495,   34.940090,      -13.02,
 140.140000,   34.940090,      -13.06,
 140.144505,   34.940090,      -13.09,
 140.149009,   34.940090,      -13.12,
 140.153514,   34.940090,      -13.13,
 140.158018,   34.940090,      -13.15,
 140.162523,   34.940090,      -13.16,
 140.167027,   34.940090,      -13.18,
 140.171532,   34.940090,      -13.19,
 140.176036,   34.940090,      -13.20,
 140.180541,   34.940090,      -13.18,
 140.185045,   34.940090,      -13.15,
 140.189550,   34.940090,      -13.10,
 140.194054,   34.940090,      -13.05,
 140.198559,   34.940090,      -13.01,
 140.203063,   34.940090,      -12.96,
 140.207568,   34.940090,      -12.91,
 140.212072,   34.940090,      -12.87,
 140.216577,   34.940090,      -12.82,
 140.221081,   34.940090,      -12.75,
 140.225586,   34.940090,      -12.66,
 140.230090,   34.940090,      -12.56,
 140.234595,   34.940090,      -12.46,
 140.239099,   34.940090,      -12.35,
 140.243604,   34.940090,      -12.23,
 140.248108,   34.940090,      -12.11,
 140.252613,   34.940090,      -11.99,
 140.257117,   34.940090,      -11.86,
 140.261622,   34.940090,      -11.73,
 140.266126,   34.940090,      -11.59,
 140.270631,   34.940090,      -11.42,
 140.275135,   34.940090,      -11.23,
 140.279640,   34.940090,      -11.08,
 140.284144,   34.940090,      -11.03,
 140.288649,   34.940090,      -10.99,
 140.293153,   34.940090,      -10.96,
 140.297658,   34.940090,      -10.93,
 140.302162,   34.940090,      -10.91,
 140.306667,   34.940090,      -10.89,
 140.311171,   34.940090,      -10.88,
 140.315676,   34.940090,      -10.88,
 140.320180,   34.940090,      -10.88,
 140.324685,   34.940090,      -10.89,
 140.329189,   34.940090,      -10.90,
 140.333694,   34.940090,      -10.90,
 140.338198,   34.940090,      -10.87,
 140.342703,   34.940090,      -10.82,
 140.347207,   34.940090,      -10.77,
 140.351712,   34.940090,      -10.72,
 140.356216,   34.940090,      -10.66,
 140.360721,   34.940090,      -10.60,
 140.365225,   34.940090,      -10.53,
 140.369730,   34.940090,      -10.46,
 140.374234,   34.940090,      -10.39,
 140.378739,   34.940090,      -10.32,
 140.383243,   34.940090,      -10.24,
 140.387748,   34.940090,      -10.16,
 139.140000,   34.944595,      -16.37,
 139.144505,   34.944595,      -16.27,
 139.149009,   34.944595,      -16.31,
 139.153514,   34.944595,      -16.55,
 139.158018,   34.944595,      -16.80,
 139.162523,   34.944595,      -17.03,
 139.167027,   34.944595,      -17.25,
 139.171532,   34.944595,      -17.46,
 139.176036,   34.944595,      -17.66,
 139.180541,   34.944595,      -17.85,
 139.185045,   34.944595,      -18.04,
 139.189550,   34.944595,      -18.23,
 139.194054,   34.944595,      -18.41,
 139.198559,   34.944595,      -18.58,
 139.203063,   34.944595,      -18.74,
 139.207568,   34.944595,      -18.90,
 139.212072,   34.944595,      -19.06,
 139.216577,   34.944595,      -19.20,
 139.221081,   34.944595,      -19.35,
 139.225586,   34.944595,      -19.48,
 139.230090,   34.944595,      -19.61,
 139.234595,   34.944595,      -19.74,
 139.239099,   34.944595,      -19.85,
 139.243604,   34.944595,      -19.96,
 139.248108,   34.944595,      -20.07,
 139.252613,   34.944595,      -20.16,
 139.257117,   34.944595,      -20.05,
 139.261622,   34.944595,      -19.94,
 139.266126,   34.944595,      -19.84,
 139.270631,   34.944595,      -19.76,
 139.275135,   34.944595,      -19.69,
 139.279640,   34.944595,      -19.61,
 139.284144,   34.944595,      -19.53,
 139.288649,   34.944595,      -19.44,
 139.293153,   34.944595,      -19.35,
 139.297658,   34.944595,      -19.25,
 139.302162,   34.944595,      -19.16,
 139.306667,   34.944595,      -19.08,
 139.311171,   34.944595,      -18.99,
 139.315676,   34.944595,      -18.90,
 139.320180,   34.944595,      -18.80,
 139.324685,   34.944595,      -18.70,
 139.329189,   34.944595,      -18.58,
 139.333694,   34.944595,      -18.50,
 139.338198,   34.944595,      -18.50,
 139.342703,   34.944595,      -18.50,
 139.347207,   34.944595,      -18.50,
 139.351712,   34.944595,      -18.50,
 139.356216,   34.944595,      -18.50,
 139.360721,   34.944595,      -18.51,
 139.365225,   34.944595,      -18.50,
 139.369730,   34.944595,      -18.48,
 139.374234,   34.944595,      -18.45,
 139.378739,   34.944595,      -18.40,
 139.383243,   34.944595,      -18.30,
 139.387748,   34.944595,      -18.22,
 139.392252,   34.944595,      -18.18,
 139.396757,   34.944595,      -18.16,
 139.401261,   34.944595,      -18.15,
 139.405766,   34.944595,      -18.14,
 139.410270,   34.944595,      -18.14,
 139.414775,   34.944595,      -18.15,
 139.419279,   34.944595,      -18.15,
 139.423784,   34.944595,      -18.17,
 139.428288,   34.944595,      -18.19,
 139.432793,   34.944595,      -18.21,
 139.437297,   34.944595,      -18.25,
 139.441802,   34.944595,      -18.27,
 139.446306,   34.944595,      -18.26,
 139.450811,   34.944595,      -18.22,
 139.455315,   34.944595,      -18.19,
 139.459820,   34.944595,      -18.15,
 139.464324,   34.944595,      -18.10,
 139.468829,   34.944595,      -18.05,
 139.473333,   34.944595,      -18.00,
 139.477838,   34.944595,      -17.98,
 139.482342,   34.944595,      -18.00,
 139.486847,   34.944595,      -18.06,
 139.491351,   34.944595,      -18.18,
 139.495856,   34.944595,      -18.36,
 139.500360,   34.944595,      -18.56,
 139.504865,   34.944595,      -18.76,
 139.509369,   34.944595,      -18.97,
 139.513874,   34.944595,      -19.18,
 139.518378,   34.944595,      -19.40,
 139.522883,   34.944595,      -19.56,
 139.527387,   34.944595,      -19.72,
 139.531892,   34.944595,      -19.89,
 139.536396,   34.944595,      -20.06,
 139.540901,   34.944595,      -20.27,
 139.545405,   34.944595,      -20.61,
 139.549910,   34.944595,      -21.06,
 139.554414,   34.944595,      -21.48,
 139.558919,   34.944595,      -21.82,
 139.563423,   34.944595,      -21.85,
 139.567928,   34.944595,      -21.78,
 139.572432,   34.944595,      -21.70,
 139.576937,   34.944595,      -21.61,
 139.581441,   34.944595,      -21.47,
 139.585946,   34.944595,      -21.29,
 139.590450,   34.944595,      -21.07,
 139.594955,   34.944595,      -20.71,
 139.599459,   34.944595,      -20.25,
 139.603964,   34.944595,      -19.78,
 139.608468,   34.944595,      -19.32,
 139.612973,   34.944595,      -18.82,
 139.617477,   34.944595,      -18.22,
 139.621982,   34.944595,      -17.60,
 139.626486,   34.944595,      -16.99,
 139.630991,   34.944595,      -16.38,
 139.635495,   34.944595,      -15.78,
 139.640000,   34.944595,      -15.21,
 139.644505,   34.944595,      -14.84,
 139.649009,   34.944595,      -14.48,
 139.653514,   34.944595,      -14.13,
 139.658018,   34.944595,      -13.77,
 139.662523,   34.944595,      -13.42,
 139.667027,   34.944595,      -13.05,
 139.671532,   34.944595,      -12.48,
 139.676036,   34.944595,      -11.84,
 139.680541,   34.944595,      -11.17,
 139.685045,   34.944595,      -10.50,
 139.689550,   34.944595,       -9.75,
 139.694054,   34.944595,       -8.93,
 139.698559,   34.944595,       -8.04,
 139.703063,   34.944595,       -7.48,
 139.707568,   34.944595,       -6.92,
 139.712072,   34.944595,       -6.41,
 139.716577,   34.944595,       -6.07,
 139.721081,   34.944595,       -5.72,
 139.725586,   34.944595,       -5.46,
 139.730090,   34.944595,       -5.32,
 139.734595,   34.944595,       -5.18,
 139.739099,   34.944595,       -5.16,
 139.743604,   34.944595,       -5.24,
 139.748108,   34.944595,       -5.31,
 139.752613,   34.944595,       -5.56,
 139.757117,   34.944595,       -5.99,
 139.761622,   34.944595,       -6.44,
 139.766126,   34.944595,       -6.71,
 139.770631,   34.944595,       -6.83,
 139.775135,   34.944595,       -6.93,
 139.779640,   34.944595,       -7.12,
 139.784144,   34.944595,       -7.26,
 139.788649,   34.944595,       -7.34,
 139.793153,   34.944595,       -7.09,
 139.797658,   34.944595,       -6.71,
 139.802162,   34.944595,       -6.55,
 139.806667,   34.944595,       -6.54,
 139.811171,   34.944595,       -6.50,
 139.815676,   34.944595,       -6.42,
 139.820180,   34.944595,       -6.49,
 139.824685,   34.944595,       -6.72,
 139.829189,   34.944595,       -7.09,
 139.833694,   34.944595,       -7.52,
 139.838198,   34.944595,       -7.96,
 139.842703,   34.944595,       -8.42,
 139.847207,   34.944595,       -8.88,
 139.851712,   34.944595,       -9.34,
 139.856216,   34.944595,       -9.77,
 139.860721,   34.944595,      -10.17,
 139.865225,   34.944595,      -10.56,
 139.869730,   34.944595,      -10.93,
 139.874234,   34.944595,      -11.28,
 139.878739,   34.944595,      -11.61,
 139.883243,   34.944595,      -11.93,
 139.887748,   34.944595,      -12.23,
 139.892252,   34.944595,      -12.52,
 139.896757,   34.944595,      -12.79,
 139.901261,   34.944595,      -13.04,
 139.905766,   34.944595,      -13.27,
 139.910270,   34.944595,      -13.49,
 139.914775,   34.944595,      -13.69,
 139.919279,   34.944595,      -13.88,
 139.923784,   34.944595,      -14.05,
 139.928288,   34.944595,      -14.21,
 139.932793,   34.944595,      -14.35,
 139.937297,   34.944595,      -14.48,
 139.941802,   34.944595,      -14.61,
 139.946306,   34.944595,      -14.72,
 139.950811,   34.944595,      -14.83,
 139.955315,   34.944595,      -14.96,
 139.959820,   34.944595,      -15.22,
 139.964324,   34.944595,      -15.65,
 139.968829,   34.944595,      -16.19,
 139.973333,   34.944595,      -16.72,
 139.977838,   34.944595,      -16.87,
 139.982342,   34.944595,      -16.61,
 139.986847,   34.944595,      -16.35,
 139.991351,   34.944595,      -15.90,
 139.995856,   34.944595,      -15.46,
 140.000360,   34.944595,      -15.04,
 140.004865,   34.944595,      -14.64,
 140.009369,   34.944595,      -14.27,
 140.013874,   34.944595,      -13.93,
 140.018378,   34.944595,      -13.62,
 140.022883,   34.944595,      -13.35,
 140.027387,   34.944595,      -13.17,
 140.031892,   34.944595,      -13.00,
 140.036396,   34.944595,      -12.84,
 140.040901,   34.944595,      -12.75,
 140.045405,   34.944595,      -12.66,
 140.049910,   34.944595,      -12.58,
 140.054414,   34.944595,      -12.52,
 140.058919,   34.944595,      -12.46,
 140.063423,   34.944595,      -12.40,
 140.067928,   34.944595,      -12.35,
 140.072432,   34.944595,      -12.30,
 140.076937,   34.944595,      -12.25,
 140.081441,   34.944595,      -12.25,
 140.085946,   34.944595,      -12.30,
 140.090450,   34.944595,      -12.35,
 140.094955,   34.944595,      -12.42,
 140.099459,   34.944595,      -12.48,
 140.103964,   34.944595,      -12.54,
 140.108468,   34.944595,      -12.60,
 140.112973,   34.944595,      -12.67,
 140.117477,   34.944595,      -12.74,
 140.121982,   34.944595,      -12.80,
 140.126486,   34.944595,      -12.84,
 140.130991,   34.944595,      -12.87,
 140.135495,   34.944595,      -12.90,
 140.140000,   34.944595,      -12.93,
 140.144505,   34.944595,      -12.96,
 140.149009,   34.944595,      -12.98,
 140.153514,   34.944595,      -13.00,
 140.158018,   34.944595,      -13.01,
 140.162523,   34.944595,      -13.03,
 140.167027,   34.944595,      -13.04,
 140.171532,   34.944595,      -13.06,
 140.176036,   34.944595,      -13.07,
 140.180541,   34.944595,      -13.05,
 140.185045,   34.944595,      -13.01,
 140.189550,   34.944595,      -12.96,
 140.194054,   34.944595,      -12.92,
 140.198559,   34.944595,      -12.87,
 140.203063,   34.944595,      -12.82,
 140.207568,   34.944595,      -12.77,
 140.212072,   34.944595,      -12.72,
 140.216577,   34.944595,      -12.67,
 140.221081,   34.944595,      -12.59,
 140.225586,   34.944595,      -12.50,
 140.230090,   34.944595,      -12.41,
 140.234595,   34.944595,      -12.30,
 140.239099,   34.944595,      -12.19,
 140.243604,   34.944595,      -12.08,
 140.248108,   34.944595,      -11.96,
 140.252613,   34.944595,      -11.84,
 140.257117,   34.944595,      -11.71,
 140.261622,   34.944595,      -11.57,
 140.266126,   34.944595,      -11.43,
 140.270631,   34.944595,      -11.29,
 140.275135,   34.944595,      -11.14,
 140.279640,   34.944595,      -11.09,
 140.284144,   34.944595,      -11.05,
 140.288649,   34.944595,      -11.01,
 140.293153,   34.944595,      -10.97,
 140.297658,   34.944595,      -10.95,
 140.302162,   34.944595,      -10.92,
 140.306667,   34.944595,      -10.91,
 140.311171,   34.944595,      -10.90,
 140.315676,   34.944595,      -10.90,
 140.320180,   34.944595,      -10.90,
 140.324685,   34.944595,      -10.91,
 140.329189,   34.944595,      -10.90,
 140.333694,   34.944595,      -10.86,
 140.338198,   34.944595,      -10.82,
 140.342703,   34.944595,      -10.77,
 140.347207,   34.944595,      -10.72,
 140.351712,   34.944595,      -10.66,
 140.356216,   34.944595,      -10.60,
 140.360721,   34.944595,      -10.54,
 140.365225,   34.944595,      -10.47,
 140.369730,   34.944595,      -10.40,
 140.374234,   34.944595,      -10.33,
 140.378739,   34.944595,      -10.25,
 140.383243,   34.944595,      -10.18,
 140.387748,   34.944595,      -10.09,
 139.140000,   34.949099,      -16.69,
 139.144505,   34.949099,      -16.58,
 139.149009,   34.949099,      -16.50,
 139.153514,   34.949099,      -16.43,
 139.158018,   34.949099,      -16.64,
 139.162523,   34.949099,      -16.89,
 139.167027,   34.949099,      -17.13,
 139.171532,   34.949099,      -17.33,
 139.176036,   34.949099,      -17.54,
 139.180541,   34.949099,      -17.73,
 139.185045,   34.949099,      -17.93,
 139.189550,   34.949099,      -18.11,
 139.194054,   34.949099,      -18.29,
 139.198559,   34.949099,      -18.46,
 139.203063,   34.949099,      -18.63,
 139.207568,   34.949099,      -18.79,
 139.212072,   34.949099,      -18.95,
 139.216577,   34.949099,      -19.09,
 139.221081,   34.949099,      -19.24,
 139.225586,   34.949099,      -19.37,
 139.230090,   34.949099,      -19.50,
 139.234595,   34.949099,      -19.63,
 139.239099,   34.949099,      -19.75,
 139.243604,   34.949099,      -19.86,
 139.248108,   34.949099,      -19.97,
 139.252613,   34.949099,      -20.07,
 139.257117,   34.949099,      -20.16,
 139.261622,   34.949099,      -20.09,
 139.266126,   34.949099,      -20.01,
 139.270631,   34.949099,      -19.93,
 139.275135,   34.949099,      -19.85,
 139.279640,   34.949099,      -19.78,
 139.284144,   34.949099,      -19.70,
 139.288649,   34.949099,      -19.61,
 139.293153,   34.949099,      -19.52,
 139.297658,   34.949099,      -19.43,
 139.302162,   34.949099,      -19.33,
 139.306667,   34.949099,      -19.23,
 139.311171,   34.949099,      -19.13,
 139.315676,   34.949099,      -19.02,
 139.320180,   34.949099,      -18.91,
 139.324685,   34.949099,      -18.78,
 139.329189,   34.949099,      -18.65,
 139.333694,   34.949099,      -18.51,
 139.338198,   34.949099,      -18.47,
 139.342703,   34.949099,      -18.47,
 139.347207,   34.949099,      -18.47,
 139.351712,   34.949099,      -18.47,
 139.356216,   34.949099,      -18.47,
 139.360721,   34.949099,      -18.45,
 139.365225,   34.949099,      -18.42,
 139.369730,   34.949099,      -18.37,
 139.374234,   34.949099,      -18.31,
 139.378739,   34.949099,      -18.22,
 139.383243,   34.949099,      -18.09,
 139.387748,   34.949099,      -17.98,
 139.392252,   34.949099,      -17.89,
 139.396757,   34.949099,      -17.85,
 139.401261,   34.949099,      -17.84,
 139.405766,   34.949099,      -17.84,
 139.410270,   34.949099,      -17.84,
 139.414775,   34.949099,      -17.84,
 139.419279,   34.949099,      -17.86,
 139.423784,   34.949099,      -17.87,
 139.428288,   34.949099,      -17.90,
 139.432793,   34.949099,      -17.93,
 139.437297,   34.949099,      -17.96,
 139.441802,   34.949099,      -17.95,
 139.446306,   34.949099,      -17.89,
 139.450811,   34.949099,      -17.83,
 139.455315,   34.949099,      -17.77,
 139.459820,   34.949099,      -17.71,
 139.464324,   34.949099,      -17.65,
 139.468829,   34.949099,      -17.58,
 139.473333,   34.949099,      -17.52,
 139.477838,   34.949099,      -17.48,
 139.482342,   34.949099,      -17.49,
 139.486847,   34.949099,      -17.54,
 139.491351,   34.949099,      -17.66,
 139.495856,   34.949099,      -17.85,
 139.500360,   34.949099,      -18.06,
 139.504865,   34.949099,      -18.27,
 139.509369,   34.949099,      -18.48,
 139.513874,   34.949099,      -18.71,
 139.518378,   34.949099,      -18.95,
 139.522883,   34.949099,      -19.16,
 139.527387,   34.949099,      -19.35,
 139.531892,   34.949099,      -19.54,
 139.536396,   34.949099,      -19.74,
 139.540901,   34.949099,      -19.97,
 139.545405,   34.949099,      -20.33,
 139.549910,   34.949099,      -20.72,
 139.554414,   34.949099,      -21.14,
 139.558919,   34.949099,      -21.39,
 139.563423,   34.949099,      -21.33,
 139.567928,   34.949099,      -21.27,
 139.572432,   34.949099,      -21.22,
 139.576937,   34.949099,      -21.13,
 139.581441,   34.949099,      -20.90,
 139.585946,   34.949099,      -20.62,
 139.590450,   34.949099,      -20.31,
 139.594955,   34.949099,      -19.96,
 139.599459,   34.949099,      -19.52,
 139.603964,   34.949099,      -19.06,
 139.608468,   34.949099,      -18.61,
 139.612973,   34.949099,      -18.16,
 139.617477,   34.949099,      -17.53,
 139.621982,   34.949099,      -16.91,
 139.626486,   34.949099,      -16.29,
 139.630991,   34.949099,      -15.68,
 139.635495,   34.949099,      -15.06,
 139.640000,   34.949099,      -14.52,
 139.644505,   34.949099,      -14.19,
 139.649009,   34.949099,      -13.88,
 139.653514,   34.949099,      -13.57,
 139.658018,   34.949099,      -13.24,
 139.662523,   34.949099,      -12.89,
 139.667027,   34.949099,      -12.45,
 139.671532,   34.949099,      -11.83,
 139.676036,   34.949099,      -11.18,
 139.680541,   34.949099,      -10.50,
 139.685045,   34.949099,       -9.81,
 139.689550,   34.949099,       -9.09,
 139.694054,   34.949099,       -8.33,
 139.698559,   34.949099,       -7.56,
 139.703063,   34.949099,       -6.94,
 139.707568,   34.949099,       -6.38,
 139.712072,   34.949099,       -6.00,
 139.716577,   34.949099,       -5.69,
 139.721081,   34.949099,       -5.40,
 139.725586,   34.949099,       -5.24,
 139.730090,   34.949099,       -5.09,
 139.734595,   34.949099,       -5.02,
 139.739099,   34.949099,       -5.11,
 139.743604,   34.949099,       -5.21,
 139.748108,   34.949099,       -5.40,
 139.752613,   34.949099,       -5.76,
 139.757117,   34.949099,       -6.18,
 139.761622,   34.949099,       -6.60,
 139.766126,   34.949099,       -6.95,
 139.770631,   34.949099,       -7.10,
 139.775135,   34.949099,       -7.31,
 139.779640,   34.949099,       -7.51,
 139.784144,   34.949099,       -7.57,
 139.788649,   34.949099,       -7.39,
 139.793153,   34.949099,       -6.97,
 139.797658,   34.949099,       -6.67,
 139.802162,   34.949099,       -6.61,
 139.806667,   34.949099,       -6.58,
 139.811171,   34.949099,       -6.56,
 139.815676,   34.949099,       -6.58,
 139.820180,   34.949099,       -6.70,
 139.824685,   34.949099,       -6.91,
 139.829189,   34.949099,       -7.25,
 139.833694,   34.949099,       -7.65,
 139.838198,   34.949099,       -8.07,
 139.842703,   34.949099,       -8.51,
 139.847207,   34.949099,       -8.96,
 139.851712,   34.949099,       -9.40,
 139.856216,   34.949099,       -9.81,
 139.860721,   34.949099,      -10.20,
 139.865225,   34.949099,      -10.58,
 139.869730,   34.949099,      -10.94,
 139.874234,   34.949099,      -11.29,
 139.878739,   34.949099,      -11.61,
 139.883243,   34.949099,      -11.92,
 139.887748,   34.949099,      -12.22,
 139.892252,   34.949099,      -12.50,
 139.896757,   34.949099,      -12.76,
 139.901261,   34.949099,      -13.01,
 139.905766,   34.949099,      -13.24,
 139.910270,   34.949099,      -13.45,
 139.914775,   34.949099,      -13.65,
 139.919279,   34.949099,      -13.84,
 139.923784,   34.949099,      -14.01,
 139.928288,   34.949099,      -14.17,
 139.932793,   34.949099,      -14.31,
 139.937297,   34.949099,      -14.44,
 139.941802,   34.949099,      -14.56,
 139.946306,   34.949099,      -14.68,
 139.950811,   34.949099,      -14.80,
 139.955315,   34.949099,      -14.94,
 139.959820,   34.949099,      -15.16,
 139.964324,   34.949099,      -15.62,
 139.968829,   34.949099,      -16.25,
 139.973333,   34.949099,      -16.78,
 139.977838,   34.949099,      -16.95,
 139.982342,   34.949099,      -16.85,
 139.986847,   34.949099,      -16.54,
 139.991351,   34.949099,      -16.20,
 139.995856,   34.949099,      -15.77,
 140.000360,   34.949099,      -15.34,
 140.004865,   34.949099,      -14.91,
 140.009369,   34.949099,      -14.51,
 140.013874,   34.949099,      -14.17,
 140.018378,   34.949099,      -13.83,
 140.022883,   34.949099,      -13.52,
 140.027387,   34.949099,      -13.32,
 140.031892,   34.949099,      -13.14,
 140.036396,   34.949099,      -12.97,
 140.040901,   34.949099,      -12.88,
 140.045405,   34.949099,      -12.78,
 140.049910,   34.949099,      -12.70,
 140.054414,   34.949099,      -12.64,
 140.058919,   34.949099,      -12.57,
 140.063423,   34.949099,      -12.51,
 140.067928,   34.949099,      -12.45,
 140.072432,   34.949099,      -12.39,
 140.076937,   34.949099,      -12.34,
 140.081441,   34.949099,      -12.32,
 140.085946,   34.949099,      -12.34,
 140.090450,   34.949099,      -12.36,
 140.094955,   34.949099,      -12.40,
 140.099459,   34.949099,      -12.46,
 140.103964,   34.949099,      -12.51,
 140.108468,   34.949099,      -12.55,
 140.112973,   34.949099,      -12.61,
 140.117477,   34.949099,      -12.66,
 140.121982,   34.949099,      -12.71,
 140.126486,   34.949099,      -12.73,
 140.130991,   34.949099,      -12.76,
 140.135495,   34.949099,      -12.79,
 140.140000,   34.949099,      -12.81,
 140.144505,   34.949099,      -12.83,
 140.149009,   34.949099,      -12.85,
 140.153514,   34.949099,      -12.86,
 140.158018,   34.949099,      -12.88,
 140.162523,   34.949099,      -12.90,
 140.167027,   34.949099,      -12.91,
 140.171532,   34.949099,      -12.93,
 140.176036,   34.949099,      -12.94,
 140.180541,   34.949099,      -12.92,
 140.185045,   34.949099,      -12.88,
 140.189550,   34.949099,      -12.84,
 140.194054,   34.949099,      -12.79,
 140.198559,   34.949099,      -12.75,
 140.203063,   34.949099,      -12.69,
 140.207568,   34.949099,      -12.64,
 140.212072,   34.949099,      -12.59,
 140.216577,   34.949099,      -12.53,
 140.221081,   34.949099,      -12.44,
 140.225586,   34.949099,      -12.36,
 140.230090,   34.949099,      -12.26,
 140.234595,   34.949099,      -12.16,
 140.239099,   34.949099,      -12.05,
 140.243604,   34.949099,      -11.94,
 140.248108,   34.949099,      -11.82,
 140.252613,   34.949099,      -11.69,
 140.257117,   34.949099,      -11.57,
 140.261622,   34.949099,      -11.43,
 140.266126,   34.949099,      -11.31,
 140.270631,   34.949099,      -11.19,
 140.275135,   34.949099,      -11.15,
 140.279640,   34.949099,      -11.10,
 140.284144,   34.949099,      -11.05,
 140.288649,   34.949099,      -11.01,
 140.293153,   34.949099,      -10.98,
 140.297658,   34.949099,      -10.95,
 140.302162,   34.949099,      -10.93,
 140.306667,   34.949099,      -10.92,
 140.311171,   34.949099,      -10.91,
 140.315676,   34.949099,      -10.91,
 140.320180,   34.949099,      -10.91,
 140.324685,   34.949099,      -10.89,
 140.329189,   34.949099,      -10.86,
 140.333694,   34.949099,      -10.81,
 140.338198,   34.949099,      -10.77,
 140.342703,   34.949099,      -10.72,
 140.347207,   34.949099,      -10.66,
 140.351712,   34.949099,      -10.61,
 140.356216,   34.949099,      -10.55,
 140.360721,   34.949099,      -10.48,
 140.365225,   34.949099,      -10.41,
 140.369730,   34.949099,      -10.34,
 140.374234,   34.949099,      -10.27,
 140.378739,   34.949099,      -10.19,
 140.383243,   34.949099,      -10.11,
 140.387748,   34.949099,      -10.03,
 139.140000,   34.953604,      -16.99,
 139.144505,   34.953604,      -16.87,
 139.149009,   34.953604,      -16.78,
 139.153514,   34.953604,      -16.70,
 139.158018,   34.953604,      -16.65,
 139.162523,   34.953604,      -16.73,
 139.167027,   34.953604,      -16.97,
 139.171532,   34.953604,      -17.22,
 139.176036,   34.953604,      -17.42,
 139.180541,   34.953604,      -17.62,
 139.185045,   34.953604,      -17.81,
 139.189550,   34.953604,      -18.00,
 139.194054,   34.953604,      -18.18,
 139.198559,   34.953604,      -18.35,
 139.203063,   34.953604,      -18.52,
 139.207568,   34.953604,      -18.68,
 139.212072,   34.953604,      -18.84,
 139.216577,   34.953604,      -18.99,
 139.221081,   34.953604,      -19.13,
 139.225586,   34.953604,      -19.27,
 139.230090,   34.953604,      -19.40,
 139.234595,   34.953604,      -19.53,
 139.239099,   34.953604,      -19.65,
 139.243604,   34.953604,      -19.76,
 139.248108,   34.953604,      -19.87,
 139.252613,   34.953604,      -19.97,
 139.257117,   34.953604,      -20.10,
 139.261622,   34.953604,      -20.21,
 139.266126,   34.953604,      -20.14,
 139.270631,   34.953604,      -20.07,
 139.275135,   34.953604,      -20.00,
 139.279640,   34.953604,      -19.93,
 139.284144,   34.953604,      -19.86,
 139.288649,   34.953604,      -19.79,
 139.293153,   34.953604,      -19.70,
 139.297658,   34.953604,      -19.61,
 139.302162,   34.953604,      -19.51,
 139.306667,   34.953604,      -19.41,
 139.311171,   34.953604,      -19.29,
 139.315676,   34.953604,      -19.17,
 139.320180,   34.953604,      -19.03,
 139.324685,   34.953604,      -18.89,
 139.329189,   34.953604,      -18.73,
 139.333694,   34.953604,      -18.56,
 139.338198,   34.953604,      -18.48,
 139.342703,   34.953604,      -18.44,
 139.347207,   34.953604,      -18.43,
 139.351712,   34.953604,      -18.43,
 139.356216,   34.953604,      -18.41,
 139.360721,   34.953604,      -18.38,
 139.365225,   34.953604,      -18.32,
 139.369730,   34.953604,      -18.25,
 139.374234,   34.953604,      -18.16,
 139.378739,   34.953604,      -18.04,
 139.383243,   34.953604,      -17.89,
 139.387748,   34.953604,      -17.75,
 139.392252,   34.953604,      -17.63,
 139.396757,   34.953604,      -17.55,
 139.401261,   34.953604,      -17.52,
 139.405766,   34.953604,      -17.52,
 139.410270,   34.953604,      -17.52,
 139.414775,   34.953604,      -17.53,
 139.419279,   34.953604,      -17.55,
 139.423784,   34.953604,      -17.56,
 139.428288,   34.953604,      -17.57,
 139.432793,   34.953604,      -17.59,
 139.437297,   34.953604,      -17.58,
 139.441802,   34.953604,      -17.51,
 139.446306,   34.953604,      -17.45,
 139.450811,   34.953604,      -17.38,
 139.455315,   34.953604,      -17.32,
 139.459820,   34.953604,      -17.25,
 139.464324,   34.953604,      -17.18,
 139.468829,   34.953604,      -17.11,
 139.473333,   34.953604,      -17.04,
 139.477838,   34.953604,      -16.99,
 139.482342,   34.953604,      -16.97,
 139.486847,   34.953604,      -17.01,
 139.491351,   34.953604,      -17.13,
 139.495856,   34.953604,      -17.34,
 139.500360,   34.953604,      -17.55,
 139.504865,   34.953604,      -17.77,
 139.509369,   34.953604,      -18.00,
 139.513874,   34.953604,      -18.25,
 139.518378,   34.953604,      -18.49,
 139.522883,   34.953604,      -18.72,
 139.527387,   34.953604,      -18.94,
 139.531892,   34.953604,      -19.15,
 139.536396,   34.953604,      -19.37,
 139.540901,   34.953604,      -19.61,
 139.545405,   34.953604,      -19.91,
 139.549910,   34.953604,      -20.23,
 139.554414,   34.953604,      -20.54,
 139.558919,   34.953604,      -20.75,
 139.563423,   34.953604,      -20.73,
 139.567928,   34.953604,      -20.67,
 139.572432,   34.953604,      -20.64,
 139.576937,   34.953604,      -20.55,
 139.581441,   34.953604,      -20.17,
 139.585946,   34.953604,      -19.81,
 139.590450,   34.953604,      -19.50,
 139.594955,   34.953604,      -19.21,
 139.599459,   34.953604,      -18.76,
 139.603964,   34.953604,      -18.29,
 139.608468,   34.953604,      -17.81,
 139.612973,   34.953604,      -17.32,
 139.617477,   34.953604,      -16.78,
 139.621982,   34.953604,      -16.19,
 139.626486,   34.953604,      -15.57,
 139.630991,   34.953604,      -14.93,
 139.635495,   34.953604,      -14.29,
 139.640000,   34.953604,      -13.78,
 139.644505,   34.953604,      -13.47,
 139.649009,   34.953604,      -13.23,
 139.653514,   34.953604,      -12.98,
 139.658018,   34.953604,      -12.69,
 139.662523,   34.953604,      -12.30,
 139.667027,   34.953604,      -11.78,
 139.671532,   34.953604,      -11.19,
 139.676036,   34.953604,      -10.56,
 139.680541,   34.953604,       -9.90,
 139.685045,   34.953604,       -9.23,
 139.689550,   34.953604,       -8.54,
 139.694054,   34.953604,       -7.83,
 139.698559,   34.953604,       -7.11,
 139.703063,   34.953604,       -6.53,
 139.707568,   34.953604,       -6.02,
 139.712072,   34.953604,       -5.65,
 139.716577,   34.953604,       -5.37,
 139.721081,   34.953604,       -5.18,
 139.725586,   34.953604,       -5.04,
 139.730090,   34.953604,       -4.92,
 139.734595,   34.953604,       -4.96,
 139.739099,   34.953604,       -5.07,
 139.743604,   34.953604,       -5.21,
 139.748108,   34.953604,       -5.57,
 139.752613,   34.953604,       -5.95,
 139.757117,   34.953604,       -6.37,
 139.761622,   34.953604,       -6.80,
 139.766126,   34.953604,       -7.18,
 139.770631,   34.953604,       -7.52,
 139.775135,   34.953604,       -7.84,
 139.779640,   34.953604,       -8.05,
 139.784144,   34.953604,       -7.93,
 139.788649,   34.953604,       -7.55,
 139.793153,   34.953604,       -7.02,
 139.797658,   34.953604,       -6.73,
 139.802162,   34.953604,       -6.72,
 139.806667,   34.953604,       -6.71,
 139.811171,   34.953604,       -6.71,
 139.815676,   34.953604,       -6.75,
 139.820180,   34.953604,       -6.88,
 139.824685,   34.953604,       -7.09,
 139.829189,   34.953604,       -7.40,
 139.833694,   34.953604,       -7.77,
 139.838198,   34.953604,       -8.17,
 139.842703,   34.953604,       -8.59,
 139.847207,   34.953604,       -9.03,
 139.851712,   34.953604,       -9.46,
 139.856216,   34.953604,       -9.85,
 139.860721,   34.953604,      -10.24,
 139.865225,   34.953604,      -10.61,
 139.869730,   34.953604,      -10.97,
 139.874234,   34.953604,      -11.31,
 139.878739,   34.953604,      -11.63,
 139.883243,   34.953604,      -11.93,
 139.887748,   34.953604,      -12.22,
 139.892252,   34.953604,      -12.49,
 139.896757,   34.953604,      -12.75,
 139.901261,   34.953604,      -12.99,
 139.905766,   34.953604,      -13.22,
 139.910270,   34.953604,      -13.43,
 139.914775,   34.953604,      -13.63,
 139.919279,   34.953604,      -13.82,
 139.923784,   34.953604,      -14.00,
 139.928288,   34.953604,      -14.16,
 139.932793,   34.953604,      -14.30,
 139.937297,   34.953604,      -14.43,
 139.941802,   34.953604,      -14.55,
 139.946306,   34.953604,      -14.65,
 139.950811,   34.953604,      -14.77,
 139.955315,   34.953604,      -14.90,
 139.959820,   34.953604,      -15.10,
 139.964324,   34.953604,      -15.53,
 139.968829,   34.953604,      -16.24,
 139.973333,   34.953604,      -16.84,
 139.977838,   34.953604,      -16.98,
 139.982342,   34.953604,      -17.01,
 139.986847,   34.953604,      -16.75,
 139.991351,   34.953604,      -16.42,
 139.995856,   34.953604,      -16.05,
 140.000360,   34.953604,      -15.63,
 140.004865,   34.953604,      -15.18,
 140.009369,   34.953604,      -14.75,
 140.013874,   34.953604,      -14.37,
 140.018378,   34.953604,      -14.03,
 140.022883,   34.953604,      -13.70,
 140.027387,   34.953604,      -13.46,
 140.031892,   34.953604,      -13.28,
 140.036396,   34.953604,      -13.11,
 140.040901,   34.953604,      -13.01,
 140.045405,   34.953604,      -12.91,
 140.049910,   34.953604,      -12.82,
 140.054414,   34.953604,      -12.75,
 140.058919,   34.953604,      -12.69,
 140.063423,   34.953604,      -12.61,
 140.067928,   34.953604,      -12.55,
 140.072432,   34.953604,      -12.48,
 140.076937,   34.953604,      -12.43,
 140.081441,   34.953604,      -12.40,
 140.085946,   34.953604,      -12.39,
 140.090450,   34.953604,      -12.39,
 140.094955,   34.953604,      -12.38,
 140.099459,   34.953604,      -12.43,
 140.103964,   34.953604,      -12.48,
 140.108468,   34.953604,      -12.52,
 140.112973,   34.953604,      -12.57,
 140.117477,   34.953604,      -12.60,
 140.121982,   34.953604,      -12.61,
 140.126486,   34.953604,      -12.62,
 140.130991,   34.953604,      -12.65,
 140.135495,   34.953604,      -12.66,
 140.140000,   34.953604,      -12.68,
 140.144505,   34.953604,      -12.69,
 140.149009,   34.953604,      -12.71,
 140.153514,   34.953604,      -12.73,
 140.158018,   34.953604,      -12.75,
 140.162523,   34.953604,      -12.77,
 140.167027,   34.953604,      -12.79,
 140.171532,   34.953604,      -12.80,
 140.176036,   34.953604,      -12.81,
 140.180541,   34.953604,      -12.79,
 140.185045,   34.953604,      -12.76,
 140.189550,   34.953604,      -12.72,
 140.194054,   34.953604,      -12.67,
 140.198559,   34.953604,      -12.63,
 140.203063,   34.953604,      -12.58,
 140.207568,   34.953604,      -12.53,
 140.212072,   34.953604,      -12.47,
 140.216577,   34.953604,      -12.41,
 140.221081,   34.953604,      -12.32,
 140.225586,   34.953604,      -12.23,
 140.230090,   34.953604,      -12.13,
 140.234595,   34.953604,      -12.03,
 140.239099,   34.953604,      -11.92,
 140.243604,   34.953604,      -11.81,
 140.248108,   34.953604,      -11.69,
 140.252613,   34.953604,      -11.57,
 140.257117,   34.953604,      -11.45,
 140.261622,   34.953604,      -11.33,
 140.266126,   34.953604,      -11.23,
 140.270631,   34.953604,      -11.16,
 140.275135,   34.953604,      -11.13,
 140.279640,   34.953604,      -11.10,
 140.284144,   34.953604,      -11.05,
 140.288649,   34.953604,      -11.02,
 140.293153,   34.953604,      -10.98,
 140.297658,   34.953604,      -10.96,
 140.302162,   34.953604,      -10.94,
 140.306667,   34.953604,      -10.92,
 140.311171,   34.953604,      -10.92,
 140.315676,   34.953604,      -10.91,
 140.320180,   34.953604,      -10.89,
 140.324685,   34.953604,      -10.85,
 140.329189,   34.953604,      -10.81,
 140.333694,   34.953604,      -10.77,
 140.338198,   34.953604,      -10.72,
 140.342703,   34.953604,      -10.67,
 140.347207,   34.953604,      -10.61,
 140.351712,   34.953604,      -10.55,
 140.356216,   34.953604,      -10.49,
 140.360721,   34.953604,      -10.43,
 140.365225,   34.953604,      -10.36,
 140.369730,   34.953604,      -10.29,
 140.374234,   34.953604,      -10.22,
 140.378739,   34.953604,      -10.14,
 140.383243,   34.953604,      -10.06,
 140.387748,   34.953604,       -9.97,
 139.140000,   34.958108,      -17.27,
 139.144505,   34.958108,      -17.14,
 139.149009,   34.958108,      -17.04,
 139.153514,   34.958108,      -16.96,
 139.158018,   34.958108,      -16.89,
 139.162523,   34.958108,      -16.85,
 139.167027,   34.958108,      -16.83,
 139.171532,   34.958108,      -17.06,
 139.176036,   34.958108,      -17.31,
 139.180541,   34.958108,      -17.51,
 139.185045,   34.958108,      -17.71,
 139.189550,   34.958108,      -17.89,
 139.194054,   34.958108,      -18.08,
 139.198559,   34.958108,      -18.25,
 139.203063,   34.958108,      -18.42,
 139.207568,   34.958108,      -18.58,
 139.212072,   34.958108,      -18.74,
 139.216577,   34.958108,      -18.89,
 139.221081,   34.958108,      -19.04,
 139.225586,   34.958108,      -19.18,
 139.230090,   34.958108,      -19.31,
 139.234595,   34.958108,      -19.44,
 139.239099,   34.958108,      -19.56,
 139.243604,   34.958108,      -19.67,
 139.248108,   34.958108,      -19.78,
 139.252613,   34.958108,      -19.89,
 139.257117,   34.958108,      -20.13,
 139.261622,   34.958108,      -20.25,
 139.266126,   34.958108,      -20.25,
 139.270631,   34.958108,      -20.19,
 139.275135,   34.958108,      -20.13,
 139.279640,   34.958108,      -20.07,
 139.284144,   34.958108,      -20.01,
 139.288649,   34.958108,      -19.95,
 139.293153,   34.958108,      -19.88,
 139.297658,   34.958108,      -19.79,
 139.302162,   34.958108,      -19.69,
 139.306667,   34.958108,      -19.58,
 139.311171,   34.958108,      -19.45,
 139.315676,   34.958108,      -19.30,
 139.320180,   34.958108,      -19.14,
 139.324685,   34.958108,      -18.97,
 139.329189,   34.958108,      -18.78,
 139.333694,   34.958108,      -18.61,
 139.338198,   34.958108,      -18.51,
 139.342703,   34.958108,      -18.44,
 139.347207,   34.958108,      -18.40,
 139.351712,   34.958108,      -18.38,
 139.356216,   34.958108,      -18.35,
 139.360721,   34.958108,      -18.29,
 139.365225,   34.958108,      -18.22,
 139.369730,   34.958108,      -18.12,
 139.374234,   34.958108,      -18.01,
 139.378739,   34.958108,      -17.86,
 139.383243,   34.958108,      -17.69,
 139.387748,   34.958108,      -17.52,
 139.392252,   34.958108,      -17.37,
 139.396757,   34.958108,      -17.26,
 139.401261,   34.958108,      -17.20,
 139.405766,   34.958108,      -17.19,
 139.410270,   34.958108,      -17.20,
 139.414775,   34.958108,      -17.21,
 139.419279,   34.958108,      -17.21,
 139.423784,   34.958108,      -17.21,
 139.428288,   34.958108,      -17.20,
 139.432793,   34.958108,      -17.18,
 139.437297,   34.958108,      -17.14,
 139.441802,   34.958108,      -17.07,
 139.446306,   34.958108,      -17.00,
 139.450811,   34.958108,      -16.93,
 139.455315,   34.958108,      -16.86,
 139.459820,   34.958108,      -16.79,
 139.464324,   34.958108,      -16.72,
 139.468829,   34.958108,      -16.64,
 139.473333,   34.958108,      -16.57,
 139.477838,   34.958108,      -16.50,
 139.482342,   34.958108,      -16.45,
 139.486847,   34.958108,      -16.47,
 139.491351,   34.958108,      -16.60,
 139.495856,   34.958108,      -16.81,
 139.500360,   34.958108,      -17.01,
 139.504865,   34.958108,      -17.23,
 139.509369,   34.958108,      -17.47,
 139.513874,   34.958108,      -17.75,
 139.518378,   34.958108,      -18.03,
 139.522883,   34.958108,      -18.27,
 139.527387,   34.958108,      -18.48,
 139.531892,   34.958108,      -18.68,
 139.536396,   34.958108,      -18.87,
 139.540901,   34.958108,      -19.05,
 139.545405,   34.958108,      -19.33,
 139.549910,   34.958108,      -19.63,
 139.554414,   34.958108,      -19.92,
 139.558919,   34.958108,      -20.13,
 139.563423,   34.958108,      -20.07,
 139.567928,   34.958108,      -19.98,
 139.572432,   34.958108,      -19.90,
 139.576937,   34.958108,      -19.66,
 139.581441,   34.958108,      -19.27,
 139.585946,   34.958108,      -18.91,
 139.590450,   34.958108,      -18.59,
 139.594955,   34.958108,      -18.26,
 139.599459,   34.958108,      -17.85,
 139.603964,   34.958108,      -17.42,
 139.608468,   34.958108,      -16.97,
 139.612973,   34.958108,      -16.48,
 139.617477,   34.958108,      -15.98,
 139.621982,   34.958108,      -15.44,
 139.626486,   34.958108,      -14.82,
 139.630991,   34.958108,      -14.17,
 139.635495,   34.958108,      -13.51,
 139.640000,   34.958108,      -12.98,
 139.644505,   34.958108,      -12.68,
 139.649009,   34.958108,      -12.52,
 139.653514,   34.958108,      -12.35,
 139.658018,   34.958108,      -12.14,
 139.662523,   34.958108,      -11.64,
 139.667027,   34.958108,      -11.07,
 139.671532,   34.958108,      -10.52,
 139.676036,   34.958108,       -9.96,
 139.680541,   34.958108,       -9.32,
 139.685045,   34.958108,       -8.67,
 139.689550,   34.958108,       -8.00,
 139.694054,   34.958108,       -7.32,
 139.698559,   34.958108,       -6.67,
 139.703063,   34.958108,       -6.22,
 139.707568,   34.958108,       -5.77,
 139.712072,   34.958108,       -5.37,
 139.716577,   34.958108,       -5.14,
 139.721081,   34.958108,       -5.00,
 139.725586,   34.958108,       -4.86,
 139.730090,   34.958108,       -4.86,
 139.734595,   34.958108,       -4.93,
 139.739099,   34.958108,       -5.04,
 139.743604,   34.958108,       -5.35,
 139.748108,   34.958108,       -5.73,
 139.752613,   34.958108,       -6.14,
 139.757117,   34.958108,       -6.63,
 139.761622,   34.958108,       -7.12,
 139.766126,   34.958108,       -7.53,
 139.770631,   34.958108,       -7.92,
 139.775135,   34.958108,       -8.32,
 139.779640,   34.958108,       -8.64,
 139.784144,   34.958108,       -8.12,
 139.788649,   34.958108,       -7.55,
 139.793153,   34.958108,       -7.09,
 139.797658,   34.958108,       -6.87,
 139.802162,   34.958108,       -6.84,
 139.806667,   34.958108,       -6.84,
 139.811171,   34.958108,       -6.85,
 139.815676,   34.958108,       -6.92,
 139.820180,   34.958108,       -7.05,
 139.824685,   34.958108,       -7.24,
 139.829189,   34.958108,       -7.53,
 139.833694,   34.958108,       -7.88,
 139.838198,   34.958108,       -8.26,
 139.842703,   34.958108,       -8.68,
 139.847207,   34.958108,       -9.10,
 139.851712,   34.958108,       -9.51,
 139.856216,   34.958108,       -9.90,
 139.860721,   34.958108,      -10.29,
 139.865225,   34.958108,      -10.65,
 139.869730,   34.958108,      -11.01,
 139.874234,   34.958108,      -11.34,
 139.878739,   34.958108,      -11.65,
 139.883243,   34.958108,      -11.95,
 139.887748,   34.958108,      -12.23,
 139.892252,   34.958108,      -12.50,
 139.896757,   34.958108,      -12.76,
 139.901261,   34.958108,      -12.99,
 139.905766,   34.958108,      -13.22,
 139.910270,   34.958108,      -13.43,
 139.914775,   34.958108,      -13.63,
 139.919279,   34.958108,      -13.82,
 139.923784,   34.958108,      -13.99,
 139.928288,   34.958108,      -14.16,
 139.932793,   34.958108,      -14.31,
 139.937297,   34.958108,      -14.45,
 139.941802,   34.958108,      -14.58,
 139.946306,   34.958108,      -14.68,
 139.950811,   34.958108,      -14.76,
 139.955315,   34.958108,      -14.87,
 139.959820,   34.958108,      -15.04,
 139.964324,   34.958108,      -15.43,
 139.968829,   34.958108,      -16.17,
 139.973333,   34.958108,      -16.82,
 139.977838,   34.958108,      -17.12,
 139.982342,   34.958108,      -17.06,
 139.986847,   34.958108,      -16.95,
 139.991351,   34.958108,      -16.64,
 139.995856,   34.958108,      -16.28,
 140.000360,   34.958108,      -15.90,
 140.004865,   34.958108,      -15.45,
 140.009369,   34.958108,      -15.00,
 140.013874,   34.958108,      -14.57,
 140.018378,   34.958108,      -14.22,
 140.022883,   34.958108,      -13.88,
 140.027387,   34.958108,      -13.62,
 140.031892,   34.958108,      -13.43,
 140.036396,   34.958108,      -13.27,
 140.040901,   34.958108,      -13.15,
 140.045405,   34.958108,      -13.04,
 140.049910,   34.958108,      -12.94,
 140.054414,   34.958108,      -12.87,
 140.058919,   34.958108,      -12.80,
 140.063423,   34.958108,      -12.72,
 140.067928,   34.958108,      -12.65,
 140.072432,   34.958108,      -12.58,
 140.076937,   34.958108,      -12.51,
 140.081441,   34.958108,      -12.49,
 140.085946,   34.958108,      -12.47,
 140.090450,   34.958108,      -12.45,
 140.094955,   34.958108,      -12.42,
 140.099459,   34.958108,      -12.42,
 140.103964,   34.958108,      -12.45,
 140.108468,   34.958108,      -12.49,
 140.112973,   34.958108,      -12.52,
 140.117477,   34.958108,      -12.53,
 140.121982,   34.958108,      -12.53,
 140.126486,   34.958108,      -12.52,
 140.130991,   34.958108,      -12.53,
 140.135495,   34.958108,      -12.55,
 140.140000,   34.958108,      -12.56,
 140.144505,   34.958108,      -12.56,
 140.149009,   34.958108,      -12.58,
 140.153514,   34.958108,      -12.60,
 140.158018,   34.958108,      -12.63,
 140.162523,   34.958108,      -12.65,
 140.167027,   34.958108,      -12.67,
 140.171532,   34.958108,      -12.69,
 140.176036,   34.958108,      -12.70,
 140.180541,   34.958108,      -12.68,
 140.185045,   34.958108,      -12.64,
 140.189550,   34.958108,      -12.60,
 140.194054,   34.958108,      -12.57,
 140.198559,   34.958108,      -12.52,
 140.203063,   34.958108,      -12.48,
 140.207568,   34.958108,      -12.42,
 140.212072,   34.958108,      -12.36,
 140.216577,   34.958108,      -12.30,
 140.221081,   34.958108,      -12.21,
 140.225586,   34.958108,      -12.11,
 140.230090,   34.958108,      -12.01,
 140.234595,   34.958108,      -11.91,
 140.239099,   34.958108,      -11.80,
 140.243604,   34.958108,      -11.69,
 140.248108,   34.958108,      -11.57,
 140.252613,   34.958108,      -11.46,
 140.257117,   34.958108,      -11.35,
 140.261622,   34.958108,      -11.26,
 140.266126,   34.958108,      -11.19,
 140.270631,   34.958108,      -11.14,
 140.275135,   34.958108,      -11.11,
 140.279640,   34.958108,      -11.08,
 140.284144,   34.958108,      -11.05,
 140.288649,   34.958108,      -11.01,
 140.293153,   34.958108,      -10.98,
 140.297658,   34.958108,      -10.96,
 140.302162,   34.958108,      -10.94,
 140.306667,   34.958108,      -10.92,
 140.311171,   34.958108,      -10.92,
 140.315676,   34.958108,      -10.89,
 140.320180,   34.958108,      -10.85,
 140.324685,   34.958108,      -10.81,
 140.329189,   34.958108,      -10.77,
 140.333694,   34.958108,      -10.72,
 140.338198,   34.958108,      -10.67,
 140.342703,   34.958108,      -10.62,
 140.347207,   34.958108,      -10.57,
 140.351712,   34.958108,      -10.51,
 140.356216,   34.958108,      -10.45,
 140.360721,   34.958108,      -10.38,
 140.365225,   34.958108,      -10.31,
 140.369730,   34.958108,      -10.24,
 140.374234,   34.958108,      -10.16,
 140.378739,   34.958108,      -10.08,
 140.383243,   34.958108,      -10.00,
 140.387748,   34.958108,       -9.92,
 139.140000,   34.962613,      -17.53,
 139.144505,   34.962613,      -17.39,
 139.149009,   34.962613,      -17.28,
 139.153514,   34.962613,      -17.19,
 139.158018,   34.962613,      -17.12,
 139.162523,   34.962613,      -17.07,
 139.167027,   34.962613,      -17.04,
 139.171532,   34.962613,      -17.03,
 139.176036,   34.962613,      -17.14,
 139.180541,   34.962613,      -17.39,
 139.185045,   34.962613,      -17.61,
 139.189550,   34.962613,      -17.80,
 139.194054,   34.962613,      -17.98,
 139.198559,   34.962613,      -18.15,
 139.203063,   34.962613,      -18.32,
 139.207568,   34.962613,      -18.49,
 139.212072,   34.962613,      -18.65,
 139.216577,   34.962613,      -18.80,
 139.221081,   34.962613,      -18.95,
 139.225586,   34.962613,      -19.09,
 139.230090,   34.962613,      -19.22,
 139.234595,   34.962613,      -19.35,
 139.239099,   34.962613,      -19.47,
 139.243604,   34.962613,      -19.59,
 139.248108,   34.962613,      -19.70,
 139.252613,   34.962613,      -19.94,
 139.257117,   34.962613,      -20.15,
 139.261622,   34.962613,      -20.29,
 139.266126,   34.962613,      -20.33,
 139.270631,   34.962613,      -20.30,
 139.275135,   34.962613,      -20.25,
 139.279640,   34.962613,      -20.20,
 139.284144,   34.962613,      -20.15,
 139.288649,   34.962613,      -20.10,
 139.293153,   34.962613,      -20.04,
 139.297658,   34.962613,      -19.97,
 139.302162,   34.962613,      -19.88,
 139.306667,   34.962613,      -19.74,
 139.311171,   34.962613,      -19.57,
 139.315676,   34.962613,      -19.40,
 139.320180,   34.962613,      -19.21,
 139.324685,   34.962613,      -19.02,
 139.329189,   34.962613,      -18.83,
 139.333694,   34.962613,      -18.66,
 139.338198,   34.962613,      -18.53,
 139.342703,   34.962613,      -18.44,
 139.347207,   34.962613,      -18.38,
 139.351712,   34.962613,      -18.34,
 139.356216,   34.962613,      -18.28,
 139.360721,   34.962613,      -18.21,
 139.365225,   34.962613,      -18.11,
 139.369730,   34.962613,      -18.00,
 139.374234,   34.962613,      -17.86,
 139.378739,   34.962613,      -17.70,
 139.383243,   34.962613,      -17.52,
 139.387748,   34.962613,      -17.31,
 139.392252,   34.962613,      -17.13,
 139.396757,   34.962613,      -16.98,
 139.401261,   34.962613,      -16.88,
 139.405766,   34.962613,      -16.84,
 139.410270,   34.962613,      -16.85,
 139.414775,   34.962613,      -16.85,
 139.419279,   34.962613,      -16.84,
 139.423784,   34.962613,      -16.82,
 139.428288,   34.962613,      -16.79,
 139.432793,   34.962613,      -16.75,
 139.437297,   34.962613,      -16.69,
 139.441802,   34.962613,      -16.62,
 139.446306,   34.962613,      -16.55,
 139.450811,   34.962613,      -16.48,
 139.455315,   34.962613,      -16.40,
 139.459820,   34.962613,      -16.33,
 139.464324,   34.962613,      -16.26,
 139.468829,   34.962613,      -16.19,
 139.473333,   34.962613,      -16.12,
 139.477838,   34.962613,      -16.04,
 139.482342,   34.962613,      -15.95,
 139.486847,   34.962613,      -15.90,
 139.491351,   34.962613,      -16.06,
 139.495856,   34.962613,      -16.23,
 139.500360,   34.962613,      -16.41,
 139.504865,   34.962613,      -16.62,
 139.509369,   34.962613,      -16.86,
 139.513874,   34.962613,      -17.16,
 139.518378,   34.962613,      -17.50,
 139.522883,   34.962613,      -17.82,
 139.527387,   34.962613,      -17.99,
 139.531892,   34.962613,      -18.13,
 139.536396,   34.962613,      -18.31,
 139.540901,   34.962613,      -18.49,
 139.545405,   34.962613,      -18.70,
 139.549910,   34.962613,      -18.87,
 139.554414,   34.962613,      -19.15,
 139.558919,   34.962613,      -19.51,
 139.563423,   34.962613,      -19.38,
 139.567928,   34.962613,      -19.25,
 139.572432,   34.962613,      -19.12,
 139.576937,   34.962613,      -18.80,
 139.581441,   34.962613,      -18.33,
 139.585946,   34.962613,      -17.92,
 139.590450,   34.962613,      -17.55,
 139.594955,   34.962613,      -17.13,
 139.599459,   34.962613,      -16.73,
 139.603964,   34.962613,      -16.38,
 139.608468,   34.962613,      -16.03,
 139.612973,   34.962613,      -15.54,
 139.617477,   34.962613,      -15.05,
 139.621982,   34.962613,      -14.58,
 139.626486,   34.962613,      -13.95,
 139.630991,   34.962613,      -13.27,
 139.635495,   34.962613,      -12.65,
 139.640000,   34.962613,      -12.11,
 139.644505,   34.962613,      -11.80,
 139.649009,   34.962613,      -11.61,
 139.653514,   34.962613,      -11.47,
 139.658018,   34.962613,      -11.34,
 139.662523,   34.962613,      -10.86,
 139.667027,   34.962613,      -10.31,
 139.671532,   34.962613,       -9.77,
 139.676036,   34.962613,       -9.27,
 139.680541,   34.962613,       -8.73,
 139.685045,   34.962613,       -8.09,
 139.689550,   34.962613,       -7.46,
 139.694054,   34.962613,       -6.81,
 139.698559,   34.962613,       -6.29,
 139.703063,   34.962613,       -5.90,
 139.707568,   34.962613,       -5.48,
 139.712072,   34.962613,       -5.12,
 139.716577,   34.962613,       -4.95,
 139.721081,   34.962613,       -4.81,
 139.725586,   34.962613,       -4.74,
 139.730090,   34.962613,       -4.80,
 139.734595,   34.962613,       -4.87,
 139.739099,   34.962613,       -5.06,
 139.743604,   34.962613,       -5.41,
 139.748108,   34.962613,       -5.83,
 139.752613,   34.962613,       -6.28,
 139.757117,   34.962613,       -6.77,
 139.761622,   34.962613,       -7.33,
 139.766126,   34.962613,       -7.57,
 139.770631,   34.962613,       -7.75,
 139.775135,   34.962613,       -8.06,
 139.779640,   34.962613,       -8.30,
 139.784144,   34.962613,       -7.89,
 139.788649,   34.962613,       -7.45,
 139.793153,   34.962613,       -7.12,
 139.797658,   34.962613,       -6.98,
 139.802162,   34.962613,       -6.95,
 139.806667,   34.962613,       -6.97,
 139.811171,   34.962613,       -6.99,
 139.815676,   34.962613,       -7.07,
 139.820180,   34.962613,       -7.21,
 139.824685,   34.962613,       -7.39,
 139.829189,   34.962613,       -7.65,
 139.833694,   34.962613,       -7.98,
 139.838198,   34.962613,       -8.35,
 139.842703,   34.962613,       -8.75,
 139.847207,   34.962613,       -9.17,
 139.851712,   34.962613,       -9.57,
 139.856216,   34.962613,       -9.96,
 139.860721,   34.962613,      -10.34,
 139.865225,   34.962613,      -10.71,
 139.869730,   34.962613,      -11.06,
 139.874234,   34.962613,      -11.38,
 139.878739,   34.962613,      -11.69,
 139.883243,   34.962613,      -11.99,
 139.887748,   34.962613,      -12.26,
 139.892252,   34.962613,      -12.53,
 139.896757,   34.962613,      -12.77,
 139.901261,   34.962613,      -13.01,
 139.905766,   34.962613,      -13.22,
 139.910270,   34.962613,      -13.43,
 139.914775,   34.962613,      -13.63,
 139.919279,   34.962613,      -13.82,
 139.923784,   34.962613,      -14.00,
 139.928288,   34.962613,      -14.17,
 139.932793,   34.962613,      -14.33,
 139.937297,   34.962613,      -14.48,
 139.941802,   34.962613,      -14.62,
 139.946306,   34.962613,      -14.74,
 139.950811,   34.962613,      -14.83,
 139.955315,   34.962613,      -14.87,
 139.959820,   34.962613,      -14.99,
 139.964324,   34.962613,      -15.52,
 139.968829,   34.962613,      -16.26,
 139.973333,   34.962613,      -16.88,
 139.977838,   34.962613,      -17.18,
 139.982342,   34.962613,      -17.17,
 139.986847,   34.962613,      -17.06,
 139.991351,   34.962613,      -16.86,
 139.995856,   34.962613,      -16.52,
 140.000360,   34.962613,      -16.13,
 140.004865,   34.962613,      -15.70,
 140.009369,   34.962613,      -15.26,
 140.013874,   34.962613,      -14.83,
 140.018378,   34.962613,      -14.43,
 140.022883,   34.962613,      -14.09,
 140.027387,   34.962613,      -13.83,
 140.031892,   34.962613,      -13.59,
 140.036396,   34.962613,      -13.41,
 140.040901,   34.962613,      -13.29,
 140.045405,   34.962613,      -13.18,
 140.049910,   34.962613,      -13.07,
 140.054414,   34.962613,      -12.99,
 140.058919,   34.962613,      -12.91,
 140.063423,   34.962613,      -12.83,
 140.067928,   34.962613,      -12.76,
 140.072432,   34.962613,      -12.69,
 140.076937,   34.962613,      -12.62,
 140.081441,   34.962613,      -12.57,
 140.085946,   34.962613,      -12.54,
 140.090450,   34.962613,      -12.51,
 140.094955,   34.962613,      -12.47,
 140.099459,   34.962613,      -12.43,
 140.103964,   34.962613,      -12.43,
 140.108468,   34.962613,      -12.45,
 140.112973,   34.962613,      -12.47,
 140.117477,   34.962613,      -12.46,
 140.121982,   34.962613,      -12.45,
 140.126486,   34.962613,      -12.43,
 140.130991,   34.962613,      -12.43,
 140.135495,   34.962613,      -12.44,
 140.140000,   34.962613,      -12.45,
 140.144505,   34.962613,      -12.46,
 140.149009,   34.962613,      -12.47,
 140.153514,   34.962613,      -12.49,
 140.158018,   34.962613,      -12.51,
 140.162523,   34.962613,      -12.53,
 140.167027,   34.962613,      -12.56,
 140.171532,   34.962613,      -12.58,
 140.176036,   34.962613,      -12.58,
 140.180541,   34.962613,      -12.56,
 140.185045,   34.962613,      -12.53,
 140.189550,   34.962613,      -12.50,
 140.194054,   34.962613,      -12.46,
 140.198559,   34.962613,      -12.42,
 140.203063,   34.962613,      -12.38,
 140.207568,   34.962613,      -12.32,
 140.212072,   34.962613,      -12.26,
 140.216577,   34.962613,      -12.19,
 140.221081,   34.962613,      -12.11,
 140.225586,   34.962613,      -12.01,
 140.230090,   34.962613,      -11.91,
 140.234595,   34.962613,      -11.80,
 140.239099,   34.962613,      -11.69,
 140.243604,   34.962613,      -11.58,
 140.248108,   34.962613,      -11.47,
 140.252613,   34.962613,      -11.37,
 140.257117,   34.962613,      -11.28,
 140.261622,   34.962613,      -11.21,
 140.266126,   34.962613,      -11.15,
 140.270631,   34.962613,      -11.11,
 140.275135,   34.962613,      -11.09,
 140.279640,   34.962613,      -11.06,
 140.284144,   34.962613,      -11.03,
 140.288649,   34.962613,      -11.00,
 140.293153,   34.962613,      -10.97,
 140.297658,   34.962613,      -10.95,
 140.302162,   34.962613,      -10.93,
 140.306667,   34.962613,      -10.91,
 140.311171,   34.962613,      -10.88,
 140.315676,   34.962613,      -10.85,
 140.320180,   34.962613,      -10.81,
 140.324685,   34.962613,      -10.77,
 140.329189,   34.962613,      -10.73,
 140.333694,   34.962613,      -10.68,
 140.338198,   34.962613,      -10.63,
 140.342703,   34.962613,      -10.58,
 140.347207,   34.962613,      -10.52,
 140.351712,   34.962613,      -10.46,
 140.356216,   34.962613,      -10.40,
 140.360721,   34.962613,      -10.33,
 140.365225,   34.962613,      -10.26,
 140.369730,   34.962613,      -10.19,
 140.374234,   34.962613,      -10.11,
 140.378739,   34.962613,      -10.04,
 140.383243,   34.962613,       -9.95,
 140.387748,   34.962613,       -9.87,
 139.140000,   34.967117,      -17.76,
 139.144505,   34.967117,      -17.62,
 139.149009,   34.967117,      -17.51,
 139.153514,   34.967117,      -17.41,
 139.158018,   34.967117,      -17.33,
 139.162523,   34.967117,      -17.27,
 139.167027,   34.967117,      -17.23,
 139.171532,   34.967117,      -17.21,
 139.176036,   34.967117,      -17.21,
 139.180541,   34.967117,      -17.23,
 139.185045,   34.967117,      -17.48,
 139.189550,   34.967117,      -17.70,
 139.194054,   34.967117,      -17.89,
 139.198559,   34.967117,      -18.06,
 139.203063,   34.967117,      -18.24,
 139.207568,   34.967117,      -18.40,
 139.212072,   34.967117,      -18.56,
 139.216577,   34.967117,      -18.71,
 139.221081,   34.967117,      -18.86,
 139.225586,   34.967117,      -19.00,
 139.230090,   34.967117,      -19.14,
 139.234595,   34.967117,      -19.27,
 139.239099,   34.967117,      -19.39,
 139.243604,   34.967117,      -19.51,
 139.248108,   34.967117,      -19.73,
 139.252613,   34.967117,      -19.99,
 139.257117,   34.967117,      -20.19,
 139.261622,   34.967117,      -20.33,
 139.266126,   34.967117,      -20.40,
 139.270631,   34.967117,      -20.40,
 139.275135,   34.967117,      -20.35,
 139.279640,   34.967117,      -20.31,
 139.284144,   34.967117,      -20.26,
 139.288649,   34.967117,      -20.22,
 139.293153,   34.967117,      -20.18,
 139.297658,   34.967117,      -20.15,
 139.302162,   34.967117,      -20.04,
 139.306667,   34.967117,      -19.84,
 139.311171,   34.967117,      -19.65,
 139.315676,   34.967117,      -19.45,
 139.320180,   34.967117,      -19.26,
 139.324685,   34.967117,      -19.06,
 139.329189,   34.967117,      -18.87,
 139.333694,   34.967117,      -18.69,
 139.338198,   34.967117,      -18.55,
 139.342703,   34.967117,      -18.44,
 139.347207,   34.967117,      -18.37,
 139.351712,   34.967117,      -18.29,
 139.356216,   34.967117,      -18.22,
 139.360721,   34.967117,      -18.13,
 139.365225,   34.967117,      -18.01,
 139.369730,   34.967117,      -17.88,
 139.374234,   34.967117,      -17.72,
 139.378739,   34.967117,      -17.54,
 139.383243,   34.967117,      -17.35,
 139.387748,   34.967117,      -17.12,
 139.392252,   34.967117,      -16.89,
 139.396757,   34.967117,      -16.70,
 139.401261,   34.967117,      -16.56,
 139.405766,   34.967117,      -16.49,
 139.410270,   34.967117,      -16.49,
 139.414775,   34.967117,      -16.48,
 139.419279,   34.967117,      -16.45,
 139.423784,   34.967117,      -16.41,
 139.428288,   34.967117,      -16.37,
 139.432793,   34.967117,      -16.31,
 139.437297,   34.967117,      -16.24,
 139.441802,   34.967117,      -16.17,
 139.446306,   34.967117,      -16.10,
 139.450811,   34.967117,      -16.03,
 139.455315,   34.967117,      -15.96,
 139.459820,   34.967117,      -15.89,
 139.464324,   34.967117,      -15.82,
 139.468829,   34.967117,      -15.75,
 139.473333,   34.967117,      -15.68,
 139.477838,   34.967117,      -15.61,
 139.482342,   34.967117,      -15.53,
 139.486847,   34.967117,      -15.45,
 139.491351,   34.967117,      -15.50,
 139.495856,   34.967117,      -15.63,
 139.500360,   34.967117,      -15.78,
 139.504865,   34.967117,      -15.94,
 139.509369,   34.967117,      -16.16,
 139.513874,   34.967117,      -16.46,
 139.518378,   34.967117,      -16.82,
 139.522883,   34.967117,      -17.10,
 139.527387,   34.967117,      -17.10,
 139.531892,   34.967117,      -17.19,
 139.536396,   34.967117,      -17.41,
 139.540901,   34.967117,      -17.82,
 139.545405,   34.967117,      -17.81,
 139.549910,   34.967117,      -17.75,
 139.554414,   34.967117,      -17.84,
 139.558919,   34.967117,      -18.23,
 139.563423,   34.967117,      -18.53,
 139.567928,   34.967117,      -18.49,
 139.572432,   34.967117,      -18.32,
 139.576937,   34.967117,      -17.77,
 139.581441,   34.967117,      -17.25,
 139.585946,   34.967117,      -16.78,
 139.590450,   34.967117,      -16.36,
 139.594955,   34.967117,      -15.94,
 139.599459,   34.967117,      -15.56,
 139.603964,   34.967117,      -15.24,
 139.608468,   34.967117,      -14.90,
 139.612973,   34.967117,      -14.45,
 139.617477,   34.967117,      -13.89,
 139.621982,   34.967117,      -13.29,
 139.626486,   34.967117,      -12.67,
 139.630991,   34.967117,      -12.12,
 139.635495,   34.967117,      -11.57,
 139.640000,   34.967117,      -11.03,
 139.644505,   34.967117,      -10.65,
 139.649009,   34.967117,      -10.36,
 139.653514,   34.967117,      -10.08,
 139.658018,   34.967117,       -9.96,
 139.662523,   34.967117,       -9.85,
 139.667027,   34.967117,       -9.47,
 139.671532,   34.967117,       -8.94,
 139.676036,   34.967117,       -8.42,
 139.680541,   34.967117,       -7.93,
 139.685045,   34.967117,       -7.42,
 139.689550,   34.967117,       -6.88,
 139.694054,   34.967117,       -6.33,
 139.698559,   34.967117,       -5.90,
 139.703063,   34.967117,       -5.54,
 139.707568,   34.967117,       -5.16,
 139.712072,   34.967117,       -4.94,
 139.716577,   34.967117,       -4.76,
 139.721081,   34.967117,       -4.62,
 139.725586,   34.967117,       -4.65,
 139.730090,   34.967117,       -4.69,
 139.734595,   34.967117,       -4.81,
 139.739099,   34.967117,       -5.02,
 139.743604,   34.967117,       -5.34,
 139.748108,   34.967117,       -5.75,
 139.752613,   34.967117,       -6.20,
 139.757117,   34.967117,       -6.68,
 139.761622,   34.967117,       -6.93,
 139.766126,   34.967117,       -7.07,
 139.770631,   34.967117,       -7.22,
 139.775135,   34.967117,       -7.44,
 139.779640,   34.967117,       -7.60,
 139.784144,   34.967117,       -7.48,
 139.788649,   34.967117,       -7.26,
 139.793153,   34.967117,       -7.11,
 139.797658,   34.967117,       -7.06,
 139.802162,   34.967117,       -7.07,
 139.806667,   34.967117,       -7.10,
 139.811171,   34.967117,       -7.13,
 139.815676,   34.967117,       -7.21,
 139.820180,   34.967117,       -7.35,
 139.824685,   34.967117,       -7.53,
 139.829189,   34.967117,       -7.77,
 139.833694,   34.967117,       -8.08,
 139.838198,   34.967117,       -8.43,
 139.842703,   34.967117,       -8.82,
 139.847207,   34.967117,       -9.23,
 139.851712,   34.967117,       -9.62,
 139.856216,   34.967117,      -10.02,
 139.860721,   34.967117,      -10.41,
 139.865225,   34.967117,      -10.77,
 139.869730,   34.967117,      -11.12,
 139.874234,   34.967117,      -11.44,
 139.878739,   34.967117,      -11.75,
 139.883243,   34.967117,      -12.03,
 139.887748,   34.967117,      -12.30,
 139.892252,   34.967117,      -12.56,
 139.896757,   34.967117,      -12.80,
 139.901261,   34.967117,      -13.02,
 139.905766,   34.967117,      -13.24,
 139.910270,   34.967117,      -13.45,
 139.914775,   34.967117,      -13.64,
 139.919279,   34.967117,      -13.84,
 139.923784,   34.967117,      -14.02,
 139.928288,   34.967117,      -14.19,
 139.932793,   34.967117,      -14.36,
 139.937297,   34.967117,      -14.52,
 139.941802,   34.967117,      -14.67,
 139.946306,   34.967117,      -14.81,
 139.950811,   34.967117,      -14.93,
 139.955315,   34.967117,      -15.00,
 139.959820,   34.967117,      -14.94,
 139.964324,   34.967117,      -15.65,
 139.968829,   34.967117,      -16.46,
 139.973333,   34.967117,      -16.95,
 139.977838,   34.967117,      -17.16,
 139.982342,   34.967117,      -17.30,
 139.986847,   34.967117,      -17.18,
 139.991351,   34.967117,      -17.01,
 139.995856,   34.967117,      -16.77,
 140.000360,   34.967117,      -16.36,
 140.004865,   34.967117,      -15.94,
 140.009369,   34.967117,      -15.51,
 140.013874,   34.967117,      -15.09,
 140.018378,   34.967117,      -14.66,
 140.022883,   34.967117,      -14.31,
 140.027387,   34.967117,      -14.04,
 140.031892,   34.967117,      -13.79,
 140.036396,   34.967117,      -13.56,
 140.040901,   34.967117,      -13.43,
 140.045405,   34.967117,      -13.31,
 140.049910,   34.967117,      -13.20,
 140.054414,   34.967117,      -13.11,
 140.058919,   34.967117,      -13.03,
 140.063423,   34.967117,      -12.95,
 140.067928,   34.967117,      -12.88,
 140.072432,   34.967117,      -12.81,
 140.076937,   34.967117,      -12.74,
 140.081441,   34.967117,      -12.67,
 140.085946,   34.967117,      -12.61,
 140.090450,   34.967117,      -12.57,
 140.094955,   34.967117,      -12.52,
 140.099459,   34.967117,      -12.46,
 140.103964,   34.967117,      -12.42,
 140.108468,   34.967117,      -12.42,
 140.112973,   34.967117,      -12.42,
 140.117477,   34.967117,      -12.40,
 140.121982,   34.967117,      -12.37,
 140.126486,   34.967117,      -12.34,
 140.130991,   34.967117,      -12.34,
 140.135495,   34.967117,      -12.36,
 140.140000,   34.967117,      -12.37,
 140.144505,   34.967117,      -12.38,
 140.149009,   34.967117,      -12.39,
 140.153514,   34.967117,      -12.40,
 140.158018,   34.967117,      -12.42,
 140.162523,   34.967117,      -12.43,
 140.167027,   34.967117,      -12.45,
 140.171532,   34.967117,      -12.46,
 140.176036,   34.967117,      -12.46,
 140.180541,   34.967117,      -12.45,
 140.185045,   34.967117,      -12.43,
 140.189550,   34.967117,      -12.40,
 140.194054,   34.967117,      -12.37,
 140.198559,   34.967117,      -12.33,
 140.203063,   34.967117,      -12.28,
 140.207568,   34.967117,      -12.22,
 140.212072,   34.967117,      -12.16,
 140.216577,   34.967117,      -12.09,
 140.221081,   34.967117,      -12.01,
 140.225586,   34.967117,      -11.91,
 140.230090,   34.967117,      -11.81,
 140.234595,   34.967117,      -11.71,
 140.239099,   34.967117,      -11.60,
 140.243604,   34.967117,      -11.49,
 140.248108,   34.967117,      -11.38,
 140.252613,   34.967117,      -11.29,
 140.257117,   34.967117,      -11.22,
 140.261622,   34.967117,      -11.16,
 140.266126,   34.967117,      -11.12,
 140.270631,   34.967117,      -11.09,
 140.275135,   34.967117,      -11.06,
 140.279640,   34.967117,      -11.04,
 140.284144,   34.967117,      -11.01,
 140.288649,   34.967117,      -10.98,
 140.293153,   34.967117,      -10.96,
 140.297658,   34.967117,      -10.93,
 140.302162,   34.967117,      -10.91,
 140.306667,   34.967117,      -10.88,
 140.311171,   34.967117,      -10.85,
 140.315676,   34.967117,      -10.82,
 140.320180,   34.967117,      -10.78,
 140.324685,   34.967117,      -10.74,
 140.329189,   34.967117,      -10.69,
 140.333694,   34.967117,      -10.65,
 140.338198,   34.967117,      -10.60,
 140.342703,   34.967117,      -10.54,
 140.347207,   34.967117,      -10.48,
 140.351712,   34.967117,      -10.42,
 140.356216,   34.967117,      -10.36,
 140.360721,   34.967117,      -10.29,
 140.365225,   34.967117,      -10.22,
 140.369730,   34.967117,      -10.15,
 140.374234,   34.967117,      -10.07,
 140.378739,   34.967117,       -9.99,
 140.383243,   34.967117,       -9.93,
 140.387748,   34.967117,       -9.95,
 139.140000,   34.971622,      -17.98,
 139.144505,   34.971622,      -17.83,
 139.149009,   34.971622,      -17.71,
 139.153514,   34.971622,      -17.60,
 139.158018,   34.971622,      -17.51,
 139.162523,   34.971622,      -17.45,
 139.167027,   34.971622,      -17.40,
 139.171532,   34.971622,      -17.37,
 139.176036,   34.971622,      -17.36,
 139.180541,   34.971622,      -17.38,
 139.185045,   34.971622,      -17.41,
 139.189550,   34.971622,      -17.56,
 139.194054,   34.971622,      -17.80,
 139.198559,   34.971622,      -17.98,
 139.203063,   34.971622,      -18.15,
 139.207568,   34.971622,      -18.32,
 139.212072,   34.971622,      -18.48,
 139.216577,   34.971622,      -18.63,
 139.221081,   34.971622,      -18.78,
 139.225586,   34.971622,      -18.92,
 139.230090,   34.971622,      -19.06,
 139.234595,   34.971622,      -19.19,
 139.239099,   34.971622,      -19.32,
 139.243604,   34.971622,      -19.51,
 139.248108,   34.971622,      -19.78,
 139.252613,   34.971622,      -20.04,
 139.257117,   34.971622,      -20.24,
 139.261622,   34.971622,      -20.39,
 139.266126,   34.971622,      -20.47,
 139.270631,   34.971622,      -20.48,
 139.275135,   34.971622,      -20.44,
 139.279640,   34.971622,      -20.40,
 139.284144,   34.971622,      -20.35,
 139.288649,   34.971622,      -20.30,
 139.293153,   34.971622,      -20.26,
 139.297658,   34.971622,      -20.21,
 139.302162,   34.971622,      -20.07,
 139.306667,   34.971622,      -19.88,
 139.311171,   34.971622,      -19.68,
 139.315676,   34.971622,      -19.48,
 139.320180,   34.971622,      -19.29,
 139.324685,   34.971622,      -19.10,
 139.329189,   34.971622,      -18.91,
 139.333694,   34.971622,      -18.73,
 139.338198,   34.971622,      -18.57,
 139.342703,   34.971622,      -18.45,
 139.347207,   34.971622,      -18.35,
 139.351712,   34.971622,      -18.26,
 139.356216,   34.971622,      -18.16,
 139.360721,   34.971622,      -18.05,
 139.365225,   34.971622,      -17.92,
 139.369730,   34.971622,      -17.77,
 139.374234,   34.971622,      -17.60,
 139.378739,   34.971622,      -17.41,
 139.383243,   34.971622,      -17.21,
 139.387748,   34.971622,      -16.97,
 139.392252,   34.971622,      -16.71,
 139.396757,   34.971622,      -16.46,
 139.401261,   34.971622,      -16.26,
 139.405766,   34.971622,      -16.14,
 139.410270,   34.971622,      -16.13,
 139.414775,   34.971622,      -16.09,
 139.419279,   34.971622,      -16.05,
 139.423784,   34.971622,      -16.00,
 139.428288,   34.971622,      -15.93,
 139.432793,   34.971622,      -15.86,
 139.437297,   34.971622,      -15.80,
 139.441802,   34.971622,      -15.73,
 139.446306,   34.971622,      -15.66,
 139.450811,   34.971622,      -15.59,
 139.455315,   34.971622,      -15.52,
 139.459820,   34.971622,      -15.45,
 139.464324,   34.971622,      -15.39,
 139.468829,   34.971622,      -15.33,
 139.473333,   34.971622,      -15.27,
 139.477838,   34.971622,      -15.21,
 139.482342,   34.971622,      -15.15,
 139.486847,   34.971622,      -15.07,
 139.491351,   34.971622,      -15.03,
 139.495856,   34.971622,      -15.07,
 139.500360,   34.971622,      -15.15,
 139.504865,   34.971622,      -15.26,
 139.509369,   34.971622,      -15.41,
 139.513874,   34.971622,      -15.66,
 139.518378,   34.971622,      -15.90,
 139.522883,   34.971622,      -15.92,
 139.527387,   34.971622,      -15.83,
 139.531892,   34.971622,      -15.86,
 139.536396,   34.971622,      -16.04,
 139.540901,   34.971622,      -16.21,
 139.545405,   34.971622,      -16.16,
 139.549910,   34.971622,      -16.06,
 139.554414,   34.971622,      -16.23,
 139.558919,   34.971622,      -16.96,
 139.563423,   34.971622,      -17.58,
 139.567928,   34.971622,      -17.72,
 139.572432,   34.971622,      -17.20,
 139.576937,   34.971622,      -16.46,
 139.581441,   34.971622,      -15.88,
 139.585946,   34.971622,      -15.45,
 139.590450,   34.971622,      -15.06,
 139.594955,   34.971622,      -14.66,
 139.599459,   34.971622,      -14.36,
 139.603964,   34.971622,      -14.08,
 139.608468,   34.971622,      -13.77,
 139.612973,   34.971622,      -13.30,
 139.617477,   34.971622,      -12.68,
 139.621982,   34.971622,      -12.01,
 139.626486,   34.971622,      -11.32,
 139.630991,   34.971622,      -10.72,
 139.635495,   34.971622,      -10.11,
 139.640000,   34.971622,       -9.45,
 139.644505,   34.971622,       -9.03,
 139.649009,   34.971622,       -8.79,
 139.653514,   34.971622,       -8.56,
 139.658018,   34.971622,       -8.57,
 139.662523,   34.971622,       -8.64,
 139.667027,   34.971622,       -8.56,
 139.671532,   34.971622,       -8.06,
 139.676036,   34.971622,       -7.55,
 139.680541,   34.971622,       -7.05,
 139.685045,   34.971622,       -6.63,
 139.689550,   34.971622,       -6.23,
 139.694054,   34.971622,       -5.86,
 139.698559,   34.971622,       -5.55,
 139.703063,   34.971622,       -5.21,
 139.707568,   34.971622,       -4.94,
 139.712072,   34.971622,       -4.79,
 139.716577,   34.971622,       -4.61,
 139.721081,   34.971622,       -4.55,
 139.725586,   34.971622,       -4.59,
 139.730090,   34.971622,       -4.63,
 139.734595,   34.971622,       -4.74,
 139.739099,   34.971622,       -4.96,
 139.743604,   34.971622,       -5.22,
 139.748108,   34.971622,       -5.63,
 139.752613,   34.971622,       -6.08,
 139.757117,   34.971622,       -6.41,
 139.761622,   34.971622,       -6.46,
 139.766126,   34.971622,       -6.48,
 139.770631,   34.971622,       -6.58,
 139.775135,   34.971622,       -6.75,
 139.779640,   34.971622,       -6.94,
 139.784144,   34.971622,       -7.00,
 139.788649,   34.971622,       -7.01,
 139.793153,   34.971622,       -7.06,
 139.797658,   34.971622,       -7.12,
 139.802162,   34.971622,       -7.19,
 139.806667,   34.971622,       -7.23,
 139.811171,   34.971622,       -7.27,
 139.815676,   34.971622,       -7.34,
 139.820180,   34.971622,       -7.48,
 139.824685,   34.971622,       -7.66,
 139.829189,   34.971622,       -7.88,
 139.833694,   34.971622,       -8.17,
 139.838198,   34.971622,       -8.51,
 139.842703,   34.971622,       -8.89,
 139.847207,   34.971622,       -9.29,
 139.851712,   34.971622,       -9.68,
 139.856216,   34.971622,      -10.09,
 139.860721,   34.971622,      -10.49,
 139.865225,   34.971622,      -10.85,
 139.869730,   34.971622,      -11.20,
 139.874234,   34.971622,      -11.52,
 139.878739,   34.971622,      -11.81,
 139.883243,   34.971622,      -12.09,
 139.887748,   34.971622,      -12.35,
 139.892252,   34.971622,      -12.59,
 139.896757,   34.971622,      -12.82,
 139.901261,   34.971622,      -13.04,
 139.905766,   34.971622,      -13.26,
 139.910270,   34.971622,      -13.46,
 139.914775,   34.971622,      -13.66,
 139.919279,   34.971622,      -13.85,
 139.923784,   34.971622,      -14.04,
 139.928288,   34.971622,      -14.22,
 139.932793,   34.971622,      -14.39,
 139.937297,   34.971622,      -14.56,
 139.941802,   34.971622,      -14.72,
 139.946306,   34.971622,      -14.87,
 139.950811,   34.971622,      -15.01,
 139.955315,   34.971622,      -15.14,
 139.959820,   34.971622,      -15.22,
 139.964324,   34.971622,      -15.83,
 139.968829,   34.971622,      -16.53,
 139.973333,   34.971622,      -16.97,
 139.977838,   34.971622,      -17.19,
 139.982342,   34.971622,      -17.33,
 139.986847,   34.971622,      -17.33,
 139.991351,   34.971622,      -17.17,
 139.995856,   34.971622,      -16.95,
 140.000360,   34.971622,      -16.62,
 140.004865,   34.971622,      -16.20,
 140.009369,   34.971622,      -15.77,
 140.013874,   34.971622,      -15.34,
 140.018378,   34.971622,      -14.93,
 140.022883,   34.971622,      -14.55,
 140.027387,   34.971622,      -14.24,
 140.031892,   34.971622,      -13.99,
 140.036396,   34.971622,      -13.75,
 140.040901,   34.971622,      -13.57,
 140.045405,   34.971622,      -13.45,
 140.049910,   34.971622,      -13.32,
 140.054414,   34.971622,      -13.23,
 140.058919,   34.971622,      -13.15,
 140.063423,   34.971622,      -13.07,
 140.067928,   34.971622,      -13.00,
 140.072432,   34.971622,      -12.93,
 140.076937,   34.971622,      -12.85,
 140.081441,   34.971622,      -12.78,
 140.085946,   34.971622,      -12.70,
 140.090450,   34.971622,      -12.63,
 140.094955,   34.971622,      -12.57,
 140.099459,   34.971622,      -12.52,
 140.103964,   34.971622,      -12.46,
 140.108468,   34.971622,      -12.40,
 140.112973,   34.971622,      -12.38,
 140.117477,   34.971622,      -12.36,
 140.121982,   34.971622,      -12.33,
 140.126486,   34.971622,      -12.30,
 140.130991,   34.971622,      -12.28,
 140.135495,   34.971622,      -12.29,
 140.140000,   34.971622,      -12.30,
 140.144505,   34.971622,      -12.32,
 140.149009,   34.971622,      -12.32,
 140.153514,   34.971622,      -12.33,
 140.158018,   34.971622,      -12.33,
 140.162523,   34.971622,      -12.34,
 140.167027,   34.971622,      -12.35,
 140.171532,   34.971622,      -12.35,
 140.176036,   34.971622,      -12.35,
 140.180541,   34.971622,      -12.34,
 140.185045,   34.971622,      -12.32,
 140.189550,   34.971622,      -12.30,
 140.194054,   34.971622,      -12.27,
 140.198559,   34.971622,      -12.23,
 140.203063,   34.971622,      -12.19,
 140.207568,   34.971622,      -12.13,
 140.212072,   34.971622,      -12.07,
 140.216577,   34.971622,      -11.99,
 140.221081,   34.971622,      -11.91,
 140.225586,   34.971622,      -11.82,
 140.230090,   34.971622,      -11.72,
 140.234595,   34.971622,      -11.62,
 140.239099,   34.971622,      -11.51,
 140.243604,   34.971622,      -11.39,
 140.248108,   34.971622,      -11.29,
 140.252613,   34.971622,      -11.22,
 140.257117,   34.971622,      -11.17,
 140.261622,   34.971622,      -11.12,
 140.266126,   34.971622,      -11.09,
 140.270631,   34.971622,      -11.07,
 140.275135,   34.971622,      -11.04,
 140.279640,   34.971622,      -11.01,
 140.284144,   34.971622,      -10.99,
 140.288649,   34.971622,      -10.96,
 140.293153,   34.971622,      -10.93,
 140.297658,   34.971622,      -10.91,
 140.302162,   34.971622,      -10.88,
 140.306667,   34.971622,      -10.86,
 140.311171,   34.971622,      -10.82,
 140.315676,   34.971622,      -10.79,
 140.320180,   34.971622,      -10.75,
 140.324685,   34.971622,      -10.71,
 140.329189,   34.971622,      -10.66,
 140.333694,   34.971622,      -10.61,
 140.338198,   34.971622,      -10.56,
 140.342703,   34.971622,      -10.51,
 140.347207,   34.971622,      -10.45,
 140.351712,   34.971622,      -10.38,
 140.356216,   34.971622,      -10.32,
 140.360721,   34.971622,      -10.25,
 140.365225,   34.971622,      -10.18,
 140.369730,   34.971622,      -10.10,
 140.374234,   34.971622,      -10.03,
 140.378739,   34.971622,      -10.00,
 140.383243,   34.971622,      -10.02,
 140.387748,   34.971622,      -10.09,
 139.140000,   34.976126,      -18.18,
 139.144505,   34.976126,      -18.02,
 139.149009,   34.976126,      -17.89,
 139.153514,   34.976126,      -17.77,
 139.158018,   34.976126,      -17.68,
 139.162523,   34.976126,      -17.60,
 139.167027,   34.976126,      -17.55,
 139.171532,   34.976126,      -17.51,
 139.176036,   34.976126,      -17.50,
 139.180541,   34.976126,      -17.50,
 139.185045,   34.976126,      -17.53,
 139.189550,   34.976126,      -17.57,
 139.194054,   34.976126,      -17.65,
 139.198559,   34.976126,      -17.90,
 139.203063,   34.976126,      -18.07,
 139.207568,   34.976126,      -18.24,
 139.212072,   34.976126,      -18.40,
 139.216577,   34.976126,      -18.56,
 139.221081,   34.976126,      -18.71,
 139.225586,   34.976126,      -18.85,
 139.230090,   34.976126,      -18.99,
 139.234595,   34.976126,      -19.12,
 139.239099,   34.976126,      -19.30,
 139.243604,   34.976126,      -19.57,
 139.248108,   34.976126,      -19.83,
 139.252613,   34.976126,      -20.09,
 139.257117,   34.976126,      -20.30,
 139.261622,   34.976126,      -20.46,
 139.266126,   34.976126,      -20.55,
 139.270631,   34.976126,      -20.56,
 139.275135,   34.976126,      -20.51,
 139.279640,   34.976126,      -20.46,
 139.284144,   34.976126,      -20.41,
 139.288649,   34.976126,      -20.35,
 139.293153,   34.976126,      -20.29,
 139.297658,   34.976126,      -20.21,
 139.302162,   34.976126,      -20.07,
 139.306667,   34.976126,      -19.89,
 139.311171,   34.976126,      -19.70,
 139.315676,   34.976126,      -19.51,
 139.320180,   34.976126,      -19.32,
 139.324685,   34.976126,      -19.14,
 139.329189,   34.976126,      -18.95,
 139.333694,   34.976126,      -18.76,
 139.338198,   34.976126,      -18.59,
 139.342703,   34.976126,      -18.45,
 139.347207,   34.976126,      -18.33,
 139.351712,   34.976126,      -18.22,
 139.356216,   34.976126,      -18.11,
 139.360721,   34.976126,      -17.98,
 139.365225,   34.976126,      -17.84,
 139.369730,   34.976126,      -17.67,
 139.374234,   34.976126,      -17.50,
 139.378739,   34.976126,      -17.31,
 139.383243,   34.976126,      -17.09,
 139.387748,   34.976126,      -16.85,
 139.392252,   34.976126,      -16.60,
 139.396757,   34.976126,      -16.33,
 139.401261,   34.976126,      -16.04,
 139.405766,   34.976126,      -15.79,
 139.410270,   34.976126,      -15.78,
 139.414775,   34.976126,      -15.76,
 139.419279,   34.976126,      -15.72,
 139.423784,   34.976126,      -15.65,
 139.428288,   34.976126,      -15.56,
 139.432793,   34.976126,      -15.46,
 139.437297,   34.976126,      -15.36,
 139.441802,   34.976126,      -15.28,
 139.446306,   34.976126,      -15.21,
 139.450811,   34.976126,      -15.14,
 139.455315,   34.976126,      -15.08,
 139.459820,   34.976126,      -15.03,
 139.464324,   34.976126,      -14.97,
 139.468829,   34.976126,      -14.92,
 139.473333,   34.976126,      -14.87,
 139.477838,   34.976126,      -14.83,
 139.482342,   34.976126,      -14.78,
 139.486847,   34.976126,      -14.71,
 139.491351,   34.976126,      -14.61,
 139.495856,   34.976126,      -14.54,
 139.500360,   34.976126,      -14.53,
 139.504865,   34.976126,      -14.55,
 139.509369,   34.976126,      -14.60,
 139.513874,   34.976126,      -14.72,
 139.518378,   34.976126,      -14.83,
 139.522883,   34.976126,      -14.72,
 139.527387,   34.976126,      -14.54,
 139.531892,   34.976126,      -14.42,
 139.536396,   34.976126,      -14.40,
 139.540901,   34.976126,      -14.48,
 139.545405,   34.976126,      -14.44,
 139.549910,   34.976126,      -14.38,
 139.554414,   34.976126,      -14.73,
 139.558919,   34.976126,      -15.59,
 139.563423,   34.976126,      -16.47,
 139.567928,   34.976126,      -16.76,
 139.572432,   34.976126,      -16.02,
 139.576937,   34.976126,      -15.26,
 139.581441,   34.976126,      -14.54,
 139.585946,   34.976126,      -14.17,
 139.590450,   34.976126,      -13.78,
 139.594955,   34.976126,      -13.46,
 139.599459,   34.976126,      -13.26,
 139.603964,   34.976126,      -13.00,
 139.608468,   34.976126,      -12.71,
 139.612973,   34.976126,      -12.28,
 139.617477,   34.976126,      -11.66,
 139.621982,   34.976126,      -10.94,
 139.626486,   34.976126,      -10.12,
 139.630991,   34.976126,       -9.32,
 139.635495,   34.976126,       -8.66,
 139.640000,   34.976126,       -7.87,
 139.644505,   34.976126,       -7.38,
 139.649009,   34.976126,       -7.30,
 139.653514,   34.976126,       -7.23,
 139.658018,   34.976126,       -7.23,
 139.662523,   34.976126,       -7.30,
 139.667027,   34.976126,       -7.49,
 139.671532,   34.976126,       -7.26,
 139.676036,   34.976126,       -6.73,
 139.680541,   34.976126,       -6.17,
 139.685045,   34.976126,       -5.87,
 139.689550,   34.976126,       -5.61,
 139.694054,   34.976126,       -5.39,
 139.698559,   34.976126,       -5.18,
 139.703063,   34.976126,       -4.93,
 139.707568,   34.976126,       -4.76,
 139.712072,   34.976126,       -4.64,
 139.716577,   34.976126,       -4.52,
 139.721081,   34.976126,       -4.52,
 139.725586,   34.976126,       -4.55,
 139.730090,   34.976126,       -4.59,
 139.734595,   34.976126,       -4.65,
 139.739099,   34.976126,       -4.82,
 139.743604,   34.976126,       -5.05,
 139.748108,   34.976126,       -5.42,
 139.752613,   34.976126,       -5.86,
 139.757117,   34.976126,       -5.98,
 139.761622,   34.976126,       -5.92,
 139.766126,   34.976126,       -5.88,
 139.770631,   34.976126,       -5.92,
 139.775135,   34.976126,       -6.07,
 139.779640,   34.976126,       -6.24,
 139.784144,   34.976126,       -6.41,
 139.788649,   34.976126,       -6.70,
 139.793153,   34.976126,       -6.95,
 139.797658,   34.976126,       -7.21,
 139.802162,   34.976126,       -7.27,
 139.806667,   34.976126,       -7.32,
 139.811171,   34.976126,       -7.39,
 139.815676,   34.976126,       -7.46,
 139.820180,   34.976126,       -7.58,
 139.824685,   34.976126,       -7.76,
 139.829189,   34.976126,       -7.99,
 139.833694,   34.976126,       -8.25,
 139.838198,   34.976126,       -8.58,
 139.842703,   34.976126,       -8.94,
 139.847207,   34.976126,       -9.35,
 139.851712,   34.976126,       -9.75,
 139.856216,   34.976126,      -10.17,
 139.860721,   34.976126,      -10.58,
 139.865225,   34.976126,      -10.95,
 139.869730,   34.976126,      -11.29,
 139.874234,   34.976126,      -11.60,
 139.878739,   34.976126,      -11.88,
 139.883243,   34.976126,      -12.15,
 139.887748,   34.976126,      -12.39,
 139.892252,   34.976126,      -12.63,
 139.896757,   34.976126,      -12.85,
 139.901261,   34.976126,      -13.07,
 139.905766,   34.976126,      -13.28,
 139.910270,   34.976126,      -13.49,
 139.914775,   34.976126,      -13.69,
 139.919279,   34.976126,      -13.88,
 139.923784,   34.976126,      -14.07,
 139.928288,   34.976126,      -14.25,
 139.932793,   34.976126,      -14.43,
 139.937297,   34.976126,      -14.60,
 139.941802,   34.976126,      -14.77,
 139.946306,   34.976126,      -14.94,
 139.950811,   34.976126,      -15.10,
 139.955315,   34.976126,      -15.25,
 139.959820,   34.976126,      -15.48,
 139.964324,   34.976126,      -16.02,
 139.968829,   34.976126,      -16.51,
 139.973333,   34.976126,      -16.95,
 139.977838,   34.976126,      -17.26,
 139.982342,   34.976126,      -17.36,
 139.986847,   34.976126,      -17.44,
 139.991351,   34.976126,      -17.35,
 139.995856,   34.976126,      -17.11,
 140.000360,   34.976126,      -16.85,
 140.004865,   34.976126,      -16.48,
 140.009369,   34.976126,      -16.04,
 140.013874,   34.976126,      -15.61,
 140.018378,   34.976126,      -15.21,
 140.022883,   34.976126,      -14.82,
 140.027387,   34.976126,      -14.44,
 140.031892,   34.976126,      -14.19,
 140.036396,   34.976126,      -13.94,
 140.040901,   34.976126,      -13.72,
 140.045405,   34.976126,      -13.58,
 140.049910,   34.976126,      -13.44,
 140.054414,   34.976126,      -13.35,
 140.058919,   34.976126,      -13.26,
 140.063423,   34.976126,      -13.18,
 140.067928,   34.976126,      -13.10,
 140.072432,   34.976126,      -13.03,
 140.076937,   34.976126,      -12.95,
 140.081441,   34.976126,      -12.87,
 140.085946,   34.976126,      -12.80,
 140.090450,   34.976126,      -12.71,
 140.094955,   34.976126,      -12.64,
 140.099459,   34.976126,      -12.57,
 140.103964,   34.976126,      -12.50,
 140.108468,   34.976126,      -12.44,
 140.112973,   34.976126,      -12.39,
 140.117477,   34.976126,      -12.35,
 140.121982,   34.976126,      -12.32,
 140.126486,   34.976126,      -12.29,
 140.130991,   34.976126,      -12.26,
 140.135495,   34.976126,      -12.25,
 140.140000,   34.976126,      -12.24,
 140.144505,   34.976126,      -12.25,
 140.149009,   34.976126,      -12.26,
 140.153514,   34.976126,      -12.26,
 140.158018,   34.976126,      -12.26,
 140.162523,   34.976126,      -12.26,
 140.167027,   34.976126,      -12.26,
 140.171532,   34.976126,      -12.25,
 140.176036,   34.976126,      -12.25,
 140.180541,   34.976126,      -12.23,
 140.185045,   34.976126,      -12.22,
 140.189550,   34.976126,      -12.20,
 140.194054,   34.976126,      -12.17,
 140.198559,   34.976126,      -12.14,
 140.203063,   34.976126,      -12.10,
 140.207568,   34.976126,      -12.04,
 140.212072,   34.976126,      -11.98,
 140.216577,   34.976126,      -11.91,
 140.221081,   34.976126,      -11.83,
 140.225586,   34.976126,      -11.74,
 140.230090,   34.976126,      -11.64,
 140.234595,   34.976126,      -11.53,
 140.239099,   34.976126,      -11.42,
 140.243604,   34.976126,      -11.30,
 140.248108,   34.976126,      -11.21,
 140.252613,   34.976126,      -11.16,
 140.257117,   34.976126,      -11.13,
 140.261622,   34.976126,      -11.10,
 140.266126,   34.976126,      -11.07,
 140.270631,   34.976126,      -11.04,
 140.275135,   34.976126,      -11.02,
 140.279640,   34.976126,      -10.99,
 140.284144,   34.976126,      -10.96,
 140.288649,   34.976126,      -10.93,
 140.293153,   34.976126,      -10.91,
 140.297658,   34.976126,      -10.89,
 140.302162,   34.976126,      -10.86,
 140.306667,   34.976126,      -10.83,
 140.311171,   34.976126,      -10.80,
 140.315676,   34.976126,      -10.76,
 140.320180,   34.976126,      -10.72,
 140.324685,   34.976126,      -10.68,
 140.329189,   34.976126,      -10.63,
 140.333694,   34.976126,      -10.58,
 140.338198,   34.976126,      -10.53,
 140.342703,   34.976126,      -10.47,
 140.347207,   34.976126,      -10.41,
 140.351712,   34.976126,      -10.35,
 140.356216,   34.976126,      -10.28,
 140.360721,   34.976126,      -10.21,
 140.365225,   34.976126,      -10.14,
 140.369730,   34.976126,      -10.07,
 140.374234,   34.976126,      -10.08,
 140.378739,   34.976126,      -10.10,
 140.383243,   34.976126,      -10.23,
 140.387748,   34.976126,      -10.36,
 139.140000,   34.980631,      -18.31,
 139.144505,   34.980631,      -18.19,
 139.149009,   34.980631,      -18.05,
 139.153514,   34.980631,      -17.93,
 139.158018,   34.980631,      -17.83,
 139.162523,   34.980631,      -17.74,
 139.167027,   34.980631,      -17.68,
 139.171532,   34.980631,      -17.64,
 139.176036,   34.980631,      -17.61,
 139.180541,   34.980631,      -17.61,
 139.185045,   34.980631,      -17.63,
 139.189550,   34.980631,      -17.67,
 139.194054,   34.980631,      -17.72,
 139.198559,   34.980631,      -17.80,
 139.203063,   34.980631,      -17.98,
 139.207568,   34.980631,      -18.17,
 139.212072,   34.980631,      -18.33,
 139.216577,   34.980631,      -18.49,
 139.221081,   34.980631,      -18.64,
 139.225586,   34.980631,      -18.79,
 139.230090,   34.980631,      -18.93,
 139.234595,   34.980631,      -19.08,
 139.239099,   34.980631,      -19.35,
 139.243604,   34.980631,      -19.61,
 139.248108,   34.980631,      -19.88,
 139.252613,   34.980631,      -20.15,
 139.257117,   34.980631,      -20.37,
 139.261622,   34.980631,      -20.54,
 139.266126,   34.980631,      -20.64,
 139.270631,   34.980631,      -20.64,
 139.275135,   34.980631,      -20.58,
 139.279640,   34.980631,      -20.52,
 139.284144,   34.980631,      -20.45,
 139.288649,   34.980631,      -20.39,
 139.293153,   34.980631,      -20.31,
 139.297658,   34.980631,      -20.21,
 139.302162,   34.980631,      -20.07,
 139.306667,   34.980631,      -19.91,
 139.311171,   34.980631,      -19.72,
 139.315676,   34.980631,      -19.54,
 139.320180,   34.980631,      -19.36,
 139.324685,   34.980631,      -19.18,
 139.329189,   34.980631,      -19.00,
 139.333694,   34.980631,      -18.82,
 139.338198,   34.980631,      -18.63,
 139.342703,   34.980631,      -18.46,
 139.347207,   34.980631,      -18.31,
 139.351712,   34.980631,      -18.19,
 139.356216,   34.980631,      -18.07,
 139.360721,   34.980631,      -17.92,
 139.365225,   34.980631,      -17.77,
 139.369730,   34.980631,      -17.60,
 139.374234,   34.980631,      -17.42,
 139.378739,   34.980631,      -17.23,
 139.383243,   34.980631,      -17.01,
 139.387748,   34.980631,      -16.77,
 139.392252,   34.980631,      -16.53,
 139.396757,   34.980631,      -16.27,
 139.401261,   34.980631,      -16.00,
 139.405766,   34.980631,      -15.76,
 139.410270,   34.980631,      -15.62,
 139.414775,   34.980631,      -15.56,
 139.419279,   34.980631,      -15.48,
 139.423784,   34.980631,      -15.38,
 139.428288,   34.980631,      -15.26,
 139.432793,   34.980631,      -15.13,
 139.437297,   34.980631,      -14.98,
 139.441802,   34.980631,      -14.86,
 139.446306,   34.980631,      -14.77,
 139.450811,   34.980631,      -14.70,
 139.455315,   34.980631,      -14.65,
 139.459820,   34.980631,      -14.60,
 139.464324,   34.980631,      -14.56,
 139.468829,   34.980631,      -14.52,
 139.473333,   34.980631,      -14.49,
 139.477838,   34.980631,      -14.45,
 139.482342,   34.980631,      -14.42,
 139.486847,   34.980631,      -14.36,
 139.491351,   34.980631,      -14.23,
 139.495856,   34.980631,      -14.06,
 139.500360,   34.980631,      -13.94,
 139.504865,   34.980631,      -13.85,
 139.509369,   34.980631,      -13.76,
 139.513874,   34.980631,      -13.75,
 139.518378,   34.980631,      -13.76,
 139.522883,   34.980631,      -13.61,
 139.527387,   34.980631,      -13.42,
 139.531892,   34.980631,      -13.20,
 139.536396,   34.980631,      -12.90,
 139.540901,   34.980631,      -12.99,
 139.545405,   34.980631,      -13.07,
 139.549910,   34.980631,      -13.10,
 139.554414,   34.980631,      -13.37,
 139.558919,   34.980631,      -14.10,
 139.563423,   34.980631,      -14.74,
 139.567928,   34.980631,      -15.06,
 139.572432,   34.980631,      -14.84,
 139.576937,   34.980631,      -14.16,
 139.581441,   34.980631,      -13.51,
 139.585946,   34.980631,      -12.96,
 139.590450,   34.980631,      -12.62,
 139.594955,   34.980631,      -12.45,
 139.599459,   34.980631,      -12.26,
 139.603964,   34.980631,      -12.01,
 139.608468,   34.980631,      -11.74,
 139.612973,   34.980631,      -11.37,
 139.617477,   34.980631,      -10.82,
 139.621982,   34.980631,      -10.10,
 139.626486,   34.980631,       -9.29,
 139.630991,   34.980631,       -8.43,
 139.635495,   34.980631,       -7.58,
 139.640000,   34.980631,       -6.80,
 139.644505,   34.980631,       -6.34,
 139.649009,   34.980631,       -6.17,
 139.653514,   34.980631,       -6.12,
 139.658018,   34.980631,       -6.03,
 139.662523,   34.980631,       -6.07,
 139.667027,   34.980631,       -6.43,
 139.671532,   34.980631,       -6.50,
 139.676036,   34.980631,       -6.06,
 139.680541,   34.980631,       -5.63,
 139.685045,   34.980631,       -5.34,
 139.689550,   34.980631,       -5.11,
 139.694054,   34.980631,       -4.91,
 139.698559,   34.980631,       -4.82,
 139.703063,   34.980631,       -4.71,
 139.707568,   34.980631,       -4.64,
 139.712072,   34.980631,       -4.54,
 139.716577,   34.980631,       -4.44,
 139.721081,   34.980631,       -4.41,
 139.725586,   34.980631,       -4.41,
 139.730090,   34.980631,       -4.37,
 139.734595,   34.980631,       -4.37,
 139.739099,   34.980631,       -4.57,
 139.743604,   34.980631,       -4.82,
 139.748108,   34.980631,       -5.12,
 139.752613,   34.980631,       -5.28,
 139.757117,   34.980631,       -5.36,
 139.761622,   34.980631,       -5.35,
 139.766126,   34.980631,       -5.33,
 139.770631,   34.980631,       -5.31,
 139.775135,   34.980631,       -5.54,
 139.779640,   34.980631,       -5.82,
 139.784144,   34.980631,       -6.11,
 139.788649,   34.980631,       -6.44,
 139.793153,   34.980631,       -6.75,
 139.797658,   34.980631,       -7.00,
 139.802162,   34.980631,       -7.19,
 139.806667,   34.980631,       -7.32,
 139.811171,   34.980631,       -7.47,
 139.815676,   34.980631,       -7.59,
 139.820180,   34.980631,       -7.67,
 139.824685,   34.980631,       -7.84,
 139.829189,   34.980631,       -8.06,
 139.833694,   34.980631,       -8.33,
 139.838198,   34.980631,       -8.64,
 139.842703,   34.980631,       -9.00,
 139.847207,   34.980631,       -9.40,
 139.851712,   34.980631,       -9.81,
 139.856216,   34.980631,      -10.26,
 139.860721,   34.980631,      -10.68,
 139.865225,   34.980631,      -11.06,
 139.869730,   34.980631,      -11.39,
 139.874234,   34.980631,      -11.69,
 139.878739,   34.980631,      -11.95,
 139.883243,   34.980631,      -12.20,
 139.887748,   34.980631,      -12.44,
 139.892252,   34.980631,      -12.67,
 139.896757,   34.980631,      -12.89,
 139.901261,   34.980631,      -13.11,
 139.905766,   34.980631,      -13.32,
 139.910270,   34.980631,      -13.52,
 139.914775,   34.980631,      -13.72,
 139.919279,   34.980631,      -13.92,
 139.923784,   34.980631,      -14.11,
 139.928288,   34.980631,      -14.29,
 139.932793,   34.980631,      -14.47,
 139.937297,   34.980631,      -14.65,
 139.941802,   34.980631,      -14.83,
 139.946306,   34.980631,      -15.00,
 139.950811,   34.980631,      -15.18,
 139.955315,   34.980631,      -15.37,
 139.959820,   34.980631,      -15.63,
 139.964324,   34.980631,      -16.06,
 139.968829,   34.980631,      -16.47,
 139.973333,   34.980631,      -16.89,
 139.977838,   34.980631,      -17.25,
 139.982342,   34.980631,      -17.45,
 139.986847,   34.980631,      -17.51,
 139.991351,   34.980631,      -17.48,
 139.995856,   34.980631,      -17.32,
 140.000360,   34.980631,      -17.05,
 140.004865,   34.980631,      -16.74,
 140.009369,   34.980631,      -16.34,
 140.013874,   34.980631,      -15.91,
 140.018378,   34.980631,      -15.49,
 140.022883,   34.980631,      -15.10,
 140.027387,   34.980631,      -14.73,
 140.031892,   34.980631,      -14.41,
 140.036396,   34.980631,      -14.16,
 140.040901,   34.980631,      -13.92,
 140.045405,   34.980631,      -13.74,
 140.049910,   34.980631,      -13.60,
 140.054414,   34.980631,      -13.48,
 140.058919,   34.980631,      -13.38,
 140.063423,   34.980631,      -13.29,
 140.067928,   34.980631,      -13.20,
 140.072432,   34.980631,      -13.12,
 140.076937,   34.980631,      -13.04,
 140.081441,   34.980631,      -12.97,
 140.085946,   34.980631,      -12.88,
 140.090450,   34.980631,      -12.79,
 140.094955,   34.980631,      -12.70,
 140.099459,   34.980631,      -12.61,
 140.103964,   34.980631,      -12.54,
 140.108468,   34.980631,      -12.47,
 140.112973,   34.980631,      -12.42,
 140.117477,   34.980631,      -12.36,
 140.121982,   34.980631,      -12.32,
 140.126486,   34.980631,      -12.29,
 140.130991,   34.980631,      -12.26,
 140.135495,   34.980631,      -12.22,
 140.140000,   34.980631,      -12.20,
 140.144505,   34.980631,      -12.18,
 140.149009,   34.980631,      -12.19,
 140.153514,   34.980631,      -12.19,
 140.158018,   34.980631,      -12.19,
 140.162523,   34.980631,      -12.19,
 140.167027,   34.980631,      -12.19,
 140.171532,   34.980631,      -12.17,
 140.176036,   34.980631,      -12.16,
 140.180541,   34.980631,      -12.14,
 140.185045,   34.980631,      -12.12,
 140.189550,   34.980631,      -12.10,
 140.194054,   34.980631,      -12.08,
 140.198559,   34.980631,      -12.05,
 140.203063,   34.980631,      -12.02,
 140.207568,   34.980631,      -11.97,
 140.212072,   34.980631,      -11.91,
 140.216577,   34.980631,      -11.84,
 140.221081,   34.980631,      -11.76,
 140.225586,   34.980631,      -11.67,
 140.230090,   34.980631,      -11.57,
 140.234595,   34.980631,      -11.46,
 140.239099,   34.980631,      -11.35,
 140.243604,   34.980631,      -11.23,
 140.248108,   34.980631,      -11.17,
 140.252613,   34.980631,      -11.13,
 140.257117,   34.980631,      -11.10,
 140.261622,   34.980631,      -11.07,
 140.266126,   34.980631,      -11.05,
 140.270631,   34.980631,      -11.02,
 140.275135,   34.980631,      -10.99,
 140.279640,   34.980631,      -10.96,
 140.284144,   34.980631,      -10.93,
 140.288649,   34.980631,      -10.91,
 140.293153,   34.980631,      -10.88,
 140.297658,   34.980631,      -10.86,
 140.302162,   34.980631,      -10.84,
 140.306667,   34.980631,      -10.81,
 140.311171,   34.980631,      -10.78,
 140.315676,   34.980631,      -10.74,
 140.320180,   34.980631,      -10.70,
 140.324685,   34.980631,      -10.65,
 140.329189,   34.980631,      -10.61,
 140.333694,   34.980631,      -10.55,
 140.338198,   34.980631,      -10.50,
 140.342703,   34.980631,      -10.44,
 140.347207,   34.980631,      -10.38,
 140.351712,   34.980631,      -10.32,
 140.356216,   34.980631,      -10.25,
 140.360721,   34.980631,      -10.18,
 140.365225,   34.980631,      -10.13,
 140.369730,   34.980631,      -10.15,
 140.374234,   34.980631,      -10.23,
 140.378739,   34.980631,      -10.36,
 140.383243,   34.980631,      -10.49,
 140.387748,   34.980631,      -10.63,
 139.140000,   34.985135,      -18.12,
 139.144505,   34.985135,      -18.19,
 139.149009,   34.985135,      -18.19,
 139.153514,   34.985135,      -18.06,
 139.158018,   34.985135,      -17.95,
 139.162523,   34.985135,      -17.86,
 139.167027,   34.985135,      -17.79,
 139.171532,   34.985135,      -17.74,
 139.176036,   34.985135,      -17.71,
 139.180541,   34.985135,      -17.70,
 139.185045,   34.985135,      -17.71,
 139.189550,   34.985135,      -17.74,
 139.194054,   34.985135,      -17.79,
 139.198559,   34.985135,      -17.86,
 139.203063,   34.985135,      -17.94,
 139.207568,   34.985135,      -18.07,
 139.212072,   34.985135,      -18.27,
 139.216577,   34.985135,      -18.43,
 139.221081,   34.985135,      -18.58,
 139.225586,   34.985135,      -18.73,
 139.230090,   34.985135,      -18.87,
 139.234595,   34.985135,      -19.12,
 139.239099,   34.985135,      -19.38,
 139.243604,   34.985135,      -19.64,
 139.248108,   34.985135,      -19.91,
 139.252613,   34.985135,      -20.19,
 139.257117,   34.985135,      -20.45,
 139.261622,   34.985135,      -20.64,
 139.266126,   34.985135,      -20.74,
 139.270631,   34.985135,      -20.71,
 139.275135,   34.985135,      -20.64,
 139.279640,   34.985135,      -20.57,
 139.284144,   34.985135,      -20.49,
 139.288649,   34.985135,      -20.41,
 139.293153,   34.985135,      -20.33,
 139.297658,   34.985135,      -20.22,
 139.302162,   34.985135,      -20.08,
 139.306667,   34.985135,      -19.92,
 139.311171,   34.985135,      -19.75,
 139.315676,   34.985135,      -19.58,
 139.320180,   34.985135,      -19.42,
 139.324685,   34.985135,      -19.25,
 139.329189,   34.985135,      -19.07,
 139.333694,   34.985135,      -18.89,
 139.338198,   34.985135,      -18.70,
 139.342703,   34.985135,      -18.50,
 139.347207,   34.985135,      -18.32,
 139.351712,   34.985135,      -18.17,
 139.356216,   34.985135,      -18.03,
 139.360721,   34.985135,      -17.88,
 139.365225,   34.985135,      -17.73,
 139.369730,   34.985135,      -17.57,
 139.374234,   34.985135,      -17.39,
 139.378739,   34.985135,      -17.19,
 139.383243,   34.985135,      -16.97,
 139.387748,   34.985135,      -16.74,
 139.392252,   34.985135,      -16.50,
 139.396757,   34.985135,      -16.26,
 139.401261,   34.985135,      -16.03,
 139.405766,   34.985135,      -15.82,
 139.410270,   34.985135,      -15.61,
 139.414775,   34.985135,      -15.46,
 139.419279,   34.985135,      -15.33,
 139.423784,   34.985135,      -15.19,
 139.428288,   34.985135,      -15.03,
 139.432793,   34.985135,      -14.85,
 139.437297,   34.985135,      -14.67,
 139.441802,   34.985135,      -14.48,
 139.446306,   34.985135,      -14.33,
 139.450811,   34.985135,      -14.26,
 139.455315,   34.985135,      -14.22,
 139.459820,   34.985135,      -14.19,
 139.464324,   34.985135,      -14.16,
 139.468829,   34.985135,      -14.14,
 139.473333,   34.985135,      -14.12,
 139.477838,   34.985135,      -14.09,
 139.482342,   34.985135,      -14.08,
 139.486847,   34.985135,      -14.03,
 139.491351,   34.985135,      -13.89,
 139.495856,   34.985135,      -13.66,
 139.500360,   34.985135,      -13.44,
 139.504865,   34.985135,      -13.24,
 139.509369,   34.985135,      -13.01,
 139.513874,   34.985135,      -12.78,
 139.518378,   34.985135,      -12.74,
 139.522883,   34.985135,      -12.64,
 139.527387,   34.985135,      -12.50,
 139.531892,   34.985135,      -12.33,
 139.536396,   34.985135,      -12.17,
 139.540901,   34.985135,      -12.11,
 139.545405,   34.985135,      -12.09,
 139.549910,   34.985135,      -12.04,
 139.554414,   34.985135,      -12.04,
 139.558919,   34.985135,      -12.53,
 139.563423,   34.985135,      -13.00,
 139.567928,   34.985135,      -13.30,
 139.572432,   34.985135,      -13.41,
 139.576937,   34.985135,      -13.09,
 139.581441,   34.985135,      -12.48,
 139.585946,   34.985135,      -11.88,
 139.590450,   34.985135,      -11.57,
 139.594955,   34.985135,      -11.43,
 139.599459,   34.985135,      -11.30,
 139.603964,   34.985135,      -11.05,
 139.608468,   34.985135,      -10.79,
 139.612973,   34.985135,      -10.49,
 139.617477,   34.985135,      -10.06,
 139.621982,   34.985135,       -9.39,
 139.626486,   34.985135,       -8.55,
 139.630991,   34.985135,       -7.67,
 139.635495,   34.985135,       -6.74,
 139.640000,   34.985135,       -6.03,
 139.644505,   34.985135,       -5.71,
 139.649009,   34.985135,       -5.36,
 139.653514,   34.985135,       -5.20,
 139.658018,   34.985135,       -5.21,
 139.662523,   34.985135,       -5.30,
 139.667027,   34.985135,       -5.55,
 139.671532,   34.985135,       -5.77,
 139.676036,   34.985135,       -5.48,
 139.680541,   34.985135,       -5.12,
 139.685045,   34.985135,       -4.82,
 139.689550,   34.985135,       -4.70,
 139.694054,   34.985135,       -4.65,
 139.698559,   34.985135,       -4.62,
 139.703063,   34.985135,       -4.59,
 139.707568,   34.985135,       -4.56,
 139.712072,   34.985135,       -4.50,
 139.716577,   34.985135,       -4.39,
 139.721081,   34.985135,       -4.29,
 139.725586,   34.985135,       -4.21,
 139.730090,   34.985135,       -4.13,
 139.734595,   34.985135,       -4.04,
 139.739099,   34.985135,       -4.24,
 139.743604,   34.985135,       -4.47,
 139.748108,   34.985135,       -4.66,
 139.752613,   34.985135,       -4.74,
 139.757117,   34.985135,       -4.79,
 139.761622,   34.985135,       -4.85,
 139.766126,   34.985135,       -4.96,
 139.770631,   34.985135,       -5.10,
 139.775135,   34.985135,       -5.30,
 139.779640,   34.985135,       -5.55,
 139.784144,   34.985135,       -5.84,
 139.788649,   34.985135,       -6.17,
 139.793153,   34.985135,       -6.39,
 139.797658,   34.985135,       -6.59,
 139.802162,   34.985135,       -6.78,
 139.806667,   34.985135,       -7.03,
 139.811171,   34.985135,       -7.26,
 139.815676,   34.985135,       -7.50,
 139.820180,   34.985135,       -7.70,
 139.824685,   34.985135,       -7.87,
 139.829189,   34.985135,       -8.09,
 139.833694,   34.985135,       -8.36,
 139.838198,   34.985135,       -8.68,
 139.842703,   34.985135,       -9.04,
 139.847207,   34.985135,       -9.44,
 139.851712,   34.985135,       -9.87,
 139.856216,   34.985135,      -10.37,
 139.860721,   34.985135,      -10.81,
 139.865225,   34.985135,      -11.19,
 139.869730,   34.985135,      -11.50,
 139.874234,   34.985135,      -11.77,
 139.878739,   34.985135,      -12.02,
 139.883243,   34.985135,      -12.26,
 139.887748,   34.985135,      -12.49,
 139.892252,   34.985135,      -12.71,
 139.896757,   34.985135,      -12.93,
 139.901261,   34.985135,      -13.15,
 139.905766,   34.985135,      -13.36,
 139.910270,   34.985135,      -13.56,
 139.914775,   34.985135,      -13.76,
 139.919279,   34.985135,      -13.96,
 139.923784,   34.985135,      -14.15,
 139.928288,   34.985135,      -14.34,
 139.932793,   34.985135,      -14.52,
 139.937297,   34.985135,      -14.71,
 139.941802,   34.985135,      -14.89,
 139.946306,   34.985135,      -15.08,
 139.950811,   34.985135,      -15.26,
 139.955315,   34.985135,      -15.47,
 139.959820,   34.985135,      -15.74,
 139.964324,   34.985135,      -16.07,
 139.968829,   34.985135,      -16.44,
 139.973333,   34.985135,      -16.83,
 139.977838,   34.985135,      -17.20,
 139.982342,   34.985135,      -17.52,
 139.986847,   34.985135,      -17.59,
 139.991351,   34.985135,      -17.57,
 139.995856,   34.985135,      -17.53,
 140.000360,   34.985135,      -17.27,
 140.004865,   34.985135,      -16.97,
 140.009369,   34.985135,      -16.64,
 140.013874,   34.985135,      -16.22,
 140.018378,   34.985135,      -15.79,
 140.022883,   34.985135,      -15.39,
 140.027387,   34.985135,      -15.03,
 140.031892,   34.985135,      -14.66,
 140.036396,   34.985135,      -14.39,
 140.040901,   34.985135,      -14.15,
 140.045405,   34.985135,      -13.91,
 140.049910,   34.985135,      -13.78,
 140.054414,   34.985135,      -13.64,
 140.058919,   34.985135,      -13.51,
 140.063423,   34.985135,      -13.42,
 140.067928,   34.985135,      -13.33,
 140.072432,   34.985135,      -13.22,
 140.076937,   34.985135,      -13.13,
 140.081441,   34.985135,      -13.05,
 140.085946,   34.985135,      -12.95,
 140.090450,   34.985135,      -12.85,
 140.094955,   34.985135,      -12.76,
 140.099459,   34.985135,      -12.67,
 140.103964,   34.985135,      -12.58,
 140.108468,   34.985135,      -12.51,
 140.112973,   34.985135,      -12.45,
 140.117477,   34.985135,      -12.39,
 140.121982,   34.985135,      -12.33,
 140.126486,   34.985135,      -12.29,
 140.130991,   34.985135,      -12.25,
 140.135495,   34.985135,      -12.22,
 140.140000,   34.985135,      -12.18,
 140.144505,   34.985135,      -12.14,
 140.149009,   34.985135,      -12.13,
 140.153514,   34.985135,      -12.13,
 140.158018,   34.985135,      -12.13,
 140.162523,   34.985135,      -12.12,
 140.167027,   34.985135,      -12.11,
 140.171532,   34.985135,      -12.10,
 140.176036,   34.985135,      -12.08,
 140.180541,   34.985135,      -12.06,
 140.185045,   34.985135,      -12.05,
 140.189550,   34.985135,      -12.03,
 140.194054,   34.985135,      -12.01,
 140.198559,   34.985135,      -11.99,
 140.203063,   34.985135,      -11.95,
 140.207568,   34.985135,      -11.90,
 140.212072,   34.985135,      -11.84,
 140.216577,   34.985135,      -11.78,
 140.221081,   34.985135,      -11.70,
 140.225586,   34.985135,      -11.61,
 140.230090,   34.985135,      -11.52,
 140.234595,   34.985135,      -11.42,
 140.239099,   34.985135,      -11.32,
 140.243604,   34.985135,      -11.23,
 140.248108,   34.985135,      -11.17,
 140.252613,   34.985135,      -11.12,
 140.257117,   34.985135,      -11.09,
 140.261622,   34.985135,      -11.05,
 140.266126,   34.985135,      -11.02,
 140.270631,   34.985135,      -10.99,
 140.275135,   34.985135,      -10.96,
 140.279640,   34.985135,      -10.94,
 140.284144,   34.985135,      -10.91,
 140.288649,   34.985135,      -10.88,
 140.293153,   34.985135,      -10.85,
 140.297658,   34.985135,      -10.83,
 140.302162,   34.985135,      -10.82,
 140.306667,   34.985135,      -10.79,
 140.311171,   34.985135,      -10.76,
 140.315676,   34.985135,      -10.72,
 140.320180,   34.985135,      -10.68,
 140.324685,   34.985135,      -10.63,
 140.329189,   34.985135,      -10.58,
 140.333694,   34.985135,      -10.53,
 140.338198,   34.985135,      -10.48,
 140.342703,   34.985135,      -10.42,
 140.347207,   34.985135,      -10.36,
 140.351712,   34.985135,      -10.29,
 140.356216,   34.985135,      -10.22,
 140.360721,   34.985135,      -10.21,
 140.365225,   34.985135,      -10.24,
 140.369730,   34.985135,      -10.36,
 140.374234,   34.985135,      -10.48,
 140.378739,   34.985135,      -10.61,
 140.383243,   34.985135,      -10.74,
 140.387748,   34.985135,      -10.88,
 139.140000,   34.989640,      -17.68,
 139.144505,   34.989640,      -18.00,
 139.149009,   34.989640,      -18.08,
 139.153514,   34.989640,      -18.15,
 139.158018,   34.989640,      -18.06,
 139.162523,   34.989640,      -17.96,
 139.167027,   34.989640,      -17.88,
 139.171532,   34.989640,      -17.82,
 139.176036,   34.989640,      -17.78,
 139.180541,   34.989640,      -17.77,
 139.185045,   34.989640,      -17.77,
 139.189550,   34.989640,      -17.79,
 139.194054,   34.989640,      -17.83,
 139.198559,   34.989640,      -17.89,
 139.203063,   34.989640,      -17.97,
 139.207568,   34.989640,      -18.07,
 139.212072,   34.989640,      -18.19,
 139.216577,   34.989640,      -18.37,
 139.221081,   34.989640,      -18.53,
 139.225586,   34.989640,      -18.67,
 139.230090,   34.989640,      -18.90,
 139.234595,   34.989640,      -19.14,
 139.239099,   34.989640,      -19.39,
 139.243604,   34.989640,      -19.65,
 139.248108,   34.989640,      -19.92,
 139.252613,   34.989640,      -20.21,
 139.257117,   34.989640,      -20.50,
 139.261622,   34.989640,      -20.75,
 139.266126,   34.989640,      -20.85,
 139.270631,   34.989640,      -20.77,
 139.275135,   34.989640,      -20.69,
 139.279640,   34.989640,      -20.60,
 139.284144,   34.989640,      -20.52,
 139.288649,   34.989640,      -20.43,
 139.293153,   34.989640,      -20.33,
 139.297658,   34.989640,      -20.22,
 139.302162,   34.989640,      -20.08,
 139.306667,   34.989640,      -19.94,
 139.311171,   34.989640,      -19.79,
 139.315676,   34.989640,      -19.64,
 139.320180,   34.989640,      -19.48,
 139.324685,   34.989640,      -19.32,
 139.329189,   34.989640,      -19.16,
 139.333694,   34.989640,      -18.98,
 139.338198,   34.989640,      -18.79,
 139.342703,   34.989640,      -18.60,
 139.347207,   34.989640,      -18.39,
 139.351712,   34.989640,      -18.17,
 139.356216,   34.989640,      -18.03,
 139.360721,   34.989640,      -17.91,
 139.365225,   34.989640,      -17.76,
 139.369730,   34.989640,      -17.59,
 139.374234,   34.989640,      -17.41,
 139.378739,   34.989640,      -17.20,
 139.383243,   34.989640,      -16.99,
 139.387748,   34.989640,      -16.75,
 139.392252,   34.989640,      -16.52,
 139.396757,   34.989640,      -16.29,
 139.401261,   34.989640,      -16.09,
 139.405766,   34.989640,      -15.88,
 139.410270,   34.989640,      -15.65,
 139.414775,   34.989640,      -15.44,
 139.419279,   34.989640,      -15.25,
 139.423784,   34.989640,      -15.07,
 139.428288,   34.989640,      -14.88,
 139.432793,   34.989640,      -14.67,
 139.437297,   34.989640,      -14.44,
 139.441802,   34.989640,      -14.19,
 139.446306,   34.989640,      -13.94,
 139.450811,   34.989640,      -13.82,
 139.455315,   34.989640,      -13.80,
 139.459820,   34.989640,      -13.80,
 139.464324,   34.989640,      -13.80,
 139.468829,   34.989640,      -13.79,
 139.473333,   34.989640,      -13.78,
 139.477838,   34.989640,      -13.77,
 139.482342,   34.989640,      -13.75,
 139.486847,   34.989640,      -13.71,
 139.491351,   34.989640,      -13.56,
 139.495856,   34.989640,      -13.32,
 139.500360,   34.989640,      -13.08,
 139.504865,   34.989640,      -12.84,
 139.509369,   34.989640,      -12.60,
 139.513874,   34.989640,      -12.34,
 139.518378,   34.989640,      -12.12,
 139.522883,   34.989640,      -11.95,
 139.527387,   34.989640,      -11.77,
 139.531892,   34.989640,      -11.61,
 139.536396,   34.989640,      -11.49,
 139.540901,   34.989640,      -11.37,
 139.545405,   34.989640,      -11.28,
 139.549910,   34.989640,      -11.17,
 139.554414,   34.989640,      -11.00,
 139.558919,   34.989640,      -11.04,
 139.563423,   34.989640,      -11.45,
 139.567928,   34.989640,      -11.76,
 139.572432,   34.989640,      -11.99,
 139.576937,   34.989640,      -11.89,
 139.581441,   34.989640,      -11.37,
 139.585946,   34.989640,      -10.84,
 139.590450,   34.989640,      -10.53,
 139.594955,   34.989640,      -10.43,
 139.599459,   34.989640,      -10.34,
 139.603964,   34.989640,      -10.14,
 139.608468,   34.989640,       -9.87,
 139.612973,   34.989640,       -9.59,
 139.617477,   34.989640,       -9.29,
 139.621982,   34.989640,       -8.73,
 139.626486,   34.989640,       -7.97,
 139.630991,   34.989640,       -7.15,
 139.635495,   34.989640,       -6.23,
 139.640000,   34.989640,       -5.60,
 139.644505,   34.989640,       -5.26,
 139.649009,   34.989640,       -4.95,
 139.653514,   34.989640,       -4.76,
 139.658018,   34.989640,       -4.66,
 139.662523,   34.989640,       -4.58,
 139.667027,   34.989640,       -4.81,
 139.671532,   34.989640,       -4.95,
 139.676036,   34.989640,       -4.84,
 139.680541,   34.989640,       -4.59,
 139.685045,   34.989640,       -4.50,
 139.689550,   34.989640,       -4.46,
 139.694054,   34.989640,       -4.42,
 139.698559,   34.989640,       -4.43,
 139.703063,   34.989640,       -4.44,
 139.707568,   34.989640,       -4.42,
 139.712072,   34.989640,       -4.39,
 139.716577,   34.989640,       -4.32,
 139.721081,   34.989640,       -4.20,
 139.725586,   34.989640,       -4.04,
 139.730090,   34.989640,       -3.94,
 139.734595,   34.989640,       -3.87,
 139.739099,   34.989640,       -3.95,
 139.743604,   34.989640,       -4.11,
 139.748108,   34.989640,       -4.25,
 139.752613,   34.989640,       -4.39,
 139.757117,   34.989640,       -4.51,
 139.761622,   34.989640,       -4.62,
 139.766126,   34.989640,       -4.73,
 139.770631,   34.989640,       -4.87,
 139.775135,   34.989640,       -5.06,
 139.779640,   34.989640,       -5.27,
 139.784144,   34.989640,       -5.54,
 139.788649,   34.989640,       -5.79,
 139.793153,   34.989640,       -6.02,
 139.797658,   34.989640,       -6.22,
 139.802162,   34.989640,       -6.50,
 139.806667,   34.989640,       -6.80,
 139.811171,   34.989640,       -7.06,
 139.815676,   34.989640,       -7.30,
 139.820180,   34.989640,       -7.54,
 139.824685,   34.989640,       -7.76,
 139.829189,   34.989640,       -8.01,
 139.833694,   34.989640,       -8.30,
 139.838198,   34.989640,       -8.63,
 139.842703,   34.989640,       -9.03,
 139.847207,   34.989640,       -9.46,
 139.851712,   34.989640,       -9.92,
 139.856216,   34.989640,      -10.49,
 139.860721,   34.989640,      -10.97,
 139.865225,   34.989640,      -11.34,
 139.869730,   34.989640,      -11.60,
 139.874234,   34.989640,      -11.85,
 139.878739,   34.989640,      -12.09,
 139.883243,   34.989640,      -12.32,
 139.887748,   34.989640,      -12.55,
 139.892252,   34.989640,      -12.77,
 139.896757,   34.989640,      -12.99,
 139.901261,   34.989640,      -13.20,
 139.905766,   34.989640,      -13.40,
 139.910270,   34.989640,      -13.61,
 139.914775,   34.989640,      -13.81,
 139.919279,   34.989640,      -14.01,
 139.923784,   34.989640,      -14.20,
 139.928288,   34.989640,      -14.39,
 139.932793,   34.989640,      -14.58,
 139.937297,   34.989640,      -14.77,
 139.941802,   34.989640,      -14.96,
 139.946306,   34.989640,      -15.15,
 139.950811,   34.989640,      -15.35,
 139.955315,   34.989640,      -15.57,
 139.959820,   34.989640,      -15.82,
 139.964324,   34.989640,      -16.10,
 139.968829,   34.989640,      -16.35,
 139.973333,   34.989640,      -16.77,
 139.977838,   34.989640,      -17.18,
 139.982342,   34.989640,      -17.50,
 139.986847,   34.989640,      -17.64,
 139.991351,   34.989640,      -17.67,
 139.995856,   34.989640,      -17.63,
 140.000360,   34.989640,      -17.50,
 140.004865,   34.989640,      -17.23,
 140.009369,   34.989640,      -16.91,
 140.013874,   34.989640,      -16.54,
 140.018378,   34.989640,      -16.12,
 140.022883,   34.989640,      -15.71,
 140.027387,   34.989640,      -15.33,
 140.031892,   34.989640,      -14.98,
 140.036396,   34.989640,      -14.66,
 140.040901,   34.989640,      -14.41,
 140.045405,   34.989640,      -14.17,
 140.049910,   34.989640,      -13.98,
 140.054414,   34.989640,      -13.84,
 140.058919,   34.989640,      -13.69,
 140.063423,   34.989640,      -13.56,
 140.067928,   34.989640,      -13.46,
 140.072432,   34.989640,      -13.34,
 140.076937,   34.989640,      -13.23,
 140.081441,   34.989640,      -13.13,
 140.085946,   34.989640,      -13.03,
 140.090450,   34.989640,      -12.93,
 140.094955,   34.989640,      -12.83,
 140.099459,   34.989640,      -12.73,
 140.103964,   34.989640,      -12.64,
 140.108468,   34.989640,      -12.56,
 140.112973,   34.989640,      -12.49,
 140.117477,   34.989640,      -12.42,
 140.121982,   34.989640,      -12.35,
 140.126486,   34.989640,      -12.29,
 140.130991,   34.989640,      -12.25,
 140.135495,   34.989640,      -12.21,
 140.140000,   34.989640,      -12.17,
 140.144505,   34.989640,      -12.12,
 140.149009,   34.989640,      -12.10,
 140.153514,   34.989640,      -12.09,
 140.158018,   34.989640,      -12.07,
 140.162523,   34.989640,      -12.06,
 140.167027,   34.989640,      -12.04,
 140.171532,   34.989640,      -12.03,
 140.176036,   34.989640,      -12.01,
 140.180541,   34.989640,      -12.00,
 140.185045,   34.989640,      -11.98,
 140.189550,   34.989640,      -11.97,
 140.194054,   34.989640,      -11.95,
 140.198559,   34.989640,      -11.93,
 140.203063,   34.989640,      -11.90,
 140.207568,   34.989640,      -11.85,
 140.212072,   34.989640,      -11.79,
 140.216577,   34.989640,      -11.73,
 140.221081,   34.989640,      -11.65,
 140.225586,   34.989640,      -11.57,
 140.230090,   34.989640,      -11.48,
 140.234595,   34.989640,      -11.39,
 140.239099,   34.989640,      -11.30,
 140.243604,   34.989640,      -11.23,
 140.248108,   34.989640,      -11.17,
 140.252613,   34.989640,      -11.12,
 140.257117,   34.989640,      -11.07,
 140.261622,   34.989640,      -11.03,
 140.266126,   34.989640,      -11.00,
 140.270631,   34.989640,      -10.97,
 140.275135,   34.989640,      -10.94,
 140.279640,   34.989640,      -10.91,
 140.284144,   34.989640,      -10.88,
 140.288649,   34.989640,      -10.85,
 140.293153,   34.989640,      -10.82,
 140.297658,   34.989640,      -10.80,
 140.302162,   34.989640,      -10.79,
 140.306667,   34.989640,      -10.77,
 140.311171,   34.989640,      -10.74,
 140.315676,   34.989640,      -10.70,
 140.320180,   34.989640,      -10.66,
 140.324685,   34.989640,      -10.61,
 140.329189,   34.989640,      -10.56,
 140.333694,   34.989640,      -10.51,
 140.338198,   34.989640,      -10.45,
 140.342703,   34.989640,      -10.40,
 140.347207,   34.989640,      -10.33,
 140.351712,   34.989640,      -10.27,
 140.356216,   34.989640,      -10.28,
 140.360721,   34.989640,      -10.36,
 140.365225,   34.989640,      -10.47,
 140.369730,   34.989640,      -10.59,
 140.374234,   34.989640,      -10.72,
 140.378739,   34.989640,      -10.85,
 140.383243,   34.989640,      -10.99,
 140.387748,   34.989640,      -11.13,
 139.140000,   34.994144,      -17.05,
 139.144505,   34.994144,      -17.39,
 139.149009,   34.994144,      -17.72,
 139.153514,   34.994144,      -17.96,
 139.158018,   34.994144,      -18.03,
 139.162523,   34.994144,      -18.04,
 139.167027,   34.994144,      -17.95,
 139.171532,   34.994144,      -17.89,
 139.176036,   34.994144,      -17.84,
 139.180541,   34.994144,      -17.81,
 139.185045,   34.994144,      -17.81,
 139.189550,   34.994144,      -17.82,
 139.194054,   34.994144,      -17.85,
 139.198559,   34.994144,      -17.91,
 139.203063,   34.994144,      -17.98,
 139.207568,   34.994144,      -18.07,
 139.212072,   34.994144,      -18.19,
 139.216577,   34.994144,      -18.32,
 139.221081,   34.994144,      -18.48,
 139.225586,   34.994144,      -18.67,
 139.230090,   34.994144,      -18.89,
 139.234595,   34.994144,      -19.12,
 139.239099,   34.994144,      -19.37,
 139.243604,   34.994144,      -19.63,
 139.248108,   34.994144,      -19.90,
 139.252613,   34.994144,      -20.19,
 139.257117,   34.994144,      -20.50,
 139.261622,   34.994144,      -20.82,
 139.266126,   34.994144,      -20.90,
 139.270631,   34.994144,      -20.79,
 139.275135,   34.994144,      -20.69,
 139.279640,   34.994144,      -20.60,
 139.284144,   34.994144,      -20.51,
 139.288649,   34.994144,      -20.43,
 139.293153,   34.994144,      -20.34,
 139.297658,   34.994144,      -20.23,
 139.302162,   34.994144,      -20.09,
 139.306667,   34.994144,      -19.97,
 139.311171,   34.994144,      -19.84,
 139.315676,   34.994144,      -19.70,
 139.320180,   34.994144,      -19.56,
 139.324685,   34.994144,      -19.42,
 139.329189,   34.994144,      -19.26,
 139.333694,   34.994144,      -19.09,
 139.338198,   34.994144,      -18.91,
 139.342703,   34.994144,      -18.73,
 139.347207,   34.994144,      -18.54,
 139.351712,   34.994144,      -18.38,
 139.356216,   34.994144,      -18.20,
 139.360721,   34.994144,      -18.03,
 139.365225,   34.994144,      -17.87,
 139.369730,   34.994144,      -17.69,
 139.374234,   34.994144,      -17.49,
 139.378739,   34.994144,      -17.28,
 139.383243,   34.994144,      -17.06,
 139.387748,   34.994144,      -16.83,
 139.392252,   34.994144,      -16.59,
 139.396757,   34.994144,      -16.37,
 139.401261,   34.994144,      -16.16,
 139.405766,   34.994144,      -15.95,
 139.410270,   34.994144,      -15.72,
 139.414775,   34.994144,      -15.47,
 139.419279,   34.994144,      -15.24,
 139.423784,   34.994144,      -15.02,
 139.428288,   34.994144,      -14.80,
 139.432793,   34.994144,      -14.57,
 139.437297,   34.994144,      -14.32,
 139.441802,   34.994144,      -14.05,
 139.446306,   34.994144,      -13.75,
 139.450811,   34.994144,      -13.50,
 139.455315,   34.994144,      -13.49,
 139.459820,   34.994144,      -13.49,
 139.464324,   34.994144,      -13.49,
 139.468829,   34.994144,      -13.49,
 139.473333,   34.994144,      -13.48,
 139.477838,   34.994144,      -13.47,
 139.482342,   34.994144,      -13.45,
 139.486847,   34.994144,      -13.41,
 139.491351,   34.994144,      -13.24,
 139.495856,   34.994144,      -13.00,
 139.500360,   34.994144,      -12.77,
 139.504865,   34.994144,      -12.53,
 139.509369,   34.994144,      -12.29,
 139.513874,   34.994144,      -12.01,
 139.518378,   34.994144,      -11.73,
 139.522883,   34.994144,      -11.47,
 139.527387,   34.994144,      -11.22,
 139.531892,   34.994144,      -10.97,
 139.536396,   34.994144,      -10.80,
 139.540901,   34.994144,      -10.70,
 139.545405,   34.994144,      -10.63,
 139.549910,   34.994144,      -10.56,
 139.554414,   34.994144,      -10.48,
 139.558919,   34.994144,      -10.44,
 139.563423,   34.994144,      -10.50,
 139.567928,   34.994144,      -10.61,
 139.572432,   34.994144,      -10.77,
 139.576937,   34.994144,      -10.59,
 139.581441,   34.994144,      -10.20,
 139.585946,   34.994144,       -9.75,
 139.590450,   34.994144,       -9.54,
 139.594955,   34.994144,       -9.48,
 139.599459,   34.994144,       -9.41,
 139.603964,   34.994144,       -9.25,
 139.608468,   34.994144,       -9.02,
 139.612973,   34.994144,       -8.81,
 139.617477,   34.994144,       -8.61,
 139.621982,   34.994144,       -8.24,
 139.626486,   34.994144,       -7.53,
 139.630991,   34.994144,       -6.80,
 139.635495,   34.994144,       -6.05,
 139.640000,   34.994144,       -5.47,
 139.644505,   34.994144,       -5.02,
 139.649009,   34.994144,       -4.57,
 139.653514,   34.994144,       -4.44,
 139.658018,   34.994144,       -4.38,
 139.662523,   34.994144,       -4.33,
 139.667027,   34.994144,       -4.35,
 139.671532,   34.994144,       -4.33,
 139.676036,   34.994144,       -4.26,
 139.680541,   34.994144,       -4.28,
 139.685045,   34.994144,       -4.29,
 139.689550,   34.994144,       -4.27,
 139.694054,   34.994144,       -4.27,
 139.698559,   34.994144,       -4.29,
 139.703063,   34.994144,       -4.31,
 139.707568,   34.994144,       -4.33,
 139.712072,   34.994144,       -4.29,
 139.716577,   34.994144,       -4.23,
 139.721081,   34.994144,       -4.11,
 139.725586,   34.994144,       -3.98,
 139.730090,   34.994144,       -3.86,
 139.734595,   34.994144,       -3.76,
 139.739099,   34.994144,       -3.77,
 139.743604,   34.994144,       -3.97,
 139.748108,   34.994144,       -4.09,
 139.752613,   34.994144,       -4.17,
 139.757117,   34.994144,       -4.28,
 139.761622,   34.994144,       -4.41,
 139.766126,   34.994144,       -4.52,
 139.770631,   34.994144,       -4.66,
 139.775135,   34.994144,       -4.85,
 139.779640,   34.994144,       -5.03,
 139.784144,   34.994144,       -5.21,
 139.788649,   34.994144,       -5.44,
 139.793153,   34.994144,       -5.67,
 139.797658,   34.994144,       -5.90,
 139.802162,   34.994144,       -6.19,
 139.806667,   34.994144,       -6.51,
 139.811171,   34.994144,       -6.87,
 139.815676,   34.994144,       -7.13,
 139.820180,   34.994144,       -7.37,
 139.824685,   34.994144,       -7.64,
 139.829189,   34.994144,       -7.89,
 139.833694,   34.994144,       -8.03,
 139.838198,   34.994144,       -8.30,
 139.842703,   34.994144,       -8.82,
 139.847207,   34.994144,       -9.40,
 139.851712,   34.994144,      -10.07,
 139.856216,   34.994144,      -10.72,
 139.860721,   34.994144,      -11.19,
 139.865225,   34.994144,      -11.47,
 139.869730,   34.994144,      -11.70,
 139.874234,   34.994144,      -11.93,
 139.878739,   34.994144,      -12.17,
 139.883243,   34.994144,      -12.39,
 139.887748,   34.994144,      -12.61,
 139.892252,   34.994144,      -12.83,
 139.896757,   34.994144,      -13.05,
 139.901261,   34.994144,      -13.26,
 139.905766,   34.994144,      -13.48,
 139.910270,   34.994144,      -13.69,
 139.914775,   34.994144,      -13.89,
 139.919279,   34.994144,      -14.09,
 139.923784,   34.994144,      -14.29,
 139.928288,   34.994144,      -14.48,
 139.932793,   34.994144,      -14.67,
 139.937297,   34.994144,      -14.85,
 139.941802,   34.994144,      -15.04,
 139.946306,   34.994144,      -15.23,
 139.950811,   34.994144,      -15.43,
 139.955315,   34.994144,      -15.66,
 139.959820,   34.994144,      -15.89,
 139.964324,   34.994144,      -16.14,
 139.968829,   34.994144,      -16.34,
 139.973333,   34.994144,      -16.67,
 139.977838,   34.994144,      -17.13,
 139.982342,   34.994144,      -17.48,
 139.986847,   34.994144,      -17.64,
 139.991351,   34.994144,      -17.77,
 139.995856,   34.994144,      -17.74,
 140.000360,   34.994144,      -17.68,
 140.004865,   34.994144,      -17.49,
 140.009369,   34.994144,      -17.18,
 140.013874,   34.994144,      -16.85,
 140.018378,   34.994144,      -16.46,
 140.022883,   34.994144,      -16.05,
 140.027387,   34.994144,      -15.65,
 140.031892,   34.994144,      -15.31,
 140.036396,   34.994144,      -14.97,
 140.040901,   34.994144,      -14.68,
 140.045405,   34.994144,      -14.45,
 140.049910,   34.994144,      -14.22,
 140.054414,   34.994144,      -14.05,
 140.058919,   34.994144,      -13.90,
 140.063423,   34.994144,      -13.75,
 140.067928,   34.994144,      -13.61,
 140.072432,   34.994144,      -13.50,
 140.076937,   34.994144,      -13.38,
 140.081441,   34.994144,      -13.25,
 140.085946,   34.994144,      -13.13,
 140.090450,   34.994144,      -13.03,
 140.094955,   34.994144,      -12.91,
 140.099459,   34.994144,      -12.79,
 140.103964,   34.994144,      -12.71,
 140.108468,   34.994144,      -12.61,
 140.112973,   34.994144,      -12.53,
 140.117477,   34.994144,      -12.46,
 140.121982,   34.994144,      -12.38,
 140.126486,   34.994144,      -12.30,
 140.130991,   34.994144,      -12.25,
 140.135495,   34.994144,      -12.20,
 140.140000,   34.994144,      -12.15,
 140.144505,   34.994144,      -12.11,
 140.149009,   34.994144,      -12.07,
 140.153514,   34.994144,      -12.05,
 140.158018,   34.994144,      -12.03,
 140.162523,   34.994144,      -12.01,
 140.167027,   34.994144,      -11.98,
 140.171532,   34.994144,      -11.96,
 140.176036,   34.994144,      -11.95,
 140.180541,   34.994144,      -11.94,
 140.185045,   34.994144,      -11.92,
 140.189550,   34.994144,      -11.91,
 140.194054,   34.994144,      -11.89,
 140.198559,   34.994144,      -11.87,
 140.203063,   34.994144,      -11.84,
 140.207568,   34.994144,      -11.80,
 140.212072,   34.994144,      -11.75,
 140.216577,   34.994144,      -11.69,
 140.221081,   34.994144,      -11.62,
 140.225586,   34.994144,      -11.54,
 140.230090,   34.994144,      -11.46,
 140.234595,   34.994144,      -11.38,
 140.239099,   34.994144,      -11.31,
 140.243604,   34.994144,      -11.24,
 140.248108,   34.994144,      -11.18,
 140.252613,   34.994144,      -11.12,
 140.257117,   34.994144,      -11.07,
 140.261622,   34.994144,      -11.02,
 140.266126,   34.994144,      -10.98,
 140.270631,   34.994144,      -10.94,
 140.275135,   34.994144,      -10.91,
 140.279640,   34.994144,      -10.88,
 140.284144,   34.994144,      -10.85,
 140.288649,   34.994144,      -10.82,
 140.293153,   34.994144,      -10.79,
 140.297658,   34.994144,      -10.77,
 140.302162,   34.994144,      -10.76,
 140.306667,   34.994144,      -10.74,
 140.311171,   34.994144,      -10.73,
 140.315676,   34.994144,      -10.69,
 140.320180,   34.994144,      -10.64,
 140.324685,   34.994144,      -10.60,
 140.329189,   34.994144,      -10.55,
 140.333694,   34.994144,      -10.49,
 140.338198,   34.994144,      -10.44,
 140.342703,   34.994144,      -10.38,
 140.347207,   34.994144,      -10.33,
 140.351712,   34.994144,      -10.38,
 140.356216,   34.994144,      -10.48,
 140.360721,   34.994144,      -10.59,
 140.365225,   34.994144,      -10.70,
 140.369730,   34.994144,      -10.82,
 140.374234,   34.994144,      -10.95,
 140.378739,   34.994144,      -11.08,
 140.383243,   34.994144,      -11.23,
 140.387748,   34.994144,      -11.38,
 139.140000,   34.998649,      -16.44,
 139.144505,   34.998649,      -16.80,
 139.149009,   34.998649,      -17.14,
 139.153514,   34.998649,      -17.45,
 139.158018,   34.998649,      -17.74,
 139.162523,   34.998649,      -17.92,
 139.167027,   34.998649,      -17.99,
 139.171532,   34.998649,      -17.93,
 139.176036,   34.998649,      -17.87,
 139.180541,   34.998649,      -17.84,
 139.185045,   34.998649,      -17.82,
 139.189550,   34.998649,      -17.83,
 139.194054,   34.998649,      -17.86,
 139.198559,   34.998649,      -17.90,
 139.203063,   34.998649,      -17.97,
 139.207568,   34.998649,      -18.05,
 139.212072,   34.998649,      -18.16,
 139.216577,   34.998649,      -18.28,
 139.221081,   34.998649,      -18.41,
 139.225586,   34.998649,      -18.58,
 139.230090,   34.998649,      -18.81,
 139.234595,   34.998649,      -19.05,
 139.239099,   34.998649,      -19.30,
 139.243604,   34.998649,      -19.56,
 139.248108,   34.998649,      -19.83,
 139.252613,   34.998649,      -20.12,
 139.257117,   34.998649,      -20.41,
 139.261622,   34.998649,      -20.67,
 139.266126,   34.998649,      -20.77,
 139.270631,   34.998649,      -20.71,
 139.275135,   34.998649,      -20.63,
 139.279640,   34.998649,      -20.55,
 139.284144,   34.998649,      -20.47,
 139.288649,   34.998649,      -20.40,
 139.293153,   34.998649,      -20.33,
 139.297658,   34.998649,      -20.24,
 139.302162,   34.998649,      -20.11,
 139.306667,   34.998649,      -20.01,
 139.311171,   34.998649,      -19.90,
 139.315676,   34.998649,      -19.78,
 139.320180,   34.998649,      -19.66,
 139.324685,   34.998649,      -19.53,
 139.329189,   34.998649,      -19.38,
 139.333694,   34.998649,      -19.23,
 139.338198,   34.998649,      -19.07,
 139.342703,   34.998649,      -18.91,
 139.347207,   34.998649,      -18.76,
 139.351712,   34.998649,      -18.62,
 139.356216,   34.998649,      -18.45,
 139.360721,   34.998649,      -18.26,
 139.365225,   34.998649,      -18.06,
 139.369730,   34.998649,      -17.86,
 139.374234,   34.998649,      -17.65,
 139.378739,   34.998649,      -17.43,
 139.383243,   34.998649,      -17.20,
 139.387748,   34.998649,      -16.96,
 139.392252,   34.998649,      -16.72,
 139.396757,   34.998649,      -16.47,
 139.401261,   34.998649,      -16.24,
 139.405766,   34.998649,      -16.02,
 139.410270,   34.998649,      -15.79,
 139.414775,   34.998649,      -15.54,
 139.419279,   34.998649,      -15.29,
 139.423784,   34.998649,      -15.04,
 139.428288,   34.998649,      -14.80,
 139.432793,   34.998649,      -14.55,
 139.437297,   34.998649,      -14.30,
 139.441802,   34.998649,      -14.05,
 139.446306,   34.998649,      -13.80,
 139.450811,   34.998649,      -13.56,
 139.455315,   34.998649,      -13.42,
 139.459820,   34.998649,      -13.35,
 139.464324,   34.998649,      -13.30,
 139.468829,   34.998649,      -13.25,
 139.473333,   34.998649,      -13.22,
 139.477838,   34.998649,      -13.20,
 139.482342,   34.998649,      -13.18,
 139.486847,   34.998649,      -13.13,
 139.491351,   34.998649,      -12.94,
 139.495856,   34.998649,      -12.70,
 139.500360,   34.998649,      -12.46,
 139.504865,   34.998649,      -12.22,
 139.509369,   34.998649,      -11.98,
 139.513874,   34.998649,      -11.70,
 139.518378,   34.998649,      -11.38,
 139.522883,   34.998649,      -11.07,
 139.527387,   34.998649,      -10.76,
 139.531892,   34.998649,      -10.42,
 139.536396,   34.998649,      -10.13,
 139.540901,   34.998649,      -10.13,
 139.545405,   34.998649,      -10.12,
 139.549910,   34.998649,      -10.08,
 139.554414,   34.998649,      -10.05,
 139.558919,   34.998649,      -10.02,
 139.563423,   34.998649,       -9.94,
 139.567928,   34.998649,       -9.87,
 139.572432,   34.998649,       -9.72,
 139.576937,   34.998649,       -9.64,
 139.581441,   34.998649,       -9.45,
 139.585946,   34.998649,       -9.22,
 139.590450,   34.998649,       -8.99,
 139.594955,   34.998649,       -8.80,
 139.599459,   34.998649,       -8.58,
 139.603964,   34.998649,       -8.39,
 139.608468,   34.998649,       -8.25,
 139.612973,   34.998649,       -8.14,
 139.617477,   34.998649,       -8.03,
 139.621982,   34.998649,       -7.74,
 139.626486,   34.998649,       -7.15,
 139.630991,   34.998649,       -6.52,
 139.635495,   34.998649,       -5.89,
 139.640000,   34.998649,       -5.41,
 139.644505,   34.998649,       -4.96,
 139.649009,   34.998649,       -4.52,
 139.653514,   34.998649,       -4.34,
 139.658018,   34.998649,       -4.26,
 139.662523,   34.998649,       -4.19,
 139.667027,   34.998649,       -4.15,
 139.671532,   34.998649,       -4.12,
 139.676036,   34.998649,       -4.10,
 139.680541,   34.998649,       -4.10,
 139.685045,   34.998649,       -4.11,
 139.689550,   34.998649,       -4.17,
 139.694054,   34.998649,       -4.19,
 139.698559,   34.998649,       -4.21,
 139.703063,   34.998649,       -4.30,
 139.707568,   34.998649,       -4.33,
 139.712072,   34.998649,       -4.29,
 139.716577,   34.998649,       -4.24,
 139.721081,   34.998649,       -4.16,
 139.725586,   34.998649,       -4.05,
 139.730090,   34.998649,       -3.94,
 139.734595,   34.998649,       -3.88,
 139.739099,   34.998649,       -3.89,
 139.743604,   34.998649,       -3.96,
 139.748108,   34.998649,       -4.06,
 139.752613,   34.998649,       -4.13,
 139.757117,   34.998649,       -4.18,
 139.761622,   34.998649,       -4.25,
 139.766126,   34.998649,       -4.37,
 139.770631,   34.998649,       -4.50,
 139.775135,   34.998649,       -4.65,
 139.779640,   34.998649,       -4.81,
 139.784144,   34.998649,       -4.94,
 139.788649,   34.998649,       -5.11,
 139.793153,   34.998649,       -5.34,
 139.797658,   34.998649,       -5.57,
 139.802162,   34.998649,       -5.83,
 139.806667,   34.998649,       -6.17,
 139.811171,   34.998649,       -6.59,
 139.815676,   34.998649,       -6.96,
 139.820180,   34.998649,       -7.24,
 139.824685,   34.998649,       -7.56,
 139.829189,   34.998649,       -7.87,
 139.833694,   34.998649,       -8.08,
 139.838198,   34.998649,       -8.42,
 139.842703,   34.998649,       -8.92,
 139.847207,   34.998649,       -9.54,
 139.851712,   34.998649,      -10.31,
 139.856216,   34.998649,      -11.16,
 139.860721,   34.998649,      -11.47,
 139.865225,   34.998649,      -11.60,
 139.869730,   34.998649,      -11.81,
 139.874234,   34.998649,      -12.03,
 139.878739,   34.998649,      -12.25,
 139.883243,   34.998649,      -12.47,
 139.887748,   34.998649,      -12.69,
 139.892252,   34.998649,      -12.93,
 139.896757,   34.998649,      -13.16,
 139.901261,   34.998649,      -13.39,
 139.905766,   34.998649,      -13.61,
 139.910270,   34.998649,      -13.82,
 139.914775,   34.998649,      -14.03,
 139.919279,   34.998649,      -14.23,
 139.923784,   34.998649,      -14.43,
 139.928288,   34.998649,      -14.62,
 139.932793,   34.998649,      -14.80,
 139.937297,   34.998649,      -14.98,
 139.941802,   34.998649,      -15.16,
 139.946306,   34.998649,      -15.35,
 139.950811,   34.998649,      -15.54,
 139.955315,   34.998649,      -15.74,
 139.959820,   34.998649,      -15.96,
 139.964324,   34.998649,      -16.18,
 139.968829,   34.998649,      -16.37,
 139.973333,   34.998649,      -16.56,
 139.977838,   34.998649,      -17.01,
 139.982342,   34.998649,      -17.42,
 139.986847,   34.998649,      -17.65,
 139.991351,   34.998649,      -17.80,
 139.995856,   34.998649,      -17.87,
 140.000360,   34.998649,      -17.81,
 140.004865,   34.998649,      -17.71,
 140.009369,   34.998649,      -17.46,
 140.013874,   34.998649,      -17.15,
 140.018378,   34.998649,      -16.81,
 140.022883,   34.998649,      -16.41,
 140.027387,   34.998649,      -16.02,
 140.031892,   34.998649,      -15.65,
 140.036396,   34.998649,      -15.32,
 140.040901,   34.998649,      -15.01,
 140.045405,   34.998649,      -14.75,
 140.049910,   34.998649,      -14.53,
 140.054414,   34.998649,      -14.33,
 140.058919,   34.998649,      -14.16,
 140.063423,   34.998649,      -14.00,
 140.067928,   34.998649,      -13.84,
 140.072432,   34.998649,      -13.68,
 140.076937,   34.998649,      -13.55,
 140.081441,   34.998649,      -13.42,
 140.085946,   34.998649,      -13.27,
 140.090450,   34.998649,      -13.15,
 140.094955,   34.998649,      -13.05,
 140.099459,   34.998649,      -12.94,
 140.103964,   34.998649,      -12.84,
 140.108468,   34.998649,      -12.73,
 140.112973,   34.998649,      -12.63,
 140.117477,   34.998649,      -12.55,
 140.121982,   34.998649,      -12.46,
 140.126486,   34.998649,      -12.35,
 140.130991,   34.998649,      -12.26,
 140.135495,   34.998649,      -12.22,
 140.140000,   34.998649,      -12.16,
 140.144505,   34.998649,      -12.09,
 140.149009,   34.998649,      -12.05,
 140.153514,   34.998649,      -12.02,
 140.158018,   34.998649,      -12.00,
 140.162523,   34.998649,      -11.97,
 140.167027,   34.998649,      -11.95,
 140.171532,   34.998649,      -11.92,
 140.176036,   34.998649,      -11.90,
 140.180541,   34.998649,      -11.89,
 140.185045,   34.998649,      -11.87,
 140.189550,   34.998649,      -11.85,
 140.194054,   34.998649,      -11.84,
 140.198559,   34.998649,      -11.81,
 140.203063,   34.998649,      -11.78,
 140.207568,   34.998649,      -11.74,
 140.212072,   34.998649,      -11.70,
 140.216577,   34.998649,      -11.66,
 140.221081,   34.998649,      -11.61,
 140.225586,   34.998649,      -11.53,
 140.230090,   34.998649,      -11.46,
 140.234595,   34.998649,      -11.38,
 140.239099,   34.998649,      -11.31,
 140.243604,   34.998649,      -11.24,
 140.248108,   34.998649,      -11.18,
 140.252613,   34.998649,      -11.12,
 140.257117,   34.998649,      -11.07,
 140.261622,   34.998649,      -11.02,
 140.266126,   34.998649,      -10.96,
 140.270631,   34.998649,      -10.91,
 140.275135,   34.998649,      -10.88,
 140.279640,   34.998649,      -10.85,
 140.284144,   34.998649,      -10.82,
 140.288649,   34.998649,      -10.79,
 140.293153,   34.998649,      -10.76,
 140.297658,   34.998649,      -10.74,
 140.302162,   34.998649,      -10.73,
 140.306667,   34.998649,      -10.71,
 140.311171,   34.998649,      -10.70,
 140.315676,   34.998649,      -10.68,
 140.320180,   34.998649,      -10.63,
 140.324685,   34.998649,      -10.58,
 140.329189,   34.998649,      -10.53,
 140.333694,   34.998649,      -10.48,
 140.338198,   34.998649,      -10.42,
 140.342703,   34.998649,      -10.41,
 140.347207,   34.998649,      -10.49,
 140.351712,   34.998649,      -10.59,
 140.356216,   34.998649,      -10.69,
 140.360721,   34.998649,      -10.80,
 140.365225,   34.998649,      -10.92,
 140.369730,   34.998649,      -11.04,
 140.374234,   34.998649,      -11.17,
 140.378739,   34.998649,      -11.31,
 140.383243,   34.998649,      -11.46,
 140.387748,   34.998649,      -11.60,
 139.140000,   35.003153,      -15.85,
 139.144505,   35.003153,      -16.22,
 139.149009,   35.003153,      -16.57,
 139.153514,   35.003153,      -16.90,
 139.158018,   35.003153,      -17.21,
 139.162523,   35.003153,      -17.49,
 139.167027,   35.003153,      -17.76,
 139.171532,   35.003153,      -17.87,
 139.176036,   35.003153,      -17.89,
 139.180541,   35.003153,      -17.85,
 139.185045,   35.003153,      -17.82,
 139.189550,   35.003153,      -17.82,
 139.194054,   35.003153,      -17.84,
 139.198559,   35.003153,      -17.88,
 139.203063,   35.003153,      -17.93,
 139.207568,   35.003153,      -18.01,
 139.212072,   35.003153,      -18.11,
 139.216577,   35.003153,      -18.23,
 139.221081,   35.003153,      -18.33,
 139.225586,   35.003153,      -18.45,
 139.230090,   35.003153,      -18.65,
 139.234595,   35.003153,      -18.89,
 139.239099,   35.003153,      -19.16,
 139.243604,   35.003153,      -19.42,
 139.248108,   35.003153,      -19.69,
 139.252613,   35.003153,      -19.96,
 139.257117,   35.003153,      -20.23,
 139.261622,   35.003153,      -20.46,
 139.266126,   35.003153,      -20.57,
 139.270631,   35.003153,      -20.58,
 139.275135,   35.003153,      -20.52,
 139.279640,   35.003153,      -20.46,
 139.284144,   35.003153,      -20.41,
 139.288649,   35.003153,      -20.36,
 139.293153,   35.003153,      -20.31,
 139.297658,   35.003153,      -20.25,
 139.302162,   35.003153,      -20.14,
 139.306667,   35.003153,      -20.06,
 139.311171,   35.003153,      -19.98,
 139.315676,   35.003153,      -19.88,
 139.320180,   35.003153,      -19.78,
 139.324685,   35.003153,      -19.66,
 139.329189,   35.003153,      -19.53,
 139.333694,   35.003153,      -19.39,
 139.338198,   35.003153,      -19.26,
 139.342703,   35.003153,      -19.12,
 139.347207,   35.003153,      -19.00,
 139.351712,   35.003153,      -18.88,
 139.356216,   35.003153,      -18.70,
 139.360721,   35.003153,      -18.51,
 139.365225,   35.003153,      -18.30,
 139.369730,   35.003153,      -18.09,
 139.374234,   35.003153,      -17.86,
 139.378739,   35.003153,      -17.63,
 139.383243,   35.003153,      -17.38,
 139.387748,   35.003153,      -17.13,
 139.392252,   35.003153,      -16.86,
 139.396757,   35.003153,      -16.59,
 139.401261,   35.003153,      -16.33,
 139.405766,   35.003153,      -16.09,
 139.410270,   35.003153,      -15.86,
 139.414775,   35.003153,      -15.61,
 139.419279,   35.003153,      -15.36,
 139.423784,   35.003153,      -15.11,
 139.428288,   35.003153,      -14.87,
 139.432793,   35.003153,      -14.62,
 139.437297,   35.003153,      -14.37,
 139.441802,   35.003153,      -14.12,
 139.446306,   35.003153,      -13.87,
 139.450811,   35.003153,      -13.63,
 139.455315,   35.003153,      -13.44,
 139.459820,   35.003153,      -13.30,
 139.464324,   35.003153,      -13.19,
 139.468829,   35.003153,      -13.09,
 139.473333,   35.003153,      -13.02,
 139.477838,   35.003153,      -12.98,
 139.482342,   35.003153,      -12.95,
 139.486847,   35.003153,      -12.85,
 139.491351,   35.003153,      -12.64,
 139.495856,   35.003153,      -12.40,
 139.500360,   35.003153,      -12.16,
 139.504865,   35.003153,      -11.92,
 139.509369,   35.003153,      -11.68,
 139.513874,   35.003153,      -11.39,
 139.518378,   35.003153,      -11.08,
 139.522883,   35.003153,      -10.76,
 139.527387,   35.003153,      -10.45,
 139.531892,   35.003153,      -10.12,
 139.536396,   35.003153,       -9.86,
 139.540901,   35.003153,       -9.79,
 139.545405,   35.003153,       -9.76,
 139.549910,   35.003153,       -9.71,
 139.554414,   35.003153,       -9.66,
 139.558919,   35.003153,       -9.62,
 139.563423,   35.003153,       -9.54,
 139.567928,   35.003153,       -9.44,
 139.572432,   35.003153,       -9.34,
 139.576937,   35.003153,       -9.22,
 139.581441,   35.003153,       -9.07,
 139.585946,   35.003153,       -8.88,
 139.590450,   35.003153,       -8.63,
 139.594955,   35.003153,       -8.37,
 139.599459,   35.003153,       -8.12,
 139.603964,   35.003153,       -7.88,
 139.608468,   35.003153,       -7.77,
 139.612973,   35.003153,       -7.67,
 139.617477,   35.003153,       -7.53,
 139.621982,   35.003153,       -7.24,
 139.626486,   35.003153,       -6.77,
 139.630991,   35.003153,       -6.26,
 139.635495,   35.003153,       -5.81,
 139.640000,   35.003153,       -5.41,
 139.644505,   35.003153,       -5.00,
 139.649009,   35.003153,       -4.61,
 139.653514,   35.003153,       -4.39,
 139.658018,   35.003153,       -4.26,
 139.662523,   35.003153,       -4.12,
 139.667027,   35.003153,       -4.06,
 139.671532,   35.003153,       -4.03,
 139.676036,   35.003153,       -3.98,
 139.680541,   35.003153,       -3.97,
 139.685045,   35.003153,       -4.05,
 139.689550,   35.003153,       -4.16,
 139.694054,   35.003153,       -4.22,
 139.698559,   35.003153,       -4.27,
 139.703063,   35.003153,       -4.33,
 139.707568,   35.003153,       -4.38,
 139.712072,   35.003153,       -4.34,
 139.716577,   35.003153,       -4.31,
 139.721081,   35.003153,       -4.25,
 139.725586,   35.003153,       -4.15,
 139.730090,   35.003153,       -4.08,
 139.734595,   35.003153,       -4.08,
 139.739099,   35.003153,       -4.09,
 139.743604,   35.003153,       -4.10,
 139.748108,   35.003153,       -4.14,
 139.752613,   35.003153,       -4.20,
 139.757117,   35.003153,       -4.26,
 139.761622,   35.003153,       -4.26,
 139.766126,   35.003153,       -4.25,
 139.770631,   35.003153,       -4.39,
 139.775135,   35.003153,       -4.50,
 139.779640,   35.003153,       -4.58,
 139.784144,   35.003153,       -4.70,
 139.788649,   35.003153,       -4.83,
 139.793153,   35.003153,       -5.02,
 139.797658,   35.003153,       -5.25,
 139.802162,   35.003153,       -5.48,
 139.806667,   35.003153,       -5.89,
 139.811171,   35.003153,       -6.33,
 139.815676,   35.003153,       -6.75,
 139.820180,   35.003153,       -7.16,
 139.824685,   35.003153,       -7.51,
 139.829189,   35.003153,       -7.85,
 139.833694,   35.003153,       -8.18,
 139.838198,   35.003153,       -8.56,
 139.842703,   35.003153,       -9.03,
 139.847207,   35.003153,       -9.66,
 139.851712,   35.003153,      -10.52,
 139.856216,   35.003153,      -11.43,
 139.860721,   35.003153,      -11.67,
 139.865225,   35.003153,      -11.75,
 139.869730,   35.003153,      -11.93,
 139.874234,   35.003153,      -12.13,
 139.878739,   35.003153,      -12.35,
 139.883243,   35.003153,      -12.60,
 139.887748,   35.003153,      -12.84,
 139.892252,   35.003153,      -13.09,
 139.896757,   35.003153,      -13.33,
 139.901261,   35.003153,      -13.56,
 139.905766,   35.003153,      -13.79,
 139.910270,   35.003153,      -14.00,
 139.914775,   35.003153,      -14.21,
 139.919279,   35.003153,      -14.41,
 139.923784,   35.003153,      -14.61,
 139.928288,   35.003153,      -14.80,
 139.932793,   35.003153,      -14.98,
 139.937297,   35.003153,      -15.16,
 139.941802,   35.003153,      -15.33,
 139.946306,   35.003153,      -15.51,
 139.950811,   35.003153,      -15.69,
 139.955315,   35.003153,      -15.87,
 139.959820,   35.003153,      -16.05,
 139.964324,   35.003153,      -16.23,
 139.968829,   35.003153,      -16.41,
 139.973333,   35.003153,      -16.59,
 139.977838,   35.003153,      -16.94,
 139.982342,   35.003153,      -17.35,
 139.986847,   35.003153,      -17.65,
 139.991351,   35.003153,      -17.81,
 139.995856,   35.003153,      -17.95,
 140.000360,   35.003153,      -17.94,
 140.004865,   35.003153,      -17.86,
 140.009369,   35.003153,      -17.74,
 140.013874,   35.003153,      -17.44,
 140.018378,   35.003153,      -17.13,
 140.022883,   35.003153,      -16.79,
 140.027387,   35.003153,      -16.40,
 140.031892,   35.003153,      -16.01,
 140.036396,   35.003153,      -15.69,
 140.040901,   35.003153,      -15.37,
 140.045405,   35.003153,      -15.07,
 140.049910,   35.003153,      -14.85,
 140.054414,   35.003153,      -14.63,
 140.058919,   35.003153,      -14.43,
 140.063423,   35.003153,      -14.27,
 140.067928,   35.003153,      -14.10,
 140.072432,   35.003153,      -13.92,
 140.076937,   35.003153,      -13.76,
 140.081441,   35.003153,      -13.63,
 140.085946,   35.003153,      -13.50,
 140.090450,   35.003153,      -13.36,
 140.094955,   35.003153,      -13.23,
 140.099459,   35.003153,      -13.10,
 140.103964,   35.003153,      -13.00,
 140.108468,   35.003153,      -12.90,
 140.112973,   35.003153,      -12.79,
 140.117477,   35.003153,      -12.69,
 140.121982,   35.003153,      -12.59,
 140.126486,   35.003153,      -12.49,
 140.130991,   35.003153,      -12.38,
 140.135495,   35.003153,      -12.29,
 140.140000,   35.003153,      -12.21,
 140.144505,   35.003153,      -12.11,
 140.149009,   35.003153,      -12.02,
 140.153514,   35.003153,      -12.01,
 140.158018,   35.003153,      -11.98,
 140.162523,   35.003153,      -11.95,
 140.167027,   35.003153,      -11.93,
 140.171532,   35.003153,      -11.90,
 140.176036,   35.003153,      -11.87,
 140.180541,   35.003153,      -11.85,
 140.185045,   35.003153,      -11.82,
 140.189550,   35.003153,      -11.80,
 140.194054,   35.003153,      -11.78,
 140.198559,   35.003153,      -11.75,
 140.203063,   35.003153,      -11.72,
 140.207568,   35.003153,      -11.69,
 140.212072,   35.003153,      -11.65,
 140.216577,   35.003153,      -11.61,
 140.221081,   35.003153,      -11.57,
 140.225586,   35.003153,      -11.51,
 140.230090,   35.003153,      -11.44,
 140.234595,   35.003153,      -11.38,
 140.239099,   35.003153,      -11.31,
 140.243604,   35.003153,      -11.24,
 140.248108,   35.003153,      -11.18,
 140.252613,   35.003153,      -11.12,
 140.257117,   35.003153,      -11.06,
 140.261622,   35.003153,      -11.01,
 140.266126,   35.003153,      -10.95,
 140.270631,   35.003153,      -10.90,
 140.275135,   35.003153,      -10.86,
 140.279640,   35.003153,      -10.82,
 140.284144,   35.003153,      -10.79,
 140.288649,   35.003153,      -10.76,
 140.293153,   35.003153,      -10.73,
 140.297658,   35.003153,      -10.71,
 140.302162,   35.003153,      -10.70,
 140.306667,   35.003153,      -10.68,
 140.311171,   35.003153,      -10.67,
 140.315676,   35.003153,      -10.66,
 140.320180,   35.003153,      -10.62,
 140.324685,   35.003153,      -10.58,
 140.329189,   35.003153,      -10.52,
 140.333694,   35.003153,      -10.47,
 140.338198,   35.003153,      -10.51,
 140.342703,   35.003153,      -10.60,
 140.347207,   35.003153,      -10.69,
 140.351712,   35.003153,      -10.79,
 140.356216,   35.003153,      -10.89,
 140.360721,   35.003153,      -11.01,
 140.365225,   35.003153,      -11.13,
 140.369730,   35.003153,      -11.25,
 140.374234,   35.003153,      -11.39,
 140.378739,   35.003153,      -11.53,
 140.383243,   35.003153,      -11.65,
 140.387748,   35.003153,      -11.85,
 139.140000,   35.007658,      -15.28,
 139.144505,   35.007658,      -15.67,
 139.149009,   35.007658,      -16.04,
 139.153514,   35.007658,      -16.38,
 139.158018,   35.007658,      -16.70,
 139.162523,   35.007658,      -17.00,
 139.167027,   35.007658,      -17.27,
 139.171532,   35.007658,      -17.52,
 139.176036,   35.007658,      -17.75,
 139.180541,   35.007658,      -17.83,
 139.185045,   35.007658,      -17.80,
 139.189550,   35.007658,      -17.79,
 139.194054,   35.007658,      -17.80,
 139.198559,   35.007658,      -17.83,
 139.203063,   35.007658,      -17.88,
 139.207568,   35.007658,      -17.95,
 139.212072,   35.007658,      -18.04,
 139.216577,   35.007658,      -18.15,
 139.221081,   35.007658,      -18.25,
 139.225586,   35.007658,      -18.36,
 139.230090,   35.007658,      -18.50,
 139.234595,   35.007658,      -18.70,
 139.239099,   35.007658,      -18.96,
 139.243604,   35.007658,      -19.23,
 139.248108,   35.007658,      -19.50,
 139.252613,   35.007658,      -19.78,
 139.257117,   35.007658,      -20.05,
 139.261622,   35.007658,      -20.26,
 139.266126,   35.007658,      -20.37,
 139.270631,   35.007658,      -20.41,
 139.275135,   35.007658,      -20.39,
 139.279640,   35.007658,      -20.36,
 139.284144,   35.007658,      -20.32,
 139.288649,   35.007658,      -20.29,
 139.293153,   35.007658,      -20.26,
 139.297658,   35.007658,      -20.22,
 139.302162,   35.007658,      -20.17,
 139.306667,   35.007658,      -20.13,
 139.311171,   35.007658,      -20.08,
 139.315676,   35.007658,      -20.01,
 139.320180,   35.007658,      -19.92,
 139.324685,   35.007658,      -19.82,
 139.329189,   35.007658,      -19.71,
 139.333694,   35.007658,      -19.59,
 139.338198,   35.007658,      -19.47,
 139.342703,   35.007658,      -19.36,
 139.347207,   35.007658,      -19.26,
 139.351712,   35.007658,      -19.14,
 139.356216,   35.007658,      -18.97,
 139.360721,   35.007658,      -18.77,
 139.365225,   35.007658,      -18.56,
 139.369730,   35.007658,      -18.34,
 139.374234,   35.007658,      -18.10,
 139.378739,   35.007658,      -17.85,
 139.383243,   35.007658,      -17.59,
 139.387748,   35.007658,      -17.31,
 139.392252,   35.007658,      -17.03,
 139.396757,   35.007658,      -16.73,
 139.401261,   35.007658,      -16.43,
 139.405766,   35.007658,      -16.17,
 139.410270,   35.007658,      -15.93,
 139.414775,   35.007658,      -15.68,
 139.419279,   35.007658,      -15.43,
 139.423784,   35.007658,      -15.18,
 139.428288,   35.007658,      -14.94,
 139.432793,   35.007658,      -14.69,
 139.437297,   35.007658,      -14.44,
 139.441802,   35.007658,      -14.19,
 139.446306,   35.007658,      -13.94,
 139.450811,   35.007658,      -13.69,
 139.455315,   35.007658,      -13.48,
 139.459820,   35.007658,      -13.30,
 139.464324,   35.007658,      -13.14,
 139.468829,   35.007658,      -12.99,
 139.473333,   35.007658,      -12.87,
 139.477838,   35.007658,      -12.78,
 139.482342,   35.007658,      -12.72,
 139.486847,   35.007658,      -12.58,
 139.491351,   35.007658,      -12.35,
 139.495856,   35.007658,      -12.11,
 139.500360,   35.007658,      -11.87,
 139.504865,   35.007658,      -11.62,
 139.509369,   35.007658,      -11.38,
 139.513874,   35.007658,      -11.10,
 139.518378,   35.007658,      -10.81,
 139.522883,   35.007658,      -10.53,
 139.527387,   35.007658,      -10.23,
 139.531892,   35.007658,       -9.94,
 139.536396,   35.007658,       -9.72,
 139.540901,   35.007658,       -9.57,
 139.545405,   35.007658,       -9.50,
 139.549910,   35.007658,       -9.42,
 139.554414,   35.007658,       -9.33,
 139.558919,   35.007658,       -9.24,
 139.563423,   35.007658,       -9.16,
 139.567928,   35.007658,       -9.08,
 139.572432,   35.007658,       -8.98,
 139.576937,   35.007658,       -8.87,
 139.581441,   35.007658,       -8.74,
 139.585946,   35.007658,       -8.56,
 139.590450,   35.007658,       -8.34,
 139.594955,   35.007658,       -8.15,
 139.599459,   35.007658,       -7.96,
 139.603964,   35.007658,       -7.79,
 139.608468,   35.007658,       -7.64,
 139.612973,   35.007658,       -7.46,
 139.617477,   35.007658,       -7.27,
 139.621982,   35.007658,       -6.99,
 139.626486,   35.007658,       -6.60,
 139.630991,   35.007658,       -6.18,
 139.635495,   35.007658,       -5.79,
 139.640000,   35.007658,       -5.42,
 139.644505,   35.007658,       -5.04,
 139.649009,   35.007658,       -4.67,
 139.653514,   35.007658,       -4.47,
 139.658018,   35.007658,       -4.34,
 139.662523,   35.007658,       -4.20,
 139.667027,   35.007658,       -4.09,
 139.671532,   35.007658,       -4.03,
 139.676036,   35.007658,       -3.96,
 139.680541,   35.007658,       -3.96,
 139.685045,   35.007658,       -4.07,
 139.689550,   35.007658,       -4.18,
 139.694054,   35.007658,       -4.26,
 139.698559,   35.007658,       -4.28,
 139.703063,   35.007658,       -4.32,
 139.707568,   35.007658,       -4.35,
 139.712072,   35.007658,       -4.36,
 139.716577,   35.007658,       -4.36,
 139.721081,   35.007658,       -4.34,
 139.725586,   35.007658,       -4.30,
 139.730090,   35.007658,       -4.29,
 139.734595,   35.007658,       -4.30,
 139.739099,   35.007658,       -4.30,
 139.743604,   35.007658,       -4.30,
 139.748108,   35.007658,       -4.31,
 139.752613,   35.007658,       -4.33,
 139.757117,   35.007658,       -4.36,
 139.761622,   35.007658,       -4.34,
 139.766126,   35.007658,       -4.31,
 139.770631,   35.007658,       -4.35,
 139.775135,   35.007658,       -4.39,
 139.779640,   35.007658,       -4.38,
 139.784144,   35.007658,       -4.46,
 139.788649,   35.007658,       -4.59,
 139.793153,   35.007658,       -4.72,
 139.797658,   35.007658,       -4.93,
 139.802162,   35.007658,       -5.27,
 139.806667,   35.007658,       -5.68,
 139.811171,   35.007658,       -6.11,
 139.815676,   35.007658,       -6.58,
 139.820180,   35.007658,       -7.08,
 139.824685,   35.007658,       -7.48,
 139.829189,   35.007658,       -7.81,
 139.833694,   35.007658,       -8.15,
 139.838198,   35.007658,       -8.54,
 139.842703,   35.007658,       -9.05,
 139.847207,   35.007658,       -9.74,
 139.851712,   35.007658,      -10.53,
 139.856216,   35.007658,      -11.38,
 139.860721,   35.007658,      -11.77,
 139.865225,   35.007658,      -11.90,
 139.869730,   35.007658,      -12.05,
 139.874234,   35.007658,      -12.28,
 139.878739,   35.007658,      -12.53,
 139.883243,   35.007658,      -12.80,
 139.887748,   35.007658,      -13.05,
 139.892252,   35.007658,      -13.30,
 139.896757,   35.007658,      -13.55,
 139.901261,   35.007658,      -13.78,
 139.905766,   35.007658,      -14.01,
 139.910270,   35.007658,      -14.22,
 139.914775,   35.007658,      -14.43,
 139.919279,   35.007658,      -14.63,
 139.923784,   35.007658,      -14.82,
 139.928288,   35.007658,      -15.01,
 139.932793,   35.007658,      -15.19,
 139.937297,   35.007658,      -15.36,
 139.941802,   35.007658,      -15.53,
 139.946306,   35.007658,      -15.71,
 139.950811,   35.007658,      -15.87,
 139.955315,   35.007658,      -16.04,
 139.959820,   35.007658,      -16.20,
 139.964324,   35.007658,      -16.35,
 139.968829,   35.007658,      -16.49,
 139.973333,   35.007658,      -16.64,
 139.977838,   35.007658,      -16.90,
 139.982342,   35.007658,      -17.26,
 139.986847,   35.007658,      -17.59,
 139.991351,   35.007658,      -17.82,
 139.995856,   35.007658,      -17.95,
 140.000360,   35.007658,      -18.04,
 140.004865,   35.007658,      -18.00,
 140.009369,   35.007658,      -17.93,
 140.013874,   35.007658,      -17.74,
 140.018378,   35.007658,      -17.45,
 140.022883,   35.007658,      -17.16,
 140.027387,   35.007658,      -16.80,
 140.031892,   35.007658,      -16.43,
 140.036396,   35.007658,      -16.08,
 140.040901,   35.007658,      -15.76,
 140.045405,   35.007658,      -15.44,
 140.049910,   35.007658,      -15.20,
 140.054414,   35.007658,      -14.97,
 140.058919,   35.007658,      -14.74,
 140.063423,   35.007658,      -14.55,
 140.067928,   35.007658,      -14.38,
 140.072432,   35.007658,      -14.20,
 140.076937,   35.007658,      -14.04,
 140.081441,   35.007658,      -13.88,
 140.085946,   35.007658,      -13.73,
 140.090450,   35.007658,      -13.61,
 140.094955,   35.007658,      -13.47,
 140.099459,   35.007658,      -13.32,
 140.103964,   35.007658,      -13.21,
 140.108468,   35.007658,      -13.10,
 140.112973,   35.007658,      -12.98,
 140.117477,   35.007658,      -12.85,
 140.121982,   35.007658,      -12.75,
 140.126486,   35.007658,      -12.64,
 140.130991,   35.007658,      -12.52,
 140.135495,   35.007658,      -12.42,
 140.140000,   35.007658,      -12.31,
 140.144505,   35.007658,      -12.21,
 140.149009,   35.007658,      -12.10,
 140.153514,   35.007658,      -12.03,
 140.158018,   35.007658,      -11.98,
 140.162523,   35.007658,      -11.94,
 140.167027,   35.007658,      -11.91,
 140.171532,   35.007658,      -11.88,
 140.176036,   35.007658,      -11.85,
 140.180541,   35.007658,      -11.82,
 140.185045,   35.007658,      -11.79,
 140.189550,   35.007658,      -11.76,
 140.194054,   35.007658,      -11.73,
 140.198559,   35.007658,      -11.70,
 140.203063,   35.007658,      -11.67,
 140.207568,   35.007658,      -11.64,
 140.212072,   35.007658,      -11.60,
 140.216577,   35.007658,      -11.57,
 140.221081,   35.007658,      -11.53,
 140.225586,   35.007658,      -11.48,
 140.230090,   35.007658,      -11.42,
 140.234595,   35.007658,      -11.36,
 140.239099,   35.007658,      -11.30,
 140.243604,   35.007658,      -11.24,
 140.248108,   35.007658,      -11.18,
 140.252613,   35.007658,      -11.12,
 140.257117,   35.007658,      -11.05,
 140.261622,   35.007658,      -10.99,
 140.266126,   35.007658,      -10.93,
 140.270631,   35.007658,      -10.88,
 140.275135,   35.007658,      -10.83,
 140.279640,   35.007658,      -10.80,
 140.284144,   35.007658,      -10.76,
 140.288649,   35.007658,      -10.73,
 140.293153,   35.007658,      -10.70,
 140.297658,   35.007658,      -10.68,
 140.302162,   35.007658,      -10.67,
 140.306667,   35.007658,      -10.66,
 140.311171,   35.007658,      -10.64,
 140.315676,   35.007658,      -10.63,
 140.320180,   35.007658,      -10.61,
 140.324685,   35.007658,      -10.57,
 140.329189,   35.007658,      -10.54,
 140.333694,   35.007658,      -10.61,
 140.338198,   35.007658,      -10.69,
 140.342703,   35.007658,      -10.78,
 140.347207,   35.007658,      -10.88,
 140.351712,   35.007658,      -10.98,
 140.356216,   35.007658,      -11.09,
 140.360721,   35.007658,      -11.21,
 140.365225,   35.007658,      -11.33,
 140.369730,   35.007658,      -11.46,
 140.374234,   35.007658,      -11.59,
 140.378739,   35.007658,      -11.74,
 140.383243,   35.007658,      -12.08,
 140.387748,   35.007658,      -12.43,
 139.140000,   35.012162,      -14.74,
 139.144505,   35.012162,      -15.14,
 139.149009,   35.012162,      -15.52,
 139.153514,   35.012162,      -15.88,
 139.158018,   35.012162,      -16.21,
 139.162523,   35.012162,      -16.52,
 139.167027,   35.012162,      -16.81,
 139.171532,   35.012162,      -17.08,
 139.176036,   35.012162,      -17.32,
 139.180541,   35.012162,      -17.54,
 139.185045,   35.012162,      -17.71,
 139.189550,   35.012162,      -17.74,
 139.194054,   35.012162,      -17.74,
 139.198559,   35.012162,      -17.77,
 139.203063,   35.012162,      -17.81,
 139.207568,   35.012162,      -17.87,
 139.212072,   35.012162,      -17.96,
 139.216577,   35.012162,      -18.06,
 139.221081,   35.012162,      -18.16,
 139.225586,   35.012162,      -18.26,
 139.230090,   35.012162,      -18.38,
 139.234595,   35.012162,      -18.52,
 139.239099,   35.012162,      -18.77,
 139.243604,   35.012162,      -19.05,
 139.248108,   35.012162,      -19.32,
 139.252613,   35.012162,      -19.60,
 139.257117,   35.012162,      -19.88,
 139.261622,   35.012162,      -20.09,
 139.266126,   35.012162,      -20.20,
 139.270631,   35.012162,      -20.24,
 139.275135,   35.012162,      -20.24,
 139.279640,   35.012162,      -20.25,
 139.284144,   35.012162,      -20.24,
 139.288649,   35.012162,      -20.23,
 139.293153,   35.012162,      -20.22,
 139.297658,   35.012162,      -20.20,
 139.302162,   35.012162,      -20.24,
 139.306667,   35.012162,      -20.24,
 139.311171,   35.012162,      -20.21,
 139.315676,   35.012162,      -20.16,
 139.320180,   35.012162,      -20.10,
 139.324685,   35.012162,      -20.01,
 139.329189,   35.012162,      -19.92,
 139.333694,   35.012162,      -19.82,
 139.338198,   35.012162,      -19.72,
 139.342703,   35.012162,      -19.62,
 139.347207,   35.012162,      -19.53,
 139.351712,   35.012162,      -19.41,
 139.356216,   35.012162,      -19.24,
 139.360721,   35.012162,      -19.04,
 139.365225,   35.012162,      -18.83,
 139.369730,   35.012162,      -18.60,
 139.374234,   35.012162,      -18.36,
 139.378739,   35.012162,      -18.09,
 139.383243,   35.012162,      -17.81,
 139.387748,   35.012162,      -17.52,
 139.392252,   35.012162,      -17.22,
 139.396757,   35.012162,      -16.90,
 139.401261,   35.012162,      -16.57,
 139.405766,   35.012162,      -16.24,
 139.410270,   35.012162,      -16.01,
 139.414775,   35.012162,      -15.77,
 139.419279,   35.012162,      -15.53,
 139.423784,   35.012162,      -15.27,
 139.428288,   35.012162,      -15.02,
 139.432793,   35.012162,      -14.76,
 139.437297,   35.012162,      -14.51,
 139.441802,   35.012162,      -14.26,
 139.446306,   35.012162,      -14.01,
 139.450811,   35.012162,      -13.76,
 139.455315,   35.012162,      -13.52,
 139.459820,   35.012162,      -13.30,
 139.464324,   35.012162,      -13.10,
 139.468829,   35.012162,      -12.91,
 139.473333,   35.012162,      -12.74,
 139.477838,   35.012162,      -12.59,
 139.482342,   35.012162,      -12.49,
 139.486847,   35.012162,      -12.31,
 139.491351,   35.012162,      -12.09,
 139.495856,   35.012162,      -11.86,
 139.500360,   35.012162,      -11.63,
 139.504865,   35.012162,      -11.39,
 139.509369,   35.012162,      -11.14,
 139.513874,   35.012162,      -10.88,
 139.518378,   35.012162,      -10.61,
 139.522883,   35.012162,      -10.33,
 139.527387,   35.012162,      -10.05,
 139.531892,   35.012162,       -9.78,
 139.536396,   35.012162,       -9.56,
 139.540901,   35.012162,       -9.40,
 139.545405,   35.012162,       -9.29,
 139.549910,   35.012162,       -9.19,
 139.554414,   35.012162,       -9.07,
 139.558919,   35.012162,       -8.95,
 139.563423,   35.012162,       -8.85,
 139.567928,   35.012162,       -8.76,
 139.572432,   35.012162,       -8.66,
 139.576937,   35.012162,       -8.54,
 139.581441,   35.012162,       -8.41,
 139.585946,   35.012162,       -8.26,
 139.590450,   35.012162,       -8.14,
 139.594955,   35.012162,       -7.99,
 139.599459,   35.012162,       -7.85,
 139.603964,   35.012162,       -7.71,
 139.608468,   35.012162,       -7.56,
 139.612973,   35.012162,       -7.39,
 139.617477,   35.012162,       -7.14,
 139.621982,   35.012162,       -6.84,
 139.626486,   35.012162,       -6.51,
 139.630991,   35.012162,       -6.14,
 139.635495,   35.012162,       -5.76,
 139.640000,   35.012162,       -5.43,
 139.644505,   35.012162,       -5.10,
 139.649009,   35.012162,       -4.77,
 139.653514,   35.012162,       -4.58,
 139.658018,   35.012162,       -4.44,
 139.662523,   35.012162,       -4.29,
 139.667027,   35.012162,       -4.16,
 139.671532,   35.012162,       -4.10,
 139.676036,   35.012162,       -4.08,
 139.680541,   35.012162,       -4.10,
 139.685045,   35.012162,       -4.16,
 139.689550,   35.012162,       -4.25,
 139.694054,   35.012162,       -4.28,
 139.698559,   35.012162,       -4.28,
 139.703063,   35.012162,       -4.29,
 139.707568,   35.012162,       -4.32,
 139.712072,   35.012162,       -4.35,
 139.716577,   35.012162,       -4.39,
 139.721081,   35.012162,       -4.43,
 139.725586,   35.012162,       -4.44,
 139.730090,   35.012162,       -4.45,
 139.734595,   35.012162,       -4.48,
 139.739099,   35.012162,       -4.51,
 139.743604,   35.012162,       -4.49,
 139.748108,   35.012162,       -4.48,
 139.752613,   35.012162,       -4.48,
 139.757117,   35.012162,       -4.47,
 139.761622,   35.012162,       -4.44,
 139.766126,   35.012162,       -4.40,
 139.770631,   35.012162,       -4.34,
 139.775135,   35.012162,       -4.31,
 139.779640,   35.012162,       -4.28,
 139.784144,   35.012162,       -4.26,
 139.788649,   35.012162,       -4.39,
 139.793153,   35.012162,       -4.50,
 139.797658,   35.012162,       -4.71,
 139.802162,   35.012162,       -5.14,
 139.806667,   35.012162,       -5.53,
 139.811171,   35.012162,       -5.93,
 139.815676,   35.012162,       -6.48,
 139.820180,   35.012162,       -7.00,
 139.824685,   35.012162,       -7.46,
 139.829189,   35.012162,       -7.80,
 139.833694,   35.012162,       -8.12,
 139.838198,   35.012162,       -8.43,
 139.842703,   35.012162,       -9.14,
 139.847207,   35.012162,       -9.86,
 139.851712,   35.012162,      -10.56,
 139.856216,   35.012162,      -11.29,
 139.860721,   35.012162,      -11.75,
 139.865225,   35.012162,      -12.00,
 139.869730,   35.012162,      -12.25,
 139.874234,   35.012162,      -12.51,
 139.878739,   35.012162,      -12.77,
 139.883243,   35.012162,      -13.04,
 139.887748,   35.012162,      -13.30,
 139.892252,   35.012162,      -13.55,
 139.896757,   35.012162,      -13.80,
 139.901261,   35.012162,      -14.03,
 139.905766,   35.012162,      -14.26,
 139.910270,   35.012162,      -14.47,
 139.914775,   35.012162,      -14.68,
 139.919279,   35.012162,      -14.87,
 139.923784,   35.012162,      -15.06,
 139.928288,   35.012162,      -15.24,
 139.932793,   35.012162,      -15.42,
 139.937297,   35.012162,      -15.59,
 139.941802,   35.012162,      -15.76,
 139.946306,   35.012162,      -15.92,
 139.950811,   35.012162,      -16.08,
 139.955315,   35.012162,      -16.23,
 139.959820,   35.012162,      -16.37,
 139.964324,   35.012162,      -16.50,
 139.968829,   35.012162,      -16.63,
 139.973333,   35.012162,      -16.76,
 139.977838,   35.012162,      -16.91,
 139.982342,   35.012162,      -17.18,
 139.986847,   35.012162,      -17.51,
 139.991351,   35.012162,      -17.79,
 139.995856,   35.012162,      -17.94,
 140.000360,   35.012162,      -18.07,
 140.004865,   35.012162,      -18.12,
 140.009369,   35.012162,      -18.06,
 140.013874,   35.012162,      -18.01,
 140.018378,   35.012162,      -17.76,
 140.022883,   35.012162,      -17.49,
 140.027387,   35.012162,      -17.21,
 140.031892,   35.012162,      -16.85,
 140.036396,   35.012162,      -16.48,
 140.040901,   35.012162,      -16.16,
 140.045405,   35.012162,      -15.84,
 140.049910,   35.012162,      -15.57,
 140.054414,   35.012162,      -15.35,
 140.058919,   35.012162,      -15.13,
 140.063423,   35.012162,      -14.91,
 140.067928,   35.012162,      -14.71,
 140.072432,   35.012162,      -14.52,
 140.076937,   35.012162,      -14.35,
 140.081441,   35.012162,      -14.19,
 140.085946,   35.012162,      -14.03,
 140.090450,   35.012162,      -13.88,
 140.094955,   35.012162,      -13.75,
 140.099459,   35.012162,      -13.61,
 140.103964,   35.012162,      -13.47,
 140.108468,   35.012162,      -13.34,
 140.112973,   35.012162,      -13.21,
 140.117477,   35.012162,      -13.07,
 140.121982,   35.012162,      -12.94,
 140.126486,   35.012162,      -12.82,
 140.130991,   35.012162,      -12.67,
 140.135495,   35.012162,      -12.56,
 140.140000,   35.012162,      -12.44,
 140.144505,   35.012162,      -12.33,
 140.149009,   35.012162,      -12.21,
 140.153514,   35.012162,      -12.11,
 140.158018,   35.012162,      -12.02,
 140.162523,   35.012162,      -11.94,
 140.167027,   35.012162,      -11.89,
 140.171532,   35.012162,      -11.86,
 140.176036,   35.012162,      -11.83,
 140.180541,   35.012162,      -11.80,
 140.185045,   35.012162,      -11.77,
 140.189550,   35.012162,      -11.73,
 140.194054,   35.012162,      -11.70,
 140.198559,   35.012162,      -11.66,
 140.203063,   35.012162,      -11.63,
 140.207568,   35.012162,      -11.60,
 140.212072,   35.012162,      -11.56,
 140.216577,   35.012162,      -11.53,
 140.221081,   35.012162,      -11.49,
 140.225586,   35.012162,      -11.44,
 140.230090,   35.012162,      -11.38,
 140.234595,   35.012162,      -11.33,
 140.239099,   35.012162,      -11.28,
 140.243604,   35.012162,      -11.22,
 140.248108,   35.012162,      -11.16,
 140.252613,   35.012162,      -11.10,
 140.257117,   35.012162,      -11.04,
 140.261622,   35.012162,      -10.98,
 140.266126,   35.012162,      -10.91,
 140.270631,   35.012162,      -10.86,
 140.275135,   35.012162,      -10.81,
 140.279640,   35.012162,      -10.78,
 140.284144,   35.012162,      -10.74,
 140.288649,   35.012162,      -10.71,
 140.293153,   35.012162,      -10.68,
 140.297658,   35.012162,      -10.66,
 140.302162,   35.012162,      -10.65,
 140.306667,   35.012162,      -10.63,
 140.311171,   35.012162,      -10.62,
 140.315676,   35.012162,      -10.60,
 140.320180,   35.012162,      -10.60,
 140.324685,   35.012162,      -10.64,
 140.329189,   35.012162,      -10.71,
 140.333694,   35.012162,      -10.79,
 140.338198,   35.012162,      -10.87,
 140.342703,   35.012162,      -10.96,
 140.347207,   35.012162,      -11.06,
 140.351712,   35.012162,      -11.17,
 140.356216,   35.012162,      -11.28,
 140.360721,   35.012162,      -11.40,
 140.365225,   35.012162,      -11.53,
 140.369730,   35.012162,      -11.64,
 140.374234,   35.012162,      -11.95,
 140.378739,   35.012162,      -12.29,
 140.383243,   35.012162,      -12.64,
 140.387748,   35.012162,      -13.01,
 139.140000,   35.016667,      -14.22,
 139.144505,   35.016667,      -14.63,
 139.149009,   35.016667,      -15.03,
 139.153514,   35.016667,      -15.40,
 139.158018,   35.016667,      -15.75,
 139.162523,   35.016667,      -16.07,
 139.167027,   35.016667,      -16.37,
 139.171532,   35.016667,      -16.65,
 139.176036,   35.016667,      -16.91,
 139.180541,   35.016667,      -17.14,
 139.185045,   35.016667,      -17.36,
 139.189550,   35.016667,      -17.54,
 139.194054,   35.016667,      -17.67,
 139.198559,   35.016667,      -17.68,
 139.203063,   35.016667,      -17.72,
 139.207568,   35.016667,      -17.77,
 139.212072,   35.016667,      -17.86,
 139.216577,   35.016667,      -17.95,
 139.221081,   35.016667,      -18.05,
 139.225586,   35.016667,      -18.15,
 139.230090,   35.016667,      -18.26,
 139.234595,   35.016667,      -18.38,
 139.239099,   35.016667,      -18.60,
 139.243604,   35.016667,      -18.88,
 139.248108,   35.016667,      -19.16,
 139.252613,   35.016667,      -19.43,
 139.257117,   35.016667,      -19.71,
 139.261622,   35.016667,      -19.93,
 139.266126,   35.016667,      -20.04,
 139.270631,   35.016667,      -20.10,
 139.275135,   35.016667,      -20.13,
 139.279640,   35.016667,      -20.15,
 139.284144,   35.016667,      -20.17,
 139.288649,   35.016667,      -20.18,
 139.293153,   35.016667,      -20.19,
 139.297658,   35.016667,      -20.22,
 139.302162,   35.016667,      -20.29,
 139.306667,   35.016667,      -20.35,
 139.311171,   35.016667,      -20.35,
 139.315676,   35.016667,      -20.33,
 139.320180,   35.016667,      -20.30,
 139.324685,   35.016667,      -20.24,
 139.329189,   35.016667,      -20.16,
 139.333694,   35.016667,      -20.08,
 139.338198,   35.016667,      -19.99,
 139.342703,   35.016667,      -19.89,
 139.347207,   35.016667,      -19.79,
 139.351712,   35.016667,      -19.68,
 139.356216,   35.016667,      -19.52,
 139.360721,   35.016667,      -19.34,
 139.365225,   35.016667,      -19.12,
 139.369730,   35.016667,      -18.89,
 139.374234,   35.016667,      -18.64,
 139.378739,   35.016667,      -18.36,
 139.383243,   35.016667,      -18.06,
 139.387748,   35.016667,      -17.76,
 139.392252,   35.016667,      -17.44,
 139.396757,   35.016667,      -17.12,
 139.401261,   35.016667,      -16.79,
 139.405766,   35.016667,      -16.46,
 139.410270,   35.016667,      -16.17,
 139.414775,   35.016667,      -15.92,
 139.419279,   35.016667,      -15.66,
 139.423784,   35.016667,      -15.39,
 139.428288,   35.016667,      -15.12,
 139.432793,   35.016667,      -14.85,
 139.437297,   35.016667,      -14.59,
 139.441802,   35.016667,      -14.33,
 139.446306,   35.016667,      -14.08,
 139.450811,   35.016667,      -13.83,
 139.455315,   35.016667,      -13.57,
 139.459820,   35.016667,      -13.32,
 139.464324,   35.016667,      -13.09,
 139.468829,   35.016667,      -12.86,
 139.473333,   35.016667,      -12.63,
 139.477838,   35.016667,      -12.41,
 139.482342,   35.016667,      -12.26,
 139.486847,   35.016667,      -12.06,
 139.491351,   35.016667,      -11.85,
 139.495856,   35.016667,      -11.64,
 139.500360,   35.016667,      -11.42,
 139.504865,   35.016667,      -11.20,
 139.509369,   35.016667,      -10.97,
 139.513874,   35.016667,      -10.72,
 139.518378,   35.016667,      -10.45,
 139.522883,   35.016667,      -10.17,
 139.527387,   35.016667,       -9.90,
 139.531892,   35.016667,       -9.62,
 139.536396,   35.016667,       -9.38,
 139.540901,   35.016667,       -9.22,
 139.545405,   35.016667,       -9.10,
 139.549910,   35.016667,       -8.98,
 139.554414,   35.016667,       -8.85,
 139.558919,   35.016667,       -8.71,
 139.563423,   35.016667,       -8.58,
 139.567928,   35.016667,       -8.47,
 139.572432,   35.016667,       -8.37,
 139.576937,   35.016667,       -8.27,
 139.581441,   35.016667,       -8.17,
 139.585946,   35.016667,       -8.11,
 139.590450,   35.016667,       -8.02,
 139.594955,   35.016667,       -7.89,
 139.599459,   35.016667,       -7.76,
 139.603964,   35.016667,       -7.62,
 139.608468,   35.016667,       -7.49,
 139.612973,   35.016667,       -7.29,
 139.617477,   35.016667,       -7.04,
 139.621982,   35.016667,       -6.76,
 139.626486,   35.016667,       -6.44,
 139.630991,   35.016667,       -6.09,
 139.635495,   35.016667,       -5.80,
 139.640000,   35.016667,       -5.52,
 139.644505,   35.016667,       -5.22,
 139.649009,   35.016667,       -4.94,
 139.653514,   35.016667,       -4.73,
 139.658018,   35.016667,       -4.57,
 139.662523,   35.016667,       -4.40,
 139.667027,   35.016667,       -4.23,
 139.671532,   35.016667,       -4.21,
 139.676036,   35.016667,       -4.22,
 139.680541,   35.016667,       -4.24,
 139.685045,   35.016667,       -4.27,
 139.689550,   35.016667,       -4.32,
 139.694054,   35.016667,       -4.33,
 139.698559,   35.016667,       -4.33,
 139.703063,   35.016667,       -4.32,
 139.707568,   35.016667,       -4.34,
 139.712072,   35.016667,       -4.39,
 139.716577,   35.016667,       -4.45,
 139.721081,   35.016667,       -4.50,
 139.725586,   35.016667,       -4.53,
 139.730090,   35.016667,       -4.56,
 139.734595,   35.016667,       -4.59,
 139.739099,   35.016667,       -4.61,
 139.743604,   35.016667,       -4.63,
 139.748108,   35.016667,       -4.63,
 139.752613,   35.016667,       -4.62,
 139.757117,   35.016667,       -4.59,
 139.761622,   35.016667,       -4.56,
 139.766126,   35.016667,       -4.50,
 139.770631,   35.016667,       -4.40,
 139.775135,   35.016667,       -4.31,
 139.779640,   35.016667,       -4.27,
 139.784144,   35.016667,       -4.23,
 139.788649,   35.016667,       -4.26,
 139.793153,   35.016667,       -4.43,
 139.797658,   35.016667,       -4.73,
 139.802162,   35.016667,       -5.09,
 139.806667,   35.016667,       -5.50,
 139.811171,   35.016667,       -5.96,
 139.815676,   35.016667,       -6.46,
 139.820180,   35.016667,       -6.97,
 139.824685,   35.016667,       -7.45,
 139.829189,   35.016667,       -7.83,
 139.833694,   35.016667,       -8.19,
 139.838198,   35.016667,       -8.67,
 139.842703,   35.016667,       -9.35,
 139.847207,   35.016667,      -10.06,
 139.851712,   35.016667,      -10.75,
 139.856216,   35.016667,      -11.38,
 139.860721,   35.016667,      -11.79,
 139.865225,   35.016667,      -12.16,
 139.869730,   35.016667,      -12.49,
 139.874234,   35.016667,      -12.78,
 139.878739,   35.016667,      -13.05,
 139.883243,   35.016667,      -13.32,
 139.887748,   35.016667,      -13.59,
 139.892252,   35.016667,      -13.84,
 139.896757,   35.016667,      -14.08,
 139.901261,   35.016667,      -14.31,
 139.905766,   35.016667,      -14.53,
 139.910270,   35.016667,      -14.74,
 139.914775,   35.016667,      -14.95,
 139.919279,   35.016667,      -15.14,
 139.923784,   35.016667,      -15.33,
 139.928288,   35.016667,      -15.51,
 139.932793,   35.016667,      -15.68,
 139.937297,   35.016667,      -15.85,
 139.941802,   35.016667,      -16.01,
 139.946306,   35.016667,      -16.16,
 139.950811,   35.016667,      -16.30,
 139.955315,   35.016667,      -16.44,
 139.959820,   35.016667,      -16.57,
 139.964324,   35.016667,      -16.69,
 139.968829,   35.016667,      -16.81,
 139.973333,   35.016667,      -16.92,
 139.977838,   35.016667,      -17.05,
 139.982342,   35.016667,      -17.17,
 139.986847,   35.016667,      -17.45,
 139.991351,   35.016667,      -17.69,
 139.995856,   35.016667,      -17.90,
 140.000360,   35.016667,      -18.05,
 140.004865,   35.016667,      -18.19,
 140.009369,   35.016667,      -18.18,
 140.013874,   35.016667,      -18.15,
 140.018378,   35.016667,      -18.05,
 140.022883,   35.016667,      -17.80,
 140.027387,   35.016667,      -17.57,
 140.031892,   35.016667,      -17.27,
 140.036396,   35.016667,      -16.93,
 140.040901,   35.016667,      -16.60,
 140.045405,   35.016667,      -16.29,
 140.049910,   35.016667,      -16.00,
 140.054414,   35.016667,      -15.74,
 140.058919,   35.016667,      -15.52,
 140.063423,   35.016667,      -15.29,
 140.067928,   35.016667,      -15.07,
 140.072432,   35.016667,      -14.89,
 140.076937,   35.016667,      -14.69,
 140.081441,   35.016667,      -14.51,
 140.085946,   35.016667,      -14.36,
 140.090450,   35.016667,      -14.19,
 140.094955,   35.016667,      -14.04,
 140.099459,   35.016667,      -13.90,
 140.103964,   35.016667,      -13.75,
 140.108468,   35.016667,      -13.61,
 140.112973,   35.016667,      -13.47,
 140.117477,   35.016667,      -13.32,
 140.121982,   35.016667,      -13.18,
 140.126486,   35.016667,      -13.04,
 140.130991,   35.016667,      -12.90,
 140.135495,   35.016667,      -12.75,
 140.140000,   35.016667,      -12.60,
 140.144505,   35.016667,      -12.46,
 140.149009,   35.016667,      -12.33,
 140.153514,   35.016667,      -12.22,
 140.158018,   35.016667,      -12.10,
 140.162523,   35.016667,      -11.98,
 140.167027,   35.016667,      -11.88,
 140.171532,   35.016667,      -11.85,
 140.176036,   35.016667,      -11.82,
 140.180541,   35.016667,      -11.79,
 140.185045,   35.016667,      -11.76,
 140.189550,   35.016667,      -11.73,
 140.194054,   35.016667,      -11.69,
 140.198559,   35.016667,      -11.65,
 140.203063,   35.016667,      -11.61,
 140.207568,   35.016667,      -11.58,
 140.212072,   35.016667,      -11.53,
 140.216577,   35.016667,      -11.49,
 140.221081,   35.016667,      -11.45,
 140.225586,   35.016667,      -11.40,
 140.230090,   35.016667,      -11.35,
 140.234595,   35.016667,      -11.30,
 140.239099,   35.016667,      -11.25,
 140.243604,   35.016667,      -11.20,
 140.248108,   35.016667,      -11.15,
 140.252613,   35.016667,      -11.08,
 140.257117,   35.016667,      -11.02,
 140.261622,   35.016667,      -10.96,
 140.266126,   35.016667,      -10.89,
 140.270631,   35.016667,      -10.84,
 140.275135,   35.016667,      -10.79,
 140.279640,   35.016667,      -10.76,
 140.284144,   35.016667,      -10.73,
 140.288649,   35.016667,      -10.70,
 140.293153,   35.016667,      -10.67,
 140.297658,   35.016667,      -10.65,
 140.302162,   35.016667,      -10.63,
 140.306667,   35.016667,      -10.61,
 140.311171,   35.016667,      -10.61,
 140.315676,   35.016667,      -10.63,
 140.320180,   35.016667,      -10.68,
 140.324685,   35.016667,      -10.77,
 140.329189,   35.016667,      -10.87,
 140.333694,   35.016667,      -10.95,
 140.338198,   35.016667,      -11.04,
 140.342703,   35.016667,      -11.13,
 140.347207,   35.016667,      -11.24,
 140.351712,   35.016667,      -11.34,
 140.356216,   35.016667,      -11.46,
 140.360721,   35.016667,      -11.58,
 140.365225,   35.016667,      -11.84,
 140.369730,   35.016667,      -12.15,
 140.374234,   35.016667,      -12.47,
 140.378739,   35.016667,      -12.82,
 140.383243,   35.016667,      -13.18,
 140.387748,   35.016667,      -13.56,
 139.140000,   35.021171,      -14.34,
 139.144505,   35.021171,      -14.24,
 139.149009,   35.021171,      -14.56,
 139.153514,   35.021171,      -14.94,
 139.158018,   35.021171,      -15.30,
 139.162523,   35.021171,      -15.64,
 139.167027,   35.021171,      -15.96,
 139.171532,   35.021171,      -16.25,
 139.176036,   35.021171,      -16.52,
 139.180541,   35.021171,      -16.77,
 139.185045,   35.021171,      -17.00,
 139.189550,   35.021171,      -17.20,
 139.194054,   35.021171,      -17.38,
 139.198559,   35.021171,      -17.53,
 139.203063,   35.021171,      -17.60,
 139.207568,   35.021171,      -17.67,
 139.212072,   35.021171,      -17.74,
 139.216577,   35.021171,      -17.83,
 139.221081,   35.021171,      -17.92,
 139.225586,   35.021171,      -18.02,
 139.230090,   35.021171,      -18.12,
 139.234595,   35.021171,      -18.25,
 139.239099,   35.021171,      -18.46,
 139.243604,   35.021171,      -18.73,
 139.248108,   35.021171,      -19.00,
 139.252613,   35.021171,      -19.27,
 139.257117,   35.021171,      -19.55,
 139.261622,   35.021171,      -19.79,
 139.266126,   35.021171,      -19.91,
 139.270631,   35.021171,      -19.98,
 139.275135,   35.021171,      -20.03,
 139.279640,   35.021171,      -20.08,
 139.284144,   35.021171,      -20.12,
 139.288649,   35.021171,      -20.16,
 139.293153,   35.021171,      -20.20,
 139.297658,   35.021171,      -20.26,
 139.302162,   35.021171,      -20.34,
 139.306667,   35.021171,      -20.41,
 139.311171,   35.021171,      -20.48,
 139.315676,   35.021171,      -20.50,
 139.320180,   35.021171,      -20.51,
 139.324685,   35.021171,      -20.49,
 139.329189,   35.021171,      -20.44,
 139.333694,   35.021171,      -20.35,
 139.338198,   35.021171,      -20.26,
 139.342703,   35.021171,      -20.16,
 139.347207,   35.021171,      -20.06,
 139.351712,   35.021171,      -19.95,
 139.356216,   35.021171,      -19.81,
 139.360721,   35.021171,      -19.64,
 139.365225,   35.021171,      -19.43,
 139.369730,   35.021171,      -19.20,
 139.374234,   35.021171,      -18.94,
 139.378739,   35.021171,      -18.64,
 139.383243,   35.021171,      -18.34,
 139.387748,   35.021171,      -18.02,
 139.392252,   35.021171,      -17.71,
 139.396757,   35.021171,      -17.39,
 139.401261,   35.021171,      -17.07,
 139.405766,   35.021171,      -16.73,
 139.410270,   35.021171,      -16.40,
 139.414775,   35.021171,      -16.11,
 139.419279,   35.021171,      -15.82,
 139.423784,   35.021171,      -15.54,
 139.428288,   35.021171,      -15.25,
 139.432793,   35.021171,      -14.97,
 139.437297,   35.021171,      -14.68,
 139.441802,   35.021171,      -14.41,
 139.446306,   35.021171,      -14.15,
 139.450811,   35.021171,      -13.90,
 139.455315,   35.021171,      -13.63,
 139.459820,   35.021171,      -13.36,
 139.464324,   35.021171,      -13.10,
 139.468829,   35.021171,      -12.84,
 139.473333,   35.021171,      -12.58,
 139.477838,   35.021171,      -12.32,
 139.482342,   35.021171,      -12.07,
 139.486847,   35.021171,      -11.88,
 139.491351,   35.021171,      -11.68,
 139.495856,   35.021171,      -11.46,
 139.500360,   35.021171,      -11.24,
 139.504865,   35.021171,      -11.03,
 139.509369,   35.021171,      -10.81,
 139.513874,   35.021171,      -10.56,
 139.518378,   35.021171,      -10.29,
 139.522883,   35.021171,      -10.01,
 139.527387,   35.021171,       -9.74,
 139.531892,   35.021171,       -9.46,
 139.536396,   35.021171,       -9.19,
 139.540901,   35.021171,       -9.03,
 139.545405,   35.021171,       -8.90,
 139.549910,   35.021171,       -8.76,
 139.554414,   35.021171,       -8.61,
 139.558919,   35.021171,       -8.46,
 139.563423,   35.021171,       -8.32,
 139.567928,   35.021171,       -8.20,
 139.572432,   35.021171,       -8.11,
 139.576937,   35.021171,       -8.04,
 139.581441,   35.021171,       -7.99,
 139.585946,   35.021171,       -7.96,
 139.590450,   35.021171,       -7.90,
 139.594955,   35.021171,       -7.80,
 139.599459,   35.021171,       -7.67,
 139.603964,   35.021171,       -7.54,
 139.608468,   35.021171,       -7.41,
 139.612973,   35.021171,       -7.25,
 139.617477,   35.021171,       -7.03,
 139.621982,   35.021171,       -6.76,
 139.626486,   35.021171,       -6.46,
 139.630991,   35.021171,       -6.17,
 139.635495,   35.021171,       -5.91,
 139.640000,   35.021171,       -5.64,
 139.644505,   35.021171,       -5.37,
 139.649009,   35.021171,       -5.10,
 139.653514,   35.021171,       -4.89,
 139.658018,   35.021171,       -4.72,
 139.662523,   35.021171,       -4.56,
 139.667027,   35.021171,       -4.42,
 139.671532,   35.021171,       -4.35,
 139.676036,   35.021171,       -4.35,
 139.680541,   35.021171,       -4.37,
 139.685045,   35.021171,       -4.39,
 139.689550,   35.021171,       -4.40,
 139.694054,   35.021171,       -4.41,
 139.698559,   35.021171,       -4.42,
 139.703063,   35.021171,       -4.42,
 139.707568,   35.021171,       -4.44,
 139.712072,   35.021171,       -4.49,
 139.716577,   35.021171,       -4.53,
 139.721081,   35.021171,       -4.57,
 139.725586,   35.021171,       -4.61,
 139.730090,   35.021171,       -4.63,
 139.734595,   35.021171,       -4.66,
 139.739099,   35.021171,       -4.69,
 139.743604,   35.021171,       -4.71,
 139.748108,   35.021171,       -4.73,
 139.752613,   35.021171,       -4.75,
 139.757117,   35.021171,       -4.72,
 139.761622,   35.021171,       -4.68,
 139.766126,   35.021171,       -4.59,
 139.770631,   35.021171,       -4.48,
 139.775135,   35.021171,       -4.36,
 139.779640,   35.021171,       -4.27,
 139.784144,   35.021171,       -4.23,
 139.788649,   35.021171,       -4.20,
 139.793153,   35.021171,       -4.44,
 139.797658,   35.021171,       -4.76,
 139.802162,   35.021171,       -5.09,
 139.806667,   35.021171,       -5.51,
 139.811171,   35.021171,       -5.97,
 139.815676,   35.021171,       -6.48,
 139.820180,   35.021171,       -6.96,
 139.824685,   35.021171,       -7.43,
 139.829189,   35.021171,       -7.88,
 139.833694,   35.021171,       -8.37,
 139.838198,   35.021171,       -8.99,
 139.842703,   35.021171,       -9.63,
 139.847207,   35.021171,      -10.34,
 139.851712,   35.021171,      -11.06,
 139.856216,   35.021171,      -11.58,
 139.860721,   35.021171,      -12.01,
 139.865225,   35.021171,      -12.40,
 139.869730,   35.021171,      -12.75,
 139.874234,   35.021171,      -13.07,
 139.878739,   35.021171,      -13.36,
 139.883243,   35.021171,      -13.64,
 139.887748,   35.021171,      -13.90,
 139.892252,   35.021171,      -14.15,
 139.896757,   35.021171,      -14.39,
 139.901261,   35.021171,      -14.62,
 139.905766,   35.021171,      -14.84,
 139.910270,   35.021171,      -15.05,
 139.914775,   35.021171,      -15.25,
 139.919279,   35.021171,      -15.44,
 139.923784,   35.021171,      -15.62,
 139.928288,   35.021171,      -15.79,
 139.932793,   35.021171,      -15.95,
 139.937297,   35.021171,      -16.10,
 139.941802,   35.021171,      -16.25,
 139.946306,   35.021171,      -16.39,
 139.950811,   35.021171,      -16.53,
 139.955315,   35.021171,      -16.66,
 139.959820,   35.021171,      -16.78,
 139.964324,   35.021171,      -16.90,
 139.968829,   35.021171,      -17.01,
 139.973333,   35.021171,      -17.12,
 139.977838,   35.021171,      -17.23,
 139.982342,   35.021171,      -17.33,
 139.986847,   35.021171,      -17.42,
 139.991351,   35.021171,      -17.62,
 139.995856,   35.021171,      -17.85,
 140.000360,   35.021171,      -18.03,
 140.004865,   35.021171,      -18.20,
 140.009369,   35.021171,      -18.28,
 140.013874,   35.021171,      -18.26,
 140.018378,   35.021171,      -18.24,
 140.022883,   35.021171,      -18.09,
 140.027387,   35.021171,      -17.87,
 140.031892,   35.021171,      -17.68,
 140.036396,   35.021171,      -17.38,
 140.040901,   35.021171,      -17.05,
 140.045405,   35.021171,      -16.75,
 140.049910,   35.021171,      -16.47,
 140.054414,   35.021171,      -16.20,
 140.058919,   35.021171,      -15.96,
 140.063423,   35.021171,      -15.73,
 140.067928,   35.021171,      -15.51,
 140.072432,   35.021171,      -15.31,
 140.076937,   35.021171,      -15.11,
 140.081441,   35.021171,      -14.90,
 140.085946,   35.021171,      -14.73,
 140.090450,   35.021171,      -14.56,
 140.094955,   35.021171,      -14.37,
 140.099459,   35.021171,      -14.22,
 140.103964,   35.021171,      -14.06,
 140.108468,   35.021171,      -13.90,
 140.112973,   35.021171,      -13.75,
 140.117477,   35.021171,      -13.59,
 140.121982,   35.021171,      -13.43,
 140.126486,   35.021171,      -13.29,
 140.130991,   35.021171,      -13.14,
 140.135495,   35.021171,      -12.99,
 140.140000,   35.021171,      -12.82,
 140.144505,   35.021171,      -12.65,
 140.149009,   35.021171,      -12.47,
 140.153514,   35.021171,      -12.34,
 140.158018,   35.021171,      -12.22,
 140.162523,   35.021171,      -12.10,
 140.167027,   35.021171,      -11.98,
 140.171532,   35.021171,      -11.89,
 140.176036,   35.021171,      -11.83,
 140.180541,   35.021171,      -11.79,
 140.185045,   35.021171,      -11.76,
 140.189550,   35.021171,      -11.72,
 140.194054,   35.021171,      -11.69,
 140.198559,   35.021171,      -11.64,
 140.203063,   35.021171,      -11.60,
 140.207568,   35.021171,      -11.56,
 140.212072,   35.021171,      -11.51,
 140.216577,   35.021171,      -11.46,
 140.221081,   35.021171,      -11.41,
 140.225586,   35.021171,      -11.37,
 140.230090,   35.021171,      -11.33,
 140.234595,   35.021171,      -11.28,
 140.239099,   35.021171,      -11.23,
 140.243604,   35.021171,      -11.18,
 140.248108,   35.021171,      -11.13,
 140.252613,   35.021171,      -11.07,
 140.257117,   35.021171,      -11.01,
 140.261622,   35.021171,      -10.94,
 140.266126,   35.021171,      -10.88,
 140.270631,   35.021171,      -10.81,
 140.275135,   35.021171,      -10.77,
 140.279640,   35.021171,      -10.75,
 140.284144,   35.021171,      -10.72,
 140.288649,   35.021171,      -10.70,
 140.293153,   35.021171,      -10.67,
 140.297658,   35.021171,      -10.64,
 140.302162,   35.021171,      -10.61,
 140.306667,   35.021171,      -10.60,
 140.311171,   35.021171,      -10.64,
 140.315676,   35.021171,      -10.70,
 140.320180,   35.021171,      -10.79,
 140.324685,   35.021171,      -10.90,
 140.329189,   35.021171,      -11.02,
 140.333694,   35.021171,      -11.11,
 140.338198,   35.021171,      -11.20,
 140.342703,   35.021171,      -11.30,
 140.347207,   35.021171,      -11.40,
 140.351712,   35.021171,      -11.51,
 140.356216,   35.021171,      -11.73,
 140.360721,   35.021171,      -12.01,
 140.365225,   35.021171,      -12.32,
 140.369730,   35.021171,      -12.64,
 140.374234,   35.021171,      -12.98,
 140.378739,   35.021171,      -13.33,
 140.383243,   35.021171,      -13.71,
 140.387748,   35.021171,      -14.10,
 139.140000,   35.025676,      -14.94,
 139.144505,   35.025676,      -14.73,
 139.149009,   35.025676,      -14.56,
 139.153514,   35.025676,      -14.54,
 139.158018,   35.025676,      -14.88,
 139.162523,   35.025676,      -15.24,
 139.167027,   35.025676,      -15.57,
 139.171532,   35.025676,      -15.87,
 139.176036,   35.025676,      -16.16,
 139.180541,   35.025676,      -16.42,
 139.185045,   35.025676,      -16.66,
 139.189550,   35.025676,      -16.87,
 139.194054,   35.025676,      -17.07,
 139.198559,   35.025676,      -17.24,
 139.203063,   35.025676,      -17.41,
 139.207568,   35.025676,      -17.52,
 139.212072,   35.025676,      -17.60,
 139.216577,   35.025676,      -17.68,
 139.221081,   35.025676,      -17.77,
 139.225586,   35.025676,      -17.87,
 139.230090,   35.025676,      -17.97,
 139.234595,   35.025676,      -18.10,
 139.239099,   35.025676,      -18.33,
 139.243604,   35.025676,      -18.59,
 139.248108,   35.025676,      -18.86,
 139.252613,   35.025676,      -19.13,
 139.257117,   35.025676,      -19.39,
 139.261622,   35.025676,      -19.66,
 139.266126,   35.025676,      -19.80,
 139.270631,   35.025676,      -19.89,
 139.275135,   35.025676,      -19.97,
 139.279640,   35.025676,      -20.04,
 139.284144,   35.025676,      -20.11,
 139.288649,   35.025676,      -20.16,
 139.293153,   35.025676,      -20.23,
 139.297658,   35.025676,      -20.30,
 139.302162,   35.025676,      -20.38,
 139.306667,   35.025676,      -20.46,
 139.311171,   35.025676,      -20.54,
 139.315676,   35.025676,      -20.61,
 139.320180,   35.025676,      -20.67,
 139.324685,   35.025676,      -20.71,
 139.329189,   35.025676,      -20.71,
 139.333694,   35.025676,      -20.63,
 139.338198,   35.025676,      -20.52,
 139.342703,   35.025676,      -20.41,
 139.347207,   35.025676,      -20.31,
 139.351712,   35.025676,      -20.21,
 139.356216,   35.025676,      -20.09,
 139.360721,   35.025676,      -19.95,
 139.365225,   35.025676,      -19.76,
 139.369730,   35.025676,      -19.53,
 139.374234,   35.025676,      -19.26,
 139.378739,   35.025676,      -18.95,
 139.383243,   35.025676,      -18.64,
 139.387748,   35.025676,      -18.32,
 139.392252,   35.025676,      -18.00,
 139.396757,   35.025676,      -17.67,
 139.401261,   35.025676,      -17.34,
 139.405766,   35.025676,      -17.00,
 139.410270,   35.025676,      -16.66,
 139.414775,   35.025676,      -16.33,
 139.419279,   35.025676,      -16.02,
 139.423784,   35.025676,      -15.72,
 139.428288,   35.025676,      -15.41,
 139.432793,   35.025676,      -15.10,
 139.437297,   35.025676,      -14.79,
 139.441802,   35.025676,      -14.49,
 139.446306,   35.025676,      -14.23,
 139.450811,   35.025676,      -13.96,
 139.455315,   35.025676,      -13.68,
 139.459820,   35.025676,      -13.40,
 139.464324,   35.025676,      -13.12,
 139.468829,   35.025676,      -12.85,
 139.473333,   35.025676,      -12.58,
 139.477838,   35.025676,      -12.30,
 139.482342,   35.025676,      -12.03,
 139.486847,   35.025676,      -11.79,
 139.491351,   35.025676,      -11.56,
 139.495856,   35.025676,      -11.33,
 139.500360,   35.025676,      -11.10,
 139.504865,   35.025676,      -10.88,
 139.509369,   35.025676,      -10.65,
 139.513874,   35.025676,      -10.40,
 139.518378,   35.025676,      -10.13,
 139.522883,   35.025676,       -9.87,
 139.527387,   35.025676,       -9.60,
 139.531892,   35.025676,       -9.33,
 139.536396,   35.025676,       -9.06,
 139.540901,   35.025676,       -8.88,
 139.545405,   35.025676,       -8.73,
 139.549910,   35.025676,       -8.58,
 139.554414,   35.025676,       -8.41,
 139.558919,   35.025676,       -8.23,
 139.563423,   35.025676,       -8.06,
 139.567928,   35.025676,       -7.94,
 139.572432,   35.025676,       -7.88,
 139.576937,   35.025676,       -7.85,
 139.581441,   35.025676,       -7.83,
 139.585946,   35.025676,       -7.82,
 139.590450,   35.025676,       -7.79,
 139.594955,   35.025676,       -7.71,
 139.599459,   35.025676,       -7.59,
 139.603964,   35.025676,       -7.46,
 139.608468,   35.025676,       -7.34,
 139.612973,   35.025676,       -7.21,
 139.617477,   35.025676,       -7.03,
 139.621982,   35.025676,       -6.80,
 139.626486,   35.025676,       -6.53,
 139.630991,   35.025676,       -6.26,
 139.635495,   35.025676,       -6.01,
 139.640000,   35.025676,       -5.75,
 139.644505,   35.025676,       -5.50,
 139.649009,   35.025676,       -5.24,
 139.653514,   35.025676,       -5.05,
 139.658018,   35.025676,       -4.89,
 139.662523,   35.025676,       -4.74,
 139.667027,   35.025676,       -4.60,
 139.671532,   35.025676,       -4.50,
 139.676036,   35.025676,       -4.47,
 139.680541,   35.025676,       -4.48,
 139.685045,   35.025676,       -4.50,
 139.689550,   35.025676,       -4.51,
 139.694054,   35.025676,       -4.52,
 139.698559,   35.025676,       -4.53,
 139.703063,   35.025676,       -4.54,
 139.707568,   35.025676,       -4.56,
 139.712072,   35.025676,       -4.59,
 139.716577,   35.025676,       -4.62,
 139.721081,   35.025676,       -4.65,
 139.725586,   35.025676,       -4.68,
 139.730090,   35.025676,       -4.70,
 139.734595,   35.025676,       -4.73,
 139.739099,   35.025676,       -4.76,
 139.743604,   35.025676,       -4.79,
 139.748108,   35.025676,       -4.82,
 139.752613,   35.025676,       -4.86,
 139.757117,   35.025676,       -4.87,
 139.761622,   35.025676,       -4.79,
 139.766126,   35.025676,       -4.68,
 139.770631,   35.025676,       -4.57,
 139.775135,   35.025676,       -4.43,
 139.779640,   35.025676,       -4.29,
 139.784144,   35.025676,       -4.22,
 139.788649,   35.025676,       -4.30,
 139.793153,   35.025676,       -4.48,
 139.797658,   35.025676,       -4.77,
 139.802162,   35.025676,       -5.06,
 139.806667,   35.025676,       -5.43,
 139.811171,   35.025676,       -5.90,
 139.815676,   35.025676,       -6.42,
 139.820180,   35.025676,       -6.93,
 139.824685,   35.025676,       -7.41,
 139.829189,   35.025676,       -7.96,
 139.833694,   35.025676,       -8.67,
 139.838198,   35.025676,       -9.32,
 139.842703,   35.025676,       -9.99,
 139.847207,   35.025676,      -10.70,
 139.851712,   35.025676,      -11.35,
 139.856216,   35.025676,      -11.87,
 139.860721,   35.025676,      -12.29,
 139.865225,   35.025676,      -12.69,
 139.869730,   35.025676,      -13.05,
 139.874234,   35.025676,      -13.38,
 139.878739,   35.025676,      -13.69,
 139.883243,   35.025676,      -13.97,
 139.887748,   35.025676,      -14.24,
 139.892252,   35.025676,      -14.49,
 139.896757,   35.025676,      -14.73,
 139.901261,   35.025676,      -14.95,
 139.905766,   35.025676,      -15.17,
 139.910270,   35.025676,      -15.37,
 139.914775,   35.025676,      -15.55,
 139.919279,   35.025676,      -15.72,
 139.923784,   35.025676,      -15.87,
 139.928288,   35.025676,      -16.02,
 139.932793,   35.025676,      -16.17,
 139.937297,   35.025676,      -16.31,
 139.941802,   35.025676,      -16.44,
 139.946306,   35.025676,      -16.58,
 139.950811,   35.025676,      -16.71,
 139.955315,   35.025676,      -16.83,
 139.959820,   35.025676,      -16.95,
 139.964324,   35.025676,      -17.07,
 139.968829,   35.025676,      -17.19,
 139.973333,   35.025676,      -17.31,
 139.977838,   35.025676,      -17.42,
 139.982342,   35.025676,      -17.53,
 139.986847,   35.025676,      -17.60,
 139.991351,   35.025676,      -17.64,
 139.995856,   35.025676,      -17.82,
 140.000360,   35.025676,      -18.00,
 140.004865,   35.025676,      -18.17,
 140.009369,   35.025676,      -18.30,
 140.013874,   35.025676,      -18.33,
 140.018378,   35.025676,      -18.33,
 140.022883,   35.025676,      -18.30,
 140.027387,   35.025676,      -18.14,
 140.031892,   35.025676,      -18.00,
 140.036396,   35.025676,      -17.82,
 140.040901,   35.025676,      -17.52,
 140.045405,   35.025676,      -17.24,
 140.049910,   35.025676,      -16.96,
 140.054414,   35.025676,      -16.70,
 140.058919,   35.025676,      -16.44,
 140.063423,   35.025676,      -16.21,
 140.067928,   35.025676,      -15.99,
 140.072432,   35.025676,      -15.77,
 140.076937,   35.025676,      -15.56,
 140.081441,   35.025676,      -15.35,
 140.085946,   35.025676,      -15.13,
 140.090450,   35.025676,      -14.95,
 140.094955,   35.025676,      -14.74,
 140.099459,   35.025676,      -14.55,
 140.103964,   35.025676,      -14.39,
 140.108468,   35.025676,      -14.20,
 140.112973,   35.025676,      -14.04,
 140.117477,   35.025676,      -13.88,
 140.121982,   35.025676,      -13.71,
 140.126486,   35.025676,      -13.55,
 140.130991,   35.025676,      -13.39,
 140.135495,   35.025676,      -13.23,
 140.140000,   35.025676,      -13.06,
 140.144505,   35.025676,      -12.88,
 140.149009,   35.025676,      -12.68,
 140.153514,   35.025676,      -12.48,
 140.158018,   35.025676,      -12.35,
 140.162523,   35.025676,      -12.21,
 140.167027,   35.025676,      -12.09,
 140.171532,   35.025676,      -11.98,
 140.176036,   35.025676,      -11.88,
 140.180541,   35.025676,      -11.79,
 140.185045,   35.025676,      -11.76,
 140.189550,   35.025676,      -11.72,
 140.194054,   35.025676,      -11.68,
 140.198559,   35.025676,      -11.64,
 140.203063,   35.025676,      -11.60,
 140.207568,   35.025676,      -11.55,
 140.212072,   35.025676,      -11.51,
 140.216577,   35.025676,      -11.46,
 140.221081,   35.025676,      -11.42,
 140.225586,   35.025676,      -11.37,
 140.230090,   35.025676,      -11.32,
 140.234595,   35.025676,      -11.27,
 140.239099,   35.025676,      -11.22,
 140.243604,   35.025676,      -11.17,
 140.248108,   35.025676,      -11.11,
 140.252613,   35.025676,      -11.06,
 140.257117,   35.025676,      -10.99,
 140.261622,   35.025676,      -10.93,
 140.266126,   35.025676,      -10.87,
 140.270631,   35.025676,      -10.80,
 140.275135,   35.025676,      -10.77,
 140.279640,   35.025676,      -10.75,
 140.284144,   35.025676,      -10.73,
 140.288649,   35.025676,      -10.71,
 140.293153,   35.025676,      -10.68,
 140.297658,   35.025676,      -10.64,
 140.302162,   35.025676,      -10.60,
 140.306667,   35.025676,      -10.61,
 140.311171,   35.025676,      -10.70,
 140.315676,   35.025676,      -10.80,
 140.320180,   35.025676,      -10.92,
 140.324685,   35.025676,      -11.03,
 140.329189,   35.025676,      -11.15,
 140.333694,   35.025676,      -11.26,
 140.338198,   35.025676,      -11.35,
 140.342703,   35.025676,      -11.45,
 140.347207,   35.025676,      -11.63,
 140.351712,   35.025676,      -11.89,
 140.356216,   35.025676,      -12.17,
 140.360721,   35.025676,      -12.47,
 140.365225,   35.025676,      -12.78,
 140.369730,   35.025676,      -13.12,
 140.374234,   35.025676,      -13.47,
 140.378739,   35.025676,      -13.83,
 140.383243,   35.025676,      -14.22,
 140.387748,   35.025676,      -14.62,
 139.140000,   35.030180,      -15.50,
 139.144505,   35.030180,      -15.26,
 139.149009,   35.030180,      -15.06,
 139.153514,   35.030180,      -14.91,
 139.158018,   35.030180,      -14.80,
 139.162523,   35.030180,      -14.85,
 139.167027,   35.030180,      -15.20,
 139.171532,   35.030180,      -15.52,
 139.176036,   35.030180,      -15.82,
 139.180541,   35.030180,      -16.09,
 139.185045,   35.030180,      -16.34,
 139.189550,   35.030180,      -16.57,
 139.194054,   35.030180,      -16.78,
 139.198559,   35.030180,      -16.96,
 139.203063,   35.030180,      -17.17,
 139.207568,   35.030180,      -17.32,
 139.212072,   35.030180,      -17.42,
 139.216577,   35.030180,      -17.51,
 139.221081,   35.030180,      -17.61,
 139.225586,   35.030180,      -17.70,
 139.230090,   35.030180,      -17.80,
 139.234595,   35.030180,      -17.96,
 139.239099,   35.030180,      -18.20,
 139.243604,   35.030180,      -18.46,
 139.248108,   35.030180,      -18.72,
 139.252613,   35.030180,      -18.99,
 139.257117,   35.030180,      -19.25,
 139.261622,   35.030180,      -19.51,
 139.266126,   35.030180,      -19.70,
 139.270631,   35.030180,      -19.82,
 139.275135,   35.030180,      -19.92,
 139.279640,   35.030180,      -20.02,
 139.284144,   35.030180,      -20.12,
 139.288649,   35.030180,      -20.19,
 139.293153,   35.030180,      -20.27,
 139.297658,   35.030180,      -20.35,
 139.302162,   35.030180,      -20.43,
 139.306667,   35.030180,      -20.51,
 139.311171,   35.030180,      -20.59,
 139.315676,   35.030180,      -20.67,
 139.320180,   35.030180,      -20.74,
 139.324685,   35.030180,      -20.82,
 139.329189,   35.030180,      -20.90,
 139.333694,   35.030180,      -20.85,
 139.338198,   35.030180,      -20.73,
 139.342703,   35.030180,      -20.62,
 139.347207,   35.030180,      -20.52,
 139.351712,   35.030180,      -20.43,
 139.356216,   35.030180,      -20.35,
 139.360721,   35.030180,      -20.24,
 139.365225,   35.030180,      -20.09,
 139.369730,   35.030180,      -19.87,
 139.374234,   35.030180,      -19.58,
 139.378739,   35.030180,      -19.26,
 139.383243,   35.030180,      -18.93,
 139.387748,   35.030180,      -18.61,
 139.392252,   35.030180,      -18.28,
 139.396757,   35.030180,      -17.94,
 139.401261,   35.030180,      -17.61,
 139.405766,   35.030180,      -17.27,
 139.410270,   35.030180,      -16.93,
 139.414775,   35.030180,      -16.59,
 139.419279,   35.030180,      -16.25,
 139.423784,   35.030180,      -15.92,
 139.428288,   35.030180,      -15.59,
 139.432793,   35.030180,      -15.26,
 139.437297,   35.030180,      -14.92,
 139.441802,   35.030180,      -14.59,
 139.446306,   35.030180,      -14.29,
 139.450811,   35.030180,      -14.00,
 139.455315,   35.030180,      -13.71,
 139.459820,   35.030180,      -13.42,
 139.464324,   35.030180,      -13.13,
 139.468829,   35.030180,      -12.85,
 139.473333,   35.030180,      -12.57,
 139.477838,   35.030180,      -12.28,
 139.482342,   35.030180,      -11.99,
 139.486847,   35.030180,      -11.73,
 139.491351,   35.030180,      -11.48,
 139.495856,   35.030180,      -11.23,
 139.500360,   35.030180,      -10.98,
 139.504865,   35.030180,      -10.74,
 139.509369,   35.030180,      -10.50,
 139.513874,   35.030180,      -10.25,
 139.518378,   35.030180,      -10.00,
 139.522883,   35.030180,       -9.74,
 139.527387,   35.030180,       -9.49,
 139.531892,   35.030180,       -9.24,
 139.536396,   35.030180,       -9.00,
 139.540901,   35.030180,       -8.79,
 139.545405,   35.030180,       -8.61,
 139.549910,   35.030180,       -8.43,
 139.554414,   35.030180,       -8.25,
 139.558919,   35.030180,       -8.05,
 139.563423,   35.030180,       -7.84,
 139.567928,   35.030180,       -7.69,
 139.572432,   35.030180,       -7.67,
 139.576937,   35.030180,       -7.66,
 139.581441,   35.030180,       -7.66,
 139.585946,   35.030180,       -7.67,
 139.590450,   35.030180,       -7.66,
 139.594955,   35.030180,       -7.62,
 139.599459,   35.030180,       -7.51,
 139.603964,   35.030180,       -7.38,
 139.608468,   35.030180,       -7.26,
 139.612973,   35.030180,       -7.15,
 139.617477,   35.030180,       -7.01,
 139.621982,   35.030180,       -6.85,
 139.626486,   35.030180,       -6.61,
 139.630991,   35.030180,       -6.35,
 139.635495,   35.030180,       -6.11,
 139.640000,   35.030180,       -5.87,
 139.644505,   35.030180,       -5.62,
 139.649009,   35.030180,       -5.38,
 139.653514,   35.030180,       -5.20,
 139.658018,   35.030180,       -5.05,
 139.662523,   35.030180,       -4.90,
 139.667027,   35.030180,       -4.76,
 139.671532,   35.030180,       -4.65,
 139.676036,   35.030180,       -4.58,
 139.680541,   35.030180,       -4.59,
 139.685045,   35.030180,       -4.60,
 139.689550,   35.030180,       -4.60,
 139.694054,   35.030180,       -4.62,
 139.698559,   35.030180,       -4.63,
 139.703063,   35.030180,       -4.65,
 139.707568,   35.030180,       -4.67,
 139.712072,   35.030180,       -4.69,
 139.716577,   35.030180,       -4.72,
 139.721081,   35.030180,       -4.74,
 139.725586,   35.030180,       -4.75,
 139.730090,   35.030180,       -4.77,
 139.734595,   35.030180,       -4.79,
 139.739099,   35.030180,       -4.82,
 139.743604,   35.030180,       -4.89,
 139.748108,   35.030180,       -4.94,
 139.752613,   35.030180,       -4.98,
 139.757117,   35.030180,       -4.99,
 139.761622,   35.030180,       -4.90,
 139.766126,   35.030180,       -4.79,
 139.770631,   35.030180,       -4.64,
 139.775135,   35.030180,       -4.47,
 139.779640,   35.030180,       -4.32,
 139.784144,   35.030180,       -4.25,
 139.788649,   35.030180,       -4.37,
 139.793153,   35.030180,       -4.54,
 139.797658,   35.030180,       -4.69,
 139.802162,   35.030180,       -4.95,
 139.806667,   35.030180,       -5.29,
 139.811171,   35.030180,       -5.77,
 139.815676,   35.030180,       -6.34,
 139.820180,   35.030180,       -6.88,
 139.824685,   35.030180,       -7.42,
 139.829189,   35.030180,       -8.12,
 139.833694,   35.030180,       -8.96,
 139.838198,   35.030180,       -9.67,
 139.842703,   35.030180,      -10.20,
 139.847207,   35.030180,      -10.77,
 139.851712,   35.030180,      -11.68,
 139.856216,   35.030180,      -12.15,
 139.860721,   35.030180,      -12.58,
 139.865225,   35.030180,      -13.00,
 139.869730,   35.030180,      -13.38,
 139.874234,   35.030180,      -13.72,
 139.878739,   35.030180,      -14.04,
 139.883243,   35.030180,      -14.33,
 139.887748,   35.030180,      -14.60,
 139.892252,   35.030180,      -14.85,
 139.896757,   35.030180,      -15.08,
 139.901261,   35.030180,      -15.29,
 139.905766,   35.030180,      -15.47,
 139.910270,   35.030180,      -15.64,
 139.914775,   35.030180,      -15.79,
 139.919279,   35.030180,      -15.93,
 139.923784,   35.030180,      -16.07,
 139.928288,   35.030180,      -16.20,
 139.932793,   35.030180,      -16.33,
 139.937297,   35.030180,      -16.45,
 139.941802,   35.030180,      -16.57,
 139.946306,   35.030180,      -16.69,
 139.950811,   35.030180,      -16.81,
 139.955315,   35.030180,      -16.93,
 139.959820,   35.030180,      -17.05,
 139.964324,   35.030180,      -17.16,
 139.968829,   35.030180,      -17.29,
 139.973333,   35.030180,      -17.41,
 139.977838,   35.030180,      -17.54,
 139.982342,   35.030180,      -17.66,
 139.986847,   35.030180,      -17.78,
 139.991351,   35.030180,      -17.86,
 139.995856,   35.030180,      -17.88,
 140.000360,   35.030180,      -18.00,
 140.004865,   35.030180,      -18.18,
 140.009369,   35.030180,      -18.33,
 140.013874,   35.030180,      -18.37,
 140.018378,   35.030180,      -18.35,
 140.022883,   35.030180,      -18.36,
 140.027387,   35.030180,      -18.37,
 140.031892,   35.030180,      -18.25,
 140.036396,   35.030180,      -18.16,
 140.040901,   35.030180,      -17.98,
 140.045405,   35.030180,      -17.70,
 140.049910,   35.030180,      -17.45,
 140.054414,   35.030180,      -17.21,
 140.058919,   35.030180,      -16.95,
 140.063423,   35.030180,      -16.73,
 140.067928,   35.030180,      -16.51,
 140.072432,   35.030180,      -16.29,
 140.076937,   35.030180,      -16.07,
 140.081441,   35.030180,      -15.85,
 140.085946,   35.030180,      -15.61,
 140.090450,   35.030180,      -15.38,
 140.094955,   35.030180,      -15.17,
 140.099459,   35.030180,      -14.94,
 140.103964,   35.030180,      -14.74,
 140.108468,   35.030180,      -14.54,
 140.112973,   35.030180,      -14.34,
 140.117477,   35.030180,      -14.18,
 140.121982,   35.030180,      -14.00,
 140.126486,   35.030180,      -13.83,
 140.130991,   35.030180,      -13.66,
 140.135495,   35.030180,      -13.48,
 140.140000,   35.030180,      -13.30,
 140.144505,   35.030180,      -13.11,
 140.149009,   35.030180,      -12.90,
 140.153514,   35.030180,      -12.68,
 140.158018,   35.030180,      -12.50,
 140.162523,   35.030180,      -12.33,
 140.167027,   35.030180,      -12.19,
 140.171532,   35.030180,      -12.09,
 140.176036,   35.030180,      -11.99,
 140.180541,   35.030180,      -11.89,
 140.185045,   35.030180,      -11.81,
 140.189550,   35.030180,      -11.76,
 140.194054,   35.030180,      -11.70,
 140.198559,   35.030180,      -11.64,
 140.203063,   35.030180,      -11.60,
 140.207568,   35.030180,      -11.56,
 140.212072,   35.030180,      -11.52,
 140.216577,   35.030180,      -11.48,
 140.221081,   35.030180,      -11.43,
 140.225586,   35.030180,      -11.38,
 140.230090,   35.030180,      -11.33,
 140.234595,   35.030180,      -11.27,
 140.239099,   35.030180,      -11.21,
 140.243604,   35.030180,      -11.16,
 140.248108,   35.030180,      -11.10,
 140.252613,   35.030180,      -11.05,
 140.257117,   35.030180,      -10.99,
 140.261622,   35.030180,      -10.93,
 140.266126,   35.030180,      -10.87,
 140.270631,   35.030180,      -10.82,
 140.275135,   35.030180,      -10.80,
 140.279640,   35.030180,      -10.78,
 140.284144,   35.030180,      -10.75,
 140.288649,   35.030180,      -10.72,
 140.293153,   35.030180,      -10.69,
 140.297658,   35.030180,      -10.66,
 140.302162,   35.030180,      -10.64,
 140.306667,   35.030180,      -10.71,
 140.311171,   35.030180,      -10.82,
 140.315676,   35.030180,      -10.93,
 140.320180,   35.030180,      -11.05,
 140.324685,   35.030180,      -11.17,
 140.329189,   35.030180,      -11.28,
 140.333694,   35.030180,      -11.40,
 140.338198,   35.030180,      -11.53,
 140.342703,   35.030180,      -11.77,
 140.347207,   35.030180,      -12.03,
 140.351712,   35.030180,      -12.31,
 140.356216,   35.030180,      -12.60,
 140.360721,   35.030180,      -12.91,
 140.365225,   35.030180,      -13.23,
 140.369730,   35.030180,      -13.58,
 140.374234,   35.030180,      -13.94,
 140.378739,   35.030180,      -14.31,
 140.383243,   35.030180,      -14.71,
 140.387748,   35.030180,      -15.12,
 139.140000,   35.034685,      -16.01,
 139.144505,   35.034685,      -15.74,
 139.149009,   35.034685,      -15.52,
 139.153514,   35.034685,      -15.33,
 139.158018,   35.034685,      -15.19,
 139.162523,   35.034685,      -15.10,
 139.167027,   35.034685,      -15.04,
 139.171532,   35.034685,      -15.18,
 139.176036,   35.034685,      -15.50,
 139.180541,   35.034685,      -15.78,
 139.185045,   35.034685,      -16.05,
 139.189550,   35.034685,      -16.29,
 139.194054,   35.034685,      -16.51,
 139.198559,   35.034685,      -16.72,
 139.203063,   35.034685,      -16.93,
 139.207568,   35.034685,      -17.10,
 139.212072,   35.034685,      -17.23,
 139.216577,   35.034685,      -17.32,
 139.221081,   35.034685,      -17.42,
 139.225586,   35.034685,      -17.52,
 139.230090,   35.034685,      -17.62,
 139.234595,   35.034685,      -17.81,
 139.239099,   35.034685,      -18.07,
 139.243604,   35.034685,      -18.33,
 139.248108,   35.034685,      -18.59,
 139.252613,   35.034685,      -18.85,
 139.257117,   35.034685,      -19.11,
 139.261622,   35.034685,      -19.35,
 139.266126,   35.034685,      -19.56,
 139.270631,   35.034685,      -19.73,
 139.275135,   35.034685,      -19.87,
 139.279640,   35.034685,      -20.00,
 139.284144,   35.034685,      -20.13,
 139.288649,   35.034685,      -20.24,
 139.293153,   35.034685,      -20.32,
 139.297658,   35.034685,      -20.40,
 139.302162,   35.034685,      -20.48,
 139.306667,   35.034685,      -20.56,
 139.311171,   35.034685,      -20.65,
 139.315676,   35.034685,      -20.73,
 139.320180,   35.034685,      -20.81,
 139.324685,   35.034685,      -20.89,
 139.329189,   35.034685,      -20.96,
 139.333694,   35.034685,      -20.96,
 139.338198,   35.034685,      -20.89,
 139.342703,   35.034685,      -20.80,
 139.347207,   35.034685,      -20.71,
 139.351712,   35.034685,      -20.63,
 139.356216,   35.034685,      -20.55,
 139.360721,   35.034685,      -20.48,
 139.365225,   35.034685,      -20.41,
 139.369730,   35.034685,      -20.22,
 139.374234,   35.034685,      -19.88,
 139.378739,   35.034685,      -19.53,
 139.383243,   35.034685,      -19.19,
 139.387748,   35.034685,      -18.86,
 139.392252,   35.034685,      -18.53,
 139.396757,   35.034685,      -18.20,
 139.401261,   35.034685,      -17.87,
 139.405766,   35.034685,      -17.54,
 139.410270,   35.034685,      -17.20,
 139.414775,   35.034685,      -16.86,
 139.419279,   35.034685,      -16.50,
 139.423784,   35.034685,      -16.14,
 139.428288,   35.034685,      -15.77,
 139.432793,   35.034685,      -15.41,
 139.437297,   35.034685,      -15.06,
 139.441802,   35.034685,      -14.70,
 139.446306,   35.034685,      -14.32,
 139.450811,   35.034685,      -14.02,
 139.455315,   35.034685,      -13.72,
 139.459820,   35.034685,      -13.42,
 139.464324,   35.034685,      -13.13,
 139.468829,   35.034685,      -12.83,
 139.473333,   35.034685,      -12.54,
 139.477838,   35.034685,      -12.25,
 139.482342,   35.034685,      -11.97,
 139.486847,   35.034685,      -11.69,
 139.491351,   35.034685,      -11.42,
 139.495856,   35.034685,      -11.15,
 139.500360,   35.034685,      -10.89,
 139.504865,   35.034685,      -10.62,
 139.509369,   35.034685,      -10.36,
 139.513874,   35.034685,      -10.12,
 139.518378,   35.034685,       -9.88,
 139.522883,   35.034685,       -9.64,
 139.527387,   35.034685,       -9.40,
 139.531892,   35.034685,       -9.16,
 139.536396,   35.034685,       -8.93,
 139.540901,   35.034685,       -8.72,
 139.545405,   35.034685,       -8.51,
 139.549910,   35.034685,       -8.32,
 139.554414,   35.034685,       -8.13,
 139.558919,   35.034685,       -7.92,
 139.563423,   35.034685,       -7.70,
 139.567928,   35.034685,       -7.53,
 139.572432,   35.034685,       -7.48,
 139.576937,   35.034685,       -7.47,
 139.581441,   35.034685,       -7.48,
 139.585946,   35.034685,       -7.49,
 139.590450,   35.034685,       -7.50,
 139.594955,   35.034685,       -7.53,
 139.599459,   35.034685,       -7.41,
 139.603964,   35.034685,       -7.27,
 139.608468,   35.034685,       -7.15,
 139.612973,   35.034685,       -7.05,
 139.617477,   35.034685,       -6.95,
 139.621982,   35.034685,       -6.85,
 139.626486,   35.034685,       -6.69,
 139.630991,   35.034685,       -6.44,
 139.635495,   35.034685,       -6.19,
 139.640000,   35.034685,       -5.97,
 139.644505,   35.034685,       -5.74,
 139.649009,   35.034685,       -5.52,
 139.653514,   35.034685,       -5.34,
 139.658018,   35.034685,       -5.20,
 139.662523,   35.034685,       -5.05,
 139.667027,   35.034685,       -4.92,
 139.671532,   35.034685,       -4.79,
 139.676036,   35.034685,       -4.69,
 139.680541,   35.034685,       -4.69,
 139.685045,   35.034685,       -4.68,
 139.689550,   35.034685,       -4.68,
 139.694054,   35.034685,       -4.69,
 139.698559,   35.034685,       -4.70,
 139.703063,   35.034685,       -4.73,
 139.707568,   35.034685,       -4.76,
 139.712072,   35.034685,       -4.79,
 139.716577,   35.034685,       -4.82,
 139.721081,   35.034685,       -4.83,
 139.725586,   35.034685,       -4.84,
 139.730090,   35.034685,       -4.84,
 139.734595,   35.034685,       -4.85,
 139.739099,   35.034685,       -4.90,
 139.743604,   35.034685,       -4.99,
 139.748108,   35.034685,       -5.06,
 139.752613,   35.034685,       -5.10,
 139.757117,   35.034685,       -5.07,
 139.761622,   35.034685,       -5.01,
 139.766126,   35.034685,       -4.89,
 139.770631,   35.034685,       -4.68,
 139.775135,   35.034685,       -4.49,
 139.779640,   35.034685,       -4.37,
 139.784144,   35.034685,       -4.33,
 139.788649,   35.034685,       -4.37,
 139.793153,   35.034685,       -4.46,
 139.797658,   35.034685,       -4.44,
 139.802162,   35.034685,       -4.67,
 139.806667,   35.034685,       -5.12,
 139.811171,   35.034685,       -5.68,
 139.815676,   35.034685,       -6.25,
 139.820180,   35.034685,       -6.82,
 139.824685,   35.034685,       -7.42,
 139.829189,   35.034685,       -8.18,
 139.833694,   35.034685,       -9.05,
 139.838198,   35.034685,       -9.59,
 139.842703,   35.034685,      -10.11,
 139.847207,   35.034685,      -11.10,
 139.851712,   35.034685,      -11.98,
 139.856216,   35.034685,      -12.48,
 139.860721,   35.034685,      -12.92,
 139.865225,   35.034685,      -13.35,
 139.869730,   35.034685,      -13.74,
 139.874234,   35.034685,      -14.09,
 139.878739,   35.034685,      -14.41,
 139.883243,   35.034685,      -14.70,
 139.887748,   35.034685,      -14.97,
 139.892252,   35.034685,      -15.21,
 139.896757,   35.034685,      -15.40,
 139.901261,   35.034685,      -15.56,
 139.905766,   35.034685,      -15.71,
 139.910270,   35.034685,      -15.84,
 139.914775,   35.034685,      -15.97,
 139.919279,   35.034685,      -16.08,
 139.923784,   35.034685,      -16.20,
 139.928288,   35.034685,      -16.31,
 139.932793,   35.034685,      -16.42,
 139.937297,   35.034685,      -16.52,
 139.941802,   35.034685,      -16.63,
 139.946306,   35.034685,      -16.73,
 139.950811,   35.034685,      -16.84,
 139.955315,   35.034685,      -16.95,
 139.959820,   35.034685,      -17.06,
 139.964324,   35.034685,      -17.17,
 139.968829,   35.034685,      -17.28,
 139.973333,   35.034685,      -17.40,
 139.977838,   35.034685,      -17.52,
 139.982342,   35.034685,      -17.64,
 139.986847,   35.034685,      -17.77,
 139.991351,   35.034685,      -17.89,
 139.995856,   35.034685,      -18.01,
 140.000360,   35.034685,      -18.13,
 140.004865,   35.034685,      -18.24,
 140.009369,   35.034685,      -18.38,
 140.013874,   35.034685,      -18.33,
 140.018378,   35.034685,      -18.29,
 140.022883,   35.034685,      -18.34,
 140.027387,   35.034685,      -18.45,
 140.031892,   35.034685,      -18.45,
 140.036396,   35.034685,      -18.39,
 140.040901,   35.034685,      -18.35,
 140.045405,   35.034685,      -18.15,
 140.049910,   35.034685,      -17.93,
 140.054414,   35.034685,      -17.72,
 140.058919,   35.034685,      -17.49,
 140.063423,   35.034685,      -17.27,
 140.067928,   35.034685,      -17.05,
 140.072432,   35.034685,      -16.84,
 140.076937,   35.034685,      -16.63,
 140.081441,   35.034685,      -16.40,
 140.085946,   35.034685,      -16.14,
 140.090450,   35.034685,      -15.87,
 140.094955,   35.034685,      -15.63,
 140.099459,   35.034685,      -15.38,
 140.103964,   35.034685,      -15.13,
 140.108468,   35.034685,      -14.92,
 140.112973,   35.034685,      -14.69,
 140.117477,   35.034685,      -14.50,
 140.121982,   35.034685,      -14.30,
 140.126486,   35.034685,      -14.10,
 140.130991,   35.034685,      -13.92,
 140.135495,   35.034685,      -13.73,
 140.140000,   35.034685,      -13.53,
 140.144505,   35.034685,      -13.32,
 140.149009,   35.034685,      -13.10,
 140.153514,   35.034685,      -12.89,
 140.158018,   35.034685,      -12.70,
 140.162523,   35.034685,      -12.51,
 140.167027,   35.034685,      -12.33,
 140.171532,   35.034685,      -12.21,
 140.176036,   35.034685,      -12.10,
 140.180541,   35.034685,      -12.00,
 140.185045,   35.034685,      -11.92,
 140.189550,   35.034685,      -11.84,
 140.194054,   35.034685,      -11.77,
 140.198559,   35.034685,      -11.69,
 140.203063,   35.034685,      -11.63,
 140.207568,   35.034685,      -11.59,
 140.212072,   35.034685,      -11.54,
 140.216577,   35.034685,      -11.50,
 140.221081,   35.034685,      -11.45,
 140.225586,   35.034685,      -11.40,
 140.230090,   35.034685,      -11.34,
 140.234595,   35.034685,      -11.29,
 140.239099,   35.034685,      -11.23,
 140.243604,   35.034685,      -11.17,
 140.248108,   35.034685,      -11.11,
 140.252613,   35.034685,      -11.05,
 140.257117,   35.034685,      -10.99,
 140.261622,   35.034685,      -10.93,
 140.266126,   35.034685,      -10.88,
 140.270631,   35.034685,      -10.85,
 140.275135,   35.034685,      -10.83,
 140.279640,   35.034685,      -10.80,
 140.284144,   35.034685,      -10.78,
 140.288649,   35.034685,      -10.75,
 140.293153,   35.034685,      -10.73,
 140.297658,   35.034685,      -10.73,
 140.302162,   35.034685,      -10.76,
 140.306667,   35.034685,      -10.84,
 140.311171,   35.034685,      -10.95,
 140.315676,   35.034685,      -11.07,
 140.320180,   35.034685,      -11.19,
 140.324685,   35.034685,      -11.31,
 140.329189,   35.034685,      -11.43,
 140.333694,   35.034685,      -11.57,
 140.338198,   35.034685,      -11.90,
 140.342703,   35.034685,      -12.15,
 140.347207,   35.034685,      -12.42,
 140.351712,   35.034685,      -12.71,
 140.356216,   35.034685,      -13.01,
 140.360721,   35.034685,      -13.33,
 140.365225,   35.034685,      -13.67,
 140.369730,   35.034685,      -14.02,
 140.374234,   35.034685,      -14.39,
 140.378739,   35.034685,      -14.78,
 140.383243,   35.034685,      -15.18,
 140.387748,   35.034685,      -15.69,
 139.140000,   35.039189,      -16.48,
 139.144505,   35.039189,      -16.18,
 139.149009,   35.039189,      -15.93,
 139.153514,   35.039189,      -15.72,
 139.158018,   35.039189,      -15.55,
 139.162523,   35.039189,      -15.42,
 139.167027,   35.039189,      -15.34,
 139.171532,   35.039189,      -15.30,
 139.176036,   35.039189,      -15.30,
 139.180541,   35.039189,      -15.50,
 139.185045,   35.039189,      -15.78,
 139.189550,   35.039189,      -16.04,
 139.194054,   35.039189,      -16.27,
 139.198559,   35.039189,      -16.48,
 139.203063,   35.039189,      -16.69,
 139.207568,   35.039189,      -16.89,
 139.212072,   35.039189,      -17.03,
 139.216577,   35.039189,      -17.13,
 139.221081,   35.039189,      -17.23,
 139.225586,   35.039189,      -17.34,
 139.230090,   35.039189,      -17.45,
 139.234595,   35.039189,      -17.68,
 139.239099,   35.039189,      -17.94,
 139.243604,   35.039189,      -18.19,
 139.248108,   35.039189,      -18.45,
 139.252613,   35.039189,      -18.71,
 139.257117,   35.039189,      -18.96,
 139.261622,   35.039189,      -19.19,
 139.266126,   35.039189,      -19.41,
 139.270631,   35.039189,      -19.61,
 139.275135,   35.039189,      -19.78,
 139.279640,   35.039189,      -19.94,
 139.284144,   35.039189,      -20.10,
 139.288649,   35.039189,      -20.25,
 139.293153,   35.039189,      -20.37,
 139.297658,   35.039189,      -20.45,
 139.302162,   35.039189,      -20.53,
 139.306667,   35.039189,      -20.62,
 139.311171,   35.039189,      -20.71,
 139.315676,   35.039189,      -20.80,
 139.320180,   35.039189,      -20.88,
 139.324685,   35.039189,      -20.97,
 139.329189,   35.039189,      -21.04,
 139.333694,   35.039189,      -21.05,
 139.338198,   35.039189,      -21.00,
 139.342703,   35.039189,      -20.93,
 139.347207,   35.039189,      -20.85,
 139.351712,   35.039189,      -20.77,
 139.356216,   35.039189,      -20.70,
 139.360721,   35.039189,      -20.62,
 139.365225,   35.039189,      -20.54,
 139.369730,   35.039189,      -20.39,
 139.374234,   35.039189,      -20.07,
 139.378739,   35.039189,      -19.73,
 139.383243,   35.039189,      -19.40,
 139.387748,   35.039189,      -19.07,
 139.392252,   35.039189,      -18.75,
 139.396757,   35.039189,      -18.44,
 139.401261,   35.039189,      -18.13,
 139.405766,   35.039189,      -17.81,
 139.410270,   35.039189,      -17.47,
 139.414775,   35.039189,      -17.11,
 139.419279,   35.039189,      -16.73,
 139.423784,   35.039189,      -16.34,
 139.428288,   35.039189,      -15.95,
 139.432793,   35.039189,      -15.56,
 139.437297,   35.039189,      -15.17,
 139.441802,   35.039189,      -14.76,
 139.446306,   35.039189,      -14.36,
 139.450811,   35.039189,      -14.03,
 139.455315,   35.039189,      -13.72,
 139.459820,   35.039189,      -13.42,
 139.464324,   35.039189,      -13.11,
 139.468829,   35.039189,      -12.81,
 139.473333,   35.039189,      -12.51,
 139.477838,   35.039189,      -12.22,
 139.482342,   35.039189,      -11.94,
 139.486847,   35.039189,      -11.66,
 139.491351,   35.039189,      -11.38,
 139.495856,   35.039189,      -11.11,
 139.500360,   35.039189,      -10.83,
 139.504865,   35.039189,      -10.55,
 139.509369,   35.039189,      -10.26,
 139.513874,   35.039189,      -10.03,
 139.518378,   35.039189,       -9.80,
 139.522883,   35.039189,       -9.57,
 139.527387,   35.039189,       -9.33,
 139.531892,   35.039189,       -9.10,
 139.536396,   35.039189,       -8.87,
 139.540901,   35.039189,       -8.65,
 139.545405,   35.039189,       -8.44,
 139.549910,   35.039189,       -8.24,
 139.554414,   35.039189,       -8.03,
 139.558919,   35.039189,       -7.82,
 139.563423,   35.039189,       -7.61,
 139.567928,   35.039189,       -7.41,
 139.572432,   35.039189,       -7.30,
 139.576937,   35.039189,       -7.27,
 139.581441,   35.039189,       -7.28,
 139.585946,   35.039189,       -7.29,
 139.590450,   35.039189,       -7.30,
 139.594955,   35.039189,       -7.30,
 139.599459,   35.039189,       -7.25,
 139.603964,   35.039189,       -7.14,
 139.608468,   35.039189,       -7.02,
 139.612973,   35.039189,       -6.92,
 139.617477,   35.039189,       -6.83,
 139.621982,   35.039189,       -6.75,
 139.626486,   35.039189,       -6.65,
 139.630991,   35.039189,       -6.44,
 139.635495,   35.039189,       -6.21,
 139.640000,   35.039189,       -6.01,
 139.644505,   35.039189,       -5.83,
 139.649009,   35.039189,       -5.65,
 139.653514,   35.039189,       -5.47,
 139.658018,   35.039189,       -5.33,
 139.662523,   35.039189,       -5.17,
 139.667027,   35.039189,       -5.03,
 139.671532,   35.039189,       -4.89,
 139.676036,   35.039189,       -4.77,
 139.680541,   35.039189,       -4.75,
 139.685045,   35.039189,       -4.74,
 139.689550,   35.039189,       -4.74,
 139.694054,   35.039189,       -4.74,
 139.698559,   35.039189,       -4.75,
 139.703063,   35.039189,       -4.77,
 139.707568,   35.039189,       -4.82,
 139.712072,   35.039189,       -4.87,
 139.716577,   35.039189,       -4.91,
 139.721081,   35.039189,       -4.92,
 139.725586,   35.039189,       -4.92,
 139.730090,   35.039189,       -4.91,
 139.734595,   35.039189,       -4.91,
 139.739099,   35.039189,       -4.98,
 139.743604,   35.039189,       -5.07,
 139.748108,   35.039189,       -5.17,
 139.752613,   35.039189,       -5.22,
 139.757117,   35.039189,       -5.20,
 139.761622,   35.039189,       -5.17,
 139.766126,   35.039189,       -5.05,
 139.770631,   35.039189,       -4.80,
 139.775135,   35.039189,       -4.53,
 139.779640,   35.039189,       -4.43,
 139.784144,   35.039189,       -4.39,
 139.788649,   35.039189,       -4.38,
 139.793153,   35.039189,       -4.29,
 139.797658,   35.039189,       -4.24,
 139.802162,   35.039189,       -4.49,
 139.806667,   35.039189,       -5.03,
 139.811171,   35.039189,       -5.58,
 139.815676,   35.039189,       -6.12,
 139.820180,   35.039189,       -6.60,
 139.824685,   35.039189,       -7.14,
 139.829189,   35.039189,       -7.86,
 139.833694,   35.039189,       -8.66,
 139.838198,   35.039189,       -9.27,
 139.842703,   35.039189,      -10.36,
 139.847207,   35.039189,      -11.58,
 139.851712,   35.039189,      -12.34,
 139.856216,   35.039189,      -12.87,
 139.860721,   35.039189,      -13.32,
 139.865225,   35.039189,      -13.75,
 139.869730,   35.039189,      -14.14,
 139.874234,   35.039189,      -14.49,
 139.878739,   35.039189,      -14.81,
 139.883243,   35.039189,      -15.10,
 139.887748,   35.039189,      -15.32,
 139.892252,   35.039189,      -15.50,
 139.896757,   35.039189,      -15.64,
 139.901261,   35.039189,      -15.76,
 139.905766,   35.039189,      -15.88,
 139.910270,   35.039189,      -15.98,
 139.914775,   35.039189,      -16.08,
 139.919279,   35.039189,      -16.17,
 139.923784,   35.039189,      -16.26,
 139.928288,   35.039189,      -16.35,
 139.932793,   35.039189,      -16.44,
 139.937297,   35.039189,      -16.53,
 139.941802,   35.039189,      -16.62,
 139.946306,   35.039189,      -16.72,
 139.950811,   35.039189,      -16.81,
 139.955315,   35.039189,      -16.91,
 139.959820,   35.039189,      -17.01,
 139.964324,   35.039189,      -17.11,
 139.968829,   35.039189,      -17.22,
 139.973333,   35.039189,      -17.33,
 139.977838,   35.039189,      -17.44,
 139.982342,   35.039189,      -17.55,
 139.986847,   35.039189,      -17.66,
 139.991351,   35.039189,      -17.77,
 139.995856,   35.039189,      -17.88,
 140.000360,   35.039189,      -17.98,
 140.004865,   35.039189,      -18.11,
 140.009369,   35.039189,      -18.33,
 140.013874,   35.039189,      -18.29,
 140.018378,   35.039189,      -18.22,
 140.022883,   35.039189,      -18.26,
 140.027387,   35.039189,      -18.38,
 140.031892,   35.039189,      -18.55,
 140.036396,   35.039189,      -18.58,
 140.040901,   35.039189,      -18.56,
 140.045405,   35.039189,      -18.52,
 140.049910,   35.039189,      -18.33,
 140.054414,   35.039189,      -18.16,
 140.058919,   35.039189,      -18.01,
 140.063423,   35.039189,      -17.80,
 140.067928,   35.039189,      -17.61,
 140.072432,   35.039189,      -17.41,
 140.076937,   35.039189,      -17.20,
 140.081441,   35.039189,      -16.98,
 140.085946,   35.039189,      -16.73,
 140.090450,   35.039189,      -16.44,
 140.094955,   35.039189,      -16.14,
 140.099459,   35.039189,      -15.87,
 140.103964,   35.039189,      -15.57,
 140.108468,   35.039189,      -15.31,
 140.112973,   35.039189,      -15.05,
 140.117477,   35.039189,      -14.83,
 140.121982,   35.039189,      -14.60,
 140.126486,   35.039189,      -14.39,
 140.130991,   35.039189,      -14.19,
 140.135495,   35.039189,      -13.98,
 140.140000,   35.039189,      -13.76,
 140.144505,   35.039189,      -13.53,
 140.149009,   35.039189,      -13.30,
 140.153514,   35.039189,      -13.09,
 140.158018,   35.039189,      -12.89,
 140.162523,   35.039189,      -12.70,
 140.167027,   35.039189,      -12.52,
 140.171532,   35.039189,      -12.37,
 140.176036,   35.039189,      -12.24,
 140.180541,   35.039189,      -12.10,
 140.185045,   35.039189,      -12.02,
 140.189550,   35.039189,      -11.94,
 140.194054,   35.039189,      -11.87,
 140.198559,   35.039189,      -11.79,
 140.203063,   35.039189,      -11.71,
 140.207568,   35.039189,      -11.65,
 140.212072,   35.039189,      -11.59,
 140.216577,   35.039189,      -11.53,
 140.221081,   35.039189,      -11.47,
 140.225586,   35.039189,      -11.42,
 140.230090,   35.039189,      -11.37,
 140.234595,   35.039189,      -11.33,
 140.239099,   35.039189,      -11.27,
 140.243604,   35.039189,      -11.22,
 140.248108,   35.039189,      -11.15,
 140.252613,   35.039189,      -11.08,
 140.257117,   35.039189,      -11.01,
 140.261622,   35.039189,      -10.94,
 140.266126,   35.039189,      -10.90,
 140.270631,   35.039189,      -10.88,
 140.275135,   35.039189,      -10.86,
 140.279640,   35.039189,      -10.84,
 140.284144,   35.039189,      -10.81,
 140.288649,   35.039189,      -10.79,
 140.293153,   35.039189,      -10.80,
 140.297658,   35.039189,      -10.84,
 140.302162,   35.039189,      -10.91,
 140.306667,   35.039189,      -10.99,
 140.311171,   35.039189,      -11.08,
 140.315676,   35.039189,      -11.20,
 140.320180,   35.039189,      -11.33,
 140.324685,   35.039189,      -11.46,
 140.329189,   35.039189,      -11.59,
 140.333694,   35.039189,      -11.79,
 140.338198,   35.039189,      -12.15,
 140.342703,   35.039189,      -12.51,
 140.347207,   35.039189,      -12.79,
 140.351712,   35.039189,      -13.09,
 140.356216,   35.039189,      -13.40,
 140.360721,   35.039189,      -13.73,
 140.365225,   35.039189,      -14.08,
 140.369730,   35.039189,      -14.44,
 140.374234,   35.039189,      -14.83,
 140.378739,   35.039189,      -15.32,
 140.383243,   35.039189,      -16.13,
 140.387748,   35.039189,      -17.02,
 139.140000,   35.043694,      -16.34,
 139.144505,   35.043694,      -16.37,
 139.149009,   35.043694,      -16.30,
 139.153514,   35.043694,      -16.06,
 139.158018,   35.043694,      -15.86,
 139.162523,   35.043694,      -15.70,
 139.167027,   35.043694,      -15.59,
 139.171532,   35.043694,      -15.52,
 139.176036,   35.043694,      -15.50,
 139.180541,   35.043694,      -15.51,
 139.185045,   35.043694,      -15.58,
 139.189550,   35.043694,      -15.81,
 139.194054,   35.043694,      -16.03,
 139.198559,   35.043694,      -16.25,
 139.203063,   35.043694,      -16.46,
 139.207568,   35.043694,      -16.67,
 139.212072,   35.043694,      -16.82,
 139.216577,   35.043694,      -16.93,
 139.221081,   35.043694,      -17.04,
 139.225586,   35.043694,      -17.15,
 139.230090,   35.043694,      -17.32,
 139.234595,   35.043694,      -17.55,
 139.239099,   35.043694,      -17.80,
 139.243604,   35.043694,      -18.06,
 139.248108,   35.043694,      -18.32,
 139.252613,   35.043694,      -18.57,
 139.257117,   35.043694,      -18.81,
 139.261622,   35.043694,      -19.03,
 139.266126,   35.043694,      -19.25,
 139.270631,   35.043694,      -19.46,
 139.275135,   35.043694,      -19.66,
 139.279640,   35.043694,      -19.85,
 139.284144,   35.043694,      -20.04,
 139.288649,   35.043694,      -20.23,
 139.293153,   35.043694,      -20.40,
 139.297658,   35.043694,      -20.50,
 139.302162,   35.043694,      -20.59,
 139.306667,   35.043694,      -20.68,
 139.311171,   35.043694,      -20.78,
 139.315676,   35.043694,      -20.87,
 139.320180,   35.043694,      -20.96,
 139.324685,   35.043694,      -21.05,
 139.329189,   35.043694,      -21.12,
 139.333694,   35.043694,      -21.14,
 139.338198,   35.043694,      -21.11,
 139.342703,   35.043694,      -21.03,
 139.347207,   35.043694,      -20.95,
 139.351712,   35.043694,      -20.87,
 139.356216,   35.043694,      -20.78,
 139.360721,   35.043694,      -20.69,
 139.365225,   35.043694,      -20.59,
 139.369730,   35.043694,      -20.44,
 139.374234,   35.043694,      -20.19,
 139.378739,   35.043694,      -19.88,
 139.383243,   35.043694,      -19.57,
 139.387748,   35.043694,      -19.26,
 139.392252,   35.043694,      -18.95,
 139.396757,   35.043694,      -18.66,
 139.401261,   35.043694,      -18.37,
 139.405766,   35.043694,      -18.07,
 139.410270,   35.043694,      -17.74,
 139.414775,   35.043694,      -17.35,
 139.419279,   35.043694,      -16.93,
 139.423784,   35.043694,      -16.51,
 139.428288,   35.043694,      -16.09,
 139.432793,   35.043694,      -15.67,
 139.437297,   35.043694,      -15.24,
 139.441802,   35.043694,      -14.80,
 139.446306,   35.043694,      -14.40,
 139.450811,   35.043694,      -14.04,
 139.455315,   35.043694,      -13.73,
 139.459820,   35.043694,      -13.42,
 139.464324,   35.043694,      -13.11,
 139.468829,   35.043694,      -12.80,
 139.473333,   35.043694,      -12.49,
 139.477838,   35.043694,      -12.19,
 139.482342,   35.043694,      -11.91,
 139.486847,   35.043694,      -11.64,
 139.491351,   35.043694,      -11.36,
 139.495856,   35.043694,      -11.09,
 139.500360,   35.043694,      -10.81,
 139.504865,   35.043694,      -10.53,
 139.509369,   35.043694,      -10.26,
 139.513874,   35.043694,      -10.01,
 139.518378,   35.043694,       -9.77,
 139.522883,   35.043694,       -9.53,
 139.527387,   35.043694,       -9.29,
 139.531892,   35.043694,       -9.04,
 139.536396,   35.043694,       -8.80,
 139.540901,   35.043694,       -8.58,
 139.545405,   35.043694,       -8.37,
 139.549910,   35.043694,       -8.16,
 139.554414,   35.043694,       -7.94,
 139.558919,   35.043694,       -7.73,
 139.563423,   35.043694,       -7.51,
 139.567928,   35.043694,       -7.30,
 139.572432,   35.043694,       -7.15,
 139.576937,   35.043694,       -7.07,
 139.581441,   35.043694,       -7.06,
 139.585946,   35.043694,       -7.07,
 139.590450,   35.043694,       -7.07,
 139.594955,   35.043694,       -7.06,
 139.599459,   35.043694,       -7.03,
 139.603964,   35.043694,       -6.96,
 139.608468,   35.043694,       -6.87,
 139.612973,   35.043694,       -6.76,
 139.617477,   35.043694,       -6.66,
 139.621982,   35.043694,       -6.56,
 139.626486,   35.043694,       -6.46,
 139.630991,   35.043694,       -6.32,
 139.635495,   35.043694,       -6.16,
 139.640000,   35.043694,       -6.00,
 139.644505,   35.043694,       -5.87,
 139.649009,   35.043694,       -5.75,
 139.653514,   35.043694,       -5.60,
 139.658018,   35.043694,       -5.43,
 139.662523,   35.043694,       -5.26,
 139.667027,   35.043694,       -5.10,
 139.671532,   35.043694,       -4.95,
 139.676036,   35.043694,       -4.83,
 139.680541,   35.043694,       -4.80,
 139.685045,   35.043694,       -4.79,
 139.689550,   35.043694,       -4.79,
 139.694054,   35.043694,       -4.78,
 139.698559,   35.043694,       -4.79,
 139.703063,   35.043694,       -4.81,
 139.707568,   35.043694,       -4.86,
 139.712072,   35.043694,       -4.91,
 139.716577,   35.043694,       -4.96,
 139.721081,   35.043694,       -4.99,
 139.725586,   35.043694,       -4.97,
 139.730090,   35.043694,       -4.97,
 139.734595,   35.043694,       -4.98,
 139.739099,   35.043694,       -5.04,
 139.743604,   35.043694,       -5.14,
 139.748108,   35.043694,       -5.24,
 139.752613,   35.043694,       -5.33,
 139.757117,   35.043694,       -5.35,
 139.761622,   35.043694,       -5.36,
 139.766126,   35.043694,       -5.28,
 139.770631,   35.043694,       -4.97,
 139.775135,   35.043694,       -4.69,
 139.779640,   35.043694,       -4.51,
 139.784144,   35.043694,       -4.41,
 139.788649,   35.043694,       -4.31,
 139.793153,   35.043694,       -4.15,
 139.797658,   35.043694,       -4.05,
 139.802162,   35.043694,       -4.47,
 139.806667,   35.043694,       -4.97,
 139.811171,   35.043694,       -5.48,
 139.815676,   35.043694,       -5.75,
 139.820180,   35.043694,       -6.16,
 139.824685,   35.043694,       -6.73,
 139.829189,   35.043694,       -7.43,
 139.833694,   35.043694,       -8.16,
 139.838198,   35.043694,       -9.46,
 139.842703,   35.043694,      -10.75,
 139.847207,   35.043694,      -12.01,
 139.851712,   35.043694,      -12.75,
 139.856216,   35.043694,      -13.30,
 139.860721,   35.043694,      -13.77,
 139.865225,   35.043694,      -14.19,
 139.869730,   35.043694,      -14.58,
 139.874234,   35.043694,      -14.93,
 139.878739,   35.043694,      -15.22,
 139.883243,   35.043694,      -15.43,
 139.887748,   35.043694,      -15.58,
 139.892252,   35.043694,      -15.71,
 139.896757,   35.043694,      -15.81,
 139.901261,   35.043694,      -15.90,
 139.905766,   35.043694,      -15.98,
 139.910270,   35.043694,      -16.05,
 139.914775,   35.043694,      -16.12,
 139.919279,   35.043694,      -16.19,
 139.923784,   35.043694,      -16.27,
 139.928288,   35.043694,      -16.34,
 139.932793,   35.043694,      -16.41,
 139.937297,   35.043694,      -16.49,
 139.941802,   35.043694,      -16.57,
 139.946306,   35.043694,      -16.66,
 139.950811,   35.043694,      -16.75,
 139.955315,   35.043694,      -16.84,
 139.959820,   35.043694,      -16.93,
 139.964324,   35.043694,      -17.03,
 139.968829,   35.043694,      -17.13,
 139.973333,   35.043694,      -17.23,
 139.977838,   35.043694,      -17.33,
 139.982342,   35.043694,      -17.43,
 139.986847,   35.043694,      -17.54,
 139.991351,   35.043694,      -17.64,
 139.995856,   35.043694,      -17.74,
 140.000360,   35.043694,      -17.83,
 140.004865,   35.043694,      -17.92,
 140.009369,   35.043694,      -18.01,
 140.013874,   35.043694,      -18.12,
 140.018378,   35.043694,      -18.14,
 140.022883,   35.043694,      -18.11,
 140.027387,   35.043694,      -18.22,
 140.031892,   35.043694,      -18.44,
 140.036396,   35.043694,      -18.67,
 140.040901,   35.043694,      -18.71,
 140.045405,   35.043694,      -18.75,
 140.049910,   35.043694,      -18.68,
 140.054414,   35.043694,      -18.57,
 140.058919,   35.043694,      -18.48,
 140.063423,   35.043694,      -18.33,
 140.067928,   35.043694,      -18.16,
 140.072432,   35.043694,      -17.99,
 140.076937,   35.043694,      -17.78,
 140.081441,   35.043694,      -17.57,
 140.085946,   35.043694,      -17.34,
 140.090450,   35.043694,      -17.04,
 140.094955,   35.043694,      -16.71,
 140.099459,   35.043694,      -16.38,
 140.103964,   35.043694,      -16.05,
 140.108468,   35.043694,      -15.74,
 140.112973,   35.043694,      -15.46,
 140.117477,   35.043694,      -15.20,
 140.121982,   35.043694,      -14.95,
 140.126486,   35.043694,      -14.69,
 140.130991,   35.043694,      -14.46,
 140.135495,   35.043694,      -14.22,
 140.140000,   35.043694,      -13.99,
 140.144505,   35.043694,      -13.75,
 140.149009,   35.043694,      -13.51,
 140.153514,   35.043694,      -13.28,
 140.158018,   35.043694,      -13.08,
 140.162523,   35.043694,      -12.88,
 140.167027,   35.043694,      -12.70,
 140.171532,   35.043694,      -12.55,
 140.176036,   35.043694,      -12.40,
 140.180541,   35.043694,      -12.25,
 140.185045,   35.043694,      -12.14,
 140.189550,   35.043694,      -12.05,
 140.194054,   35.043694,      -11.96,
 140.198559,   35.043694,      -11.88,
 140.203063,   35.043694,      -11.81,
 140.207568,   35.043694,      -11.73,
 140.212072,   35.043694,      -11.66,
 140.216577,   35.043694,      -11.57,
 140.221081,   35.043694,      -11.49,
 140.225586,   35.043694,      -11.47,
 140.230090,   35.043694,      -11.43,
 140.234595,   35.043694,      -11.38,
 140.239099,   35.043694,      -11.33,
 140.243604,   35.043694,      -11.28,
 140.248108,   35.043694,      -11.21,
 140.252613,   35.043694,      -11.13,
 140.257117,   35.043694,      -11.05,
 140.261622,   35.043694,      -10.96,
 140.266126,   35.043694,      -10.95,
 140.270631,   35.043694,      -10.95,
 140.275135,   35.043694,      -10.93,
 140.279640,   35.043694,      -10.89,
 140.284144,   35.043694,      -10.85,
 140.288649,   35.043694,      -10.84,
 140.293153,   35.043694,      -10.91,
 140.297658,   35.043694,      -11.01,
 140.302162,   35.043694,      -11.10,
 140.306667,   35.043694,      -11.17,
 140.311171,   35.043694,      -11.23,
 140.315676,   35.043694,      -11.33,
 140.320180,   35.043694,      -11.47,
 140.324685,   35.043694,      -11.61,
 140.329189,   35.043694,      -11.76,
 140.333694,   35.043694,      -12.01,
 140.338198,   35.043694,      -12.39,
 140.342703,   35.043694,      -12.84,
 140.347207,   35.043694,      -13.15,
 140.351712,   35.043694,      -13.45,
 140.356216,   35.043694,      -13.78,
 140.360721,   35.043694,      -14.12,
 140.365225,   35.043694,      -14.48,
 140.369730,   35.043694,      -14.94,
 140.374234,   35.043694,      -15.65,
 140.378739,   35.043694,      -16.45,
 140.383243,   35.043694,      -17.33,
 140.387748,   35.043694,      -18.28,
 139.140000,   35.048198,      -15.94,
 139.144505,   35.048198,      -16.07,
 139.149009,   35.048198,      -16.17,
 139.153514,   35.048198,      -16.21,
 139.158018,   35.048198,      -16.12,
 139.162523,   35.048198,      -15.94,
 139.167027,   35.048198,      -15.80,
 139.171532,   35.048198,      -15.70,
 139.176036,   35.048198,      -15.65,
 139.180541,   35.048198,      -15.63,
 139.185045,   35.048198,      -15.67,
 139.189550,   35.048198,      -15.72,
 139.194054,   35.048198,      -15.84,
 139.198559,   35.048198,      -16.03,
 139.203063,   35.048198,      -16.24,
 139.207568,   35.048198,      -16.45,
 139.212072,   35.048198,      -16.61,
 139.216577,   35.048198,      -16.74,
 139.221081,   35.048198,      -16.85,
 139.225586,   35.048198,      -16.98,
 139.230090,   35.048198,      -17.18,
 139.234595,   35.048198,      -17.42,
 139.239099,   35.048198,      -17.67,
 139.243604,   35.048198,      -17.92,
 139.248108,   35.048198,      -18.18,
 139.252613,   35.048198,      -18.43,
 139.257117,   35.048198,      -18.66,
 139.261622,   35.048198,      -18.88,
 139.266126,   35.048198,      -19.10,
 139.270631,   35.048198,      -19.31,
 139.275135,   35.048198,      -19.52,
 139.279640,   35.048198,      -19.72,
 139.284144,   35.048198,      -19.93,
 139.288649,   35.048198,      -20.13,
 139.293153,   35.048198,      -20.33,
 139.297658,   35.048198,      -20.50,
 139.302162,   35.048198,      -20.60,
 139.306667,   35.048198,      -20.70,
 139.311171,   35.048198,      -20.81,
 139.315676,   35.048198,      -20.92,
 139.320180,   35.048198,      -21.03,
 139.324685,   35.048198,      -21.14,
 139.329189,   35.048198,      -21.21,
 139.333694,   35.048198,      -21.23,
 139.338198,   35.048198,      -21.21,
 139.342703,   35.048198,      -21.13,
 139.347207,   35.048198,      -21.04,
 139.351712,   35.048198,      -20.94,
 139.356216,   35.048198,      -20.85,
 139.360721,   35.048198,      -20.75,
 139.365225,   35.048198,      -20.64,
 139.369730,   35.048198,      -20.48,
 139.374234,   35.048198,      -20.27,
 139.378739,   35.048198,      -20.00,
 139.383243,   35.048198,      -19.71,
 139.387748,   35.048198,      -19.41,
 139.392252,   35.048198,      -19.12,
 139.396757,   35.048198,      -18.84,
 139.401261,   35.048198,      -18.57,
 139.405766,   35.048198,      -18.31,
 139.410270,   35.048198,      -18.00,
 139.414775,   35.048198,      -17.55,
 139.419279,   35.048198,      -17.09,
 139.423784,   35.048198,      -16.63,
 139.428288,   35.048198,      -16.19,
 139.432793,   35.048198,      -15.74,
 139.437297,   35.048198,      -15.28,
 139.441802,   35.048198,      -14.83,
 139.446306,   35.048198,      -14.43,
 139.450811,   35.048198,      -14.07,
 139.455315,   35.048198,      -13.74,
 139.459820,   35.048198,      -13.42,
 139.464324,   35.048198,      -13.10,
 139.468829,   35.048198,      -12.78,
 139.473333,   35.048198,      -12.47,
 139.477838,   35.048198,      -12.16,
 139.482342,   35.048198,      -11.89,
 139.486847,   35.048198,      -11.62,
 139.491351,   35.048198,      -11.34,
 139.495856,   35.048198,      -11.07,
 139.500360,   35.048198,      -10.80,
 139.504865,   35.048198,      -10.53,
 139.509369,   35.048198,      -10.26,
 139.513874,   35.048198,      -10.00,
 139.518378,   35.048198,       -9.75,
 139.522883,   35.048198,       -9.51,
 139.527387,   35.048198,       -9.26,
 139.531892,   35.048198,       -9.01,
 139.536396,   35.048198,       -8.75,
 139.540901,   35.048198,       -8.51,
 139.545405,   35.048198,       -8.29,
 139.549910,   35.048198,       -8.08,
 139.554414,   35.048198,       -7.86,
 139.558919,   35.048198,       -7.64,
 139.563423,   35.048198,       -7.41,
 139.567928,   35.048198,       -7.18,
 139.572432,   35.048198,       -7.00,
 139.576937,   35.048198,       -6.87,
 139.581441,   35.048198,       -6.84,
 139.585946,   35.048198,       -6.83,
 139.590450,   35.048198,       -6.83,
 139.594955,   35.048198,       -6.81,
 139.599459,   35.048198,       -6.80,
 139.603964,   35.048198,       -6.76,
 139.608468,   35.048198,       -6.69,
 139.612973,   35.048198,       -6.59,
 139.617477,   35.048198,       -6.48,
 139.621982,   35.048198,       -6.37,
 139.626486,   35.048198,       -6.26,
 139.630991,   35.048198,       -6.15,
 139.635495,   35.048198,       -6.04,
 139.640000,   35.048198,       -5.92,
 139.644505,   35.048198,       -5.82,
 139.649009,   35.048198,       -5.76,
 139.653514,   35.048198,       -5.66,
 139.658018,   35.048198,       -5.47,
 139.662523,   35.048198,       -5.30,
 139.667027,   35.048198,       -5.15,
 139.671532,   35.048198,       -4.99,
 139.676036,   35.048198,       -4.88,
 139.680541,   35.048198,       -4.85,
 139.685045,   35.048198,       -4.83,
 139.689550,   35.048198,       -4.82,
 139.694054,   35.048198,       -4.82,
 139.698559,   35.048198,       -4.82,
 139.703063,   35.048198,       -4.84,
 139.707568,   35.048198,       -4.87,
 139.712072,   35.048198,       -4.91,
 139.716577,   35.048198,       -4.94,
 139.721081,   35.048198,       -4.96,
 139.725586,   35.048198,       -4.98,
 139.730090,   35.048198,       -5.00,
 139.734595,   35.048198,       -5.03,
 139.739099,   35.048198,       -5.09,
 139.743604,   35.048198,       -5.19,
 139.748108,   35.048198,       -5.30,
 139.752613,   35.048198,       -5.41,
 139.757117,   35.048198,       -5.48,
 139.761622,   35.048198,       -5.47,
 139.766126,   35.048198,       -5.34,
 139.770631,   35.048198,       -5.09,
 139.775135,   35.048198,       -4.81,
 139.779640,   35.048198,       -4.63,
 139.784144,   35.048198,       -4.45,
 139.788649,   35.048198,       -4.24,
 139.793153,   35.048198,       -4.08,
 139.797658,   35.048198,       -4.09,
 139.802162,   35.048198,       -4.42,
 139.806667,   35.048198,       -4.84,
 139.811171,   35.048198,       -5.02,
 139.815676,   35.048198,       -5.09,
 139.820180,   35.048198,       -5.57,
 139.824685,   35.048198,       -6.31,
 139.829189,   35.048198,       -7.09,
 139.833694,   35.048198,       -8.36,
 139.838198,   35.048198,       -9.84,
 139.842703,   35.048198,      -11.31,
 139.847207,   35.048198,      -12.48,
 139.851712,   35.048198,      -13.23,
 139.856216,   35.048198,      -13.79,
 139.860721,   35.048198,      -14.27,
 139.865225,   35.048198,      -14.68,
 139.869730,   35.048198,      -15.06,
 139.874234,   35.048198,      -15.36,
 139.878739,   35.048198,      -15.54,
 139.883243,   35.048198,      -15.67,
 139.887748,   35.048198,      -15.77,
 139.892252,   35.048198,      -15.85,
 139.896757,   35.048198,      -15.91,
 139.901261,   35.048198,      -15.97,
 139.905766,   35.048198,      -16.02,
 139.910270,   35.048198,      -16.07,
 139.914775,   35.048198,      -16.12,
 139.919279,   35.048198,      -16.17,
 139.923784,   35.048198,      -16.23,
 139.928288,   35.048198,      -16.29,
 139.932793,   35.048198,      -16.35,
 139.937297,   35.048198,      -16.42,
 139.941802,   35.048198,      -16.49,
 139.946306,   35.048198,      -16.57,
 139.950811,   35.048198,      -16.65,
 139.955315,   35.048198,      -16.73,
 139.959820,   35.048198,      -16.82,
 139.964324,   35.048198,      -16.91,
 139.968829,   35.048198,      -17.00,
 139.973333,   35.048198,      -17.09,
 139.977838,   35.048198,      -17.19,
 139.982342,   35.048198,      -17.29,
 139.986847,   35.048198,      -17.39,
 139.991351,   35.048198,      -17.48,
 139.995856,   35.048198,      -17.58,
 140.000360,   35.048198,      -17.67,
 140.004865,   35.048198,      -17.76,
 140.009369,   35.048198,      -17.85,
 140.013874,   35.048198,      -17.95,
 140.018378,   35.048198,      -18.04,
 140.022883,   35.048198,      -18.07,
 140.027387,   35.048198,      -18.08,
 140.031892,   35.048198,      -18.33,
 140.036396,   35.048198,      -18.58,
 140.040901,   35.048198,      -18.72,
 140.045405,   35.048198,      -18.79,
 140.049910,   35.048198,      -18.92,
 140.054414,   35.048198,      -18.92,
 140.058919,   35.048198,      -18.85,
 140.063423,   35.048198,      -18.82,
 140.067928,   35.048198,      -18.69,
 140.072432,   35.048198,      -18.52,
 140.076937,   35.048198,      -18.34,
 140.081441,   35.048198,      -18.14,
 140.085946,   35.048198,      -17.94,
 140.090450,   35.048198,      -17.70,
 140.094955,   35.048198,      -17.37,
 140.099459,   35.048198,      -16.98,
 140.103964,   35.048198,      -16.61,
 140.108468,   35.048198,      -16.26,
 140.112973,   35.048198,      -15.90,
 140.117477,   35.048198,      -15.60,
 140.121982,   35.048198,      -15.32,
 140.126486,   35.048198,      -15.05,
 140.130991,   35.048198,      -14.78,
 140.135495,   35.048198,      -14.50,
 140.140000,   35.048198,      -14.22,
 140.144505,   35.048198,      -13.97,
 140.149009,   35.048198,      -13.71,
 140.153514,   35.048198,      -13.48,
 140.158018,   35.048198,      -13.27,
 140.162523,   35.048198,      -13.06,
 140.167027,   35.048198,      -12.87,
 140.171532,   35.048198,      -12.71,
 140.176036,   35.048198,      -12.55,
 140.180541,   35.048198,      -12.41,
 140.185045,   35.048198,      -12.29,
 140.189550,   35.048198,      -12.18,
 140.194054,   35.048198,      -12.07,
 140.198559,   35.048198,      -11.98,
 140.203063,   35.048198,      -11.92,
 140.207568,   35.048198,      -11.86,
 140.212072,   35.048198,      -11.78,
 140.216577,   35.048198,      -11.70,
 140.221081,   35.048198,      -11.63,
 140.225586,   35.048198,      -11.58,
 140.230090,   35.048198,      -11.53,
 140.234595,   35.048198,      -11.48,
 140.239099,   35.048198,      -11.41,
 140.243604,   35.048198,      -11.34,
 140.248108,   35.048198,      -11.28,
 140.252613,   35.048198,      -11.23,
 140.257117,   35.048198,      -11.18,
 140.261622,   35.048198,      -11.15,
 140.266126,   35.048198,      -11.12,
 140.270631,   35.048198,      -11.09,
 140.275135,   35.048198,      -11.07,
 140.279640,   35.048198,      -11.03,
 140.284144,   35.048198,      -10.95,
 140.288649,   35.048198,      -10.97,
 140.293153,   35.048198,      -11.12,
 140.297658,   35.048198,      -11.25,
 140.302162,   35.048198,      -11.35,
 140.306667,   35.048198,      -11.42,
 140.311171,   35.048198,      -11.45,
 140.315676,   35.048198,      -11.53,
 140.320180,   35.048198,      -11.69,
 140.324685,   35.048198,      -11.82,
 140.329189,   35.048198,      -11.94,
 140.333694,   35.048198,      -12.20,
 140.338198,   35.048198,      -12.63,
 140.342703,   35.048198,      -13.08,
 140.347207,   35.048198,      -13.49,
 140.351712,   35.048198,      -13.80,
 140.356216,   35.048198,      -14.14,
 140.360721,   35.048198,      -14.55,
 140.365225,   35.048198,      -15.18,
 140.369730,   35.048198,      -15.88,
 140.374234,   35.048198,      -16.65,
 140.378739,   35.048198,      -17.51,
 140.383243,   35.048198,      -18.44,
 140.387748,   35.048198,      -19.45,
 139.140000,   35.052703,      -15.56,
 139.144505,   35.052703,      -15.71,
 139.149009,   35.052703,      -15.83,
 139.153514,   35.052703,      -15.93,
 139.158018,   35.052703,      -16.00,
 139.162523,   35.052703,      -16.05,
 139.167027,   35.052703,      -15.96,
 139.171532,   35.052703,      -15.84,
 139.176036,   35.052703,      -15.75,
 139.180541,   35.052703,      -15.71,
 139.185045,   35.052703,      -15.71,
 139.189550,   35.052703,      -15.72,
 139.194054,   35.052703,      -15.76,
 139.198559,   35.052703,      -15.87,
 139.203063,   35.052703,      -16.05,
 139.207568,   35.052703,      -16.23,
 139.212072,   35.052703,      -16.39,
 139.216577,   35.052703,      -16.53,
 139.221081,   35.052703,      -16.66,
 139.225586,   35.052703,      -16.82,
 139.230090,   35.052703,      -17.06,
 139.234595,   35.052703,      -17.31,
 139.239099,   35.052703,      -17.55,
 139.243604,   35.052703,      -17.79,
 139.248108,   35.052703,      -18.04,
 139.252613,   35.052703,      -18.29,
 139.257117,   35.052703,      -18.52,
 139.261622,   35.052703,      -18.74,
 139.266126,   35.052703,      -18.95,
 139.270631,   35.052703,      -19.17,
 139.275135,   35.052703,      -19.38,
 139.279640,   35.052703,      -19.59,
 139.284144,   35.052703,      -19.80,
 139.288649,   35.052703,      -20.00,
 139.293153,   35.052703,      -20.21,
 139.297658,   35.052703,      -20.40,
 139.302162,   35.052703,      -20.54,
 139.306667,   35.052703,      -20.67,
 139.311171,   35.052703,      -20.80,
 139.315676,   35.052703,      -20.93,
 139.320180,   35.052703,      -21.07,
 139.324685,   35.052703,      -21.20,
 139.329189,   35.052703,      -21.31,
 139.333694,   35.052703,      -21.34,
 139.338198,   35.052703,      -21.31,
 139.342703,   35.052703,      -21.22,
 139.347207,   35.052703,      -21.12,
 139.351712,   35.052703,      -21.01,
 139.356216,   35.052703,      -20.91,
 139.360721,   35.052703,      -20.80,
 139.365225,   35.052703,      -20.68,
 139.369730,   35.052703,      -20.52,
 139.374234,   35.052703,      -20.33,
 139.378739,   35.052703,      -20.09,
 139.383243,   35.052703,      -19.82,
 139.387748,   35.052703,      -19.54,
 139.392252,   35.052703,      -19.25,
 139.396757,   35.052703,      -18.97,
 139.401261,   35.052703,      -18.70,
 139.405766,   35.052703,      -18.43,
 139.410270,   35.052703,      -18.09,
 139.414775,   35.052703,      -17.64,
 139.419279,   35.052703,      -17.16,
 139.423784,   35.052703,      -16.70,
 139.428288,   35.052703,      -16.23,
 139.432793,   35.052703,      -15.77,
 139.437297,   35.052703,      -15.30,
 139.441802,   35.052703,      -14.85,
 139.446306,   35.052703,      -14.45,
 139.450811,   35.052703,      -14.08,
 139.455315,   35.052703,      -13.75,
 139.459820,   35.052703,      -13.41,
 139.464324,   35.052703,      -13.07,
 139.468829,   35.052703,      -12.75,
 139.473333,   35.052703,      -12.42,
 139.477838,   35.052703,      -12.11,
 139.482342,   35.052703,      -11.84,
 139.486847,   35.052703,      -11.58,
 139.491351,   35.052703,      -11.32,
 139.495856,   35.052703,      -11.05,
 139.500360,   35.052703,      -10.79,
 139.504865,   35.052703,      -10.53,
 139.509369,   35.052703,      -10.26,
 139.513874,   35.052703,      -10.00,
 139.518378,   35.052703,       -9.75,
 139.522883,   35.052703,       -9.50,
 139.527387,   35.052703,       -9.25,
 139.531892,   35.052703,       -9.00,
 139.536396,   35.052703,       -8.74,
 139.540901,   35.052703,       -8.46,
 139.545405,   35.052703,       -8.21,
 139.549910,   35.052703,       -7.99,
 139.554414,   35.052703,       -7.77,
 139.558919,   35.052703,       -7.54,
 139.563423,   35.052703,       -7.31,
 139.567928,   35.052703,       -7.08,
 139.572432,   35.052703,       -6.85,
 139.576937,   35.052703,       -6.67,
 139.581441,   35.052703,       -6.61,
 139.585946,   35.052703,       -6.59,
 139.590450,   35.052703,       -6.57,
 139.594955,   35.052703,       -6.55,
 139.599459,   35.052703,       -6.54,
 139.603964,   35.052703,       -6.54,
 139.608468,   35.052703,       -6.50,
 139.612973,   35.052703,       -6.38,
 139.617477,   35.052703,       -6.25,
 139.621982,   35.052703,       -6.14,
 139.626486,   35.052703,       -6.05,
 139.630991,   35.052703,       -5.95,
 139.635495,   35.052703,       -5.86,
 139.640000,   35.052703,       -5.76,
 139.644505,   35.052703,       -5.65,
 139.649009,   35.052703,       -5.55,
 139.653514,   35.052703,       -5.47,
 139.658018,   35.052703,       -5.37,
 139.662523,   35.052703,       -5.25,
 139.667027,   35.052703,       -5.13,
 139.671532,   35.052703,       -5.01,
 139.676036,   35.052703,       -4.92,
 139.680541,   35.052703,       -4.87,
 139.685045,   35.052703,       -4.84,
 139.689550,   35.052703,       -4.82,
 139.694054,   35.052703,       -4.82,
 139.698559,   35.052703,       -4.84,
 139.703063,   35.052703,       -4.84,
 139.707568,   35.052703,       -4.86,
 139.712072,   35.052703,       -4.88,
 139.716577,   35.052703,       -4.90,
 139.721081,   35.052703,       -4.93,
 139.725586,   35.052703,       -4.96,
 139.730090,   35.052703,       -4.99,
 139.734595,   35.052703,       -5.03,
 139.739099,   35.052703,       -5.11,
 139.743604,   35.052703,       -5.22,
 139.748108,   35.052703,       -5.33,
 139.752613,   35.052703,       -5.47,
 139.757117,   35.052703,       -5.60,
 139.761622,   35.052703,       -5.55,
 139.766126,   35.052703,       -5.41,
 139.770631,   35.052703,       -5.20,
 139.775135,   35.052703,       -4.93,
 139.779640,   35.052703,       -4.70,
 139.784144,   35.052703,       -4.47,
 139.788649,   35.052703,       -4.21,
 139.793153,   35.052703,       -4.12,
 139.797658,   35.052703,       -4.23,
 139.802162,   35.052703,       -4.40,
 139.806667,   35.052703,       -4.62,
 139.811171,   35.052703,       -4.60,
 139.815676,   35.052703,       -4.39,
 139.820180,   35.052703,       -5.09,
 139.824685,   35.052703,       -6.22,
 139.829189,   35.052703,       -7.43,
 139.833694,   35.052703,       -8.83,
 139.838198,   35.052703,      -10.30,
 139.842703,   35.052703,      -11.89,
 139.847207,   35.052703,      -13.00,
 139.851712,   35.052703,      -13.76,
 139.856216,   35.052703,      -14.33,
 139.860721,   35.052703,      -14.80,
 139.865225,   35.052703,      -15.21,
 139.869730,   35.052703,      -15.51,
 139.874234,   35.052703,      -15.68,
 139.878739,   35.052703,      -15.77,
 139.883243,   35.052703,      -15.84,
 139.887748,   35.052703,      -15.89,
 139.892252,   35.052703,      -15.92,
 139.896757,   35.052703,      -15.95,
 139.901261,   35.052703,      -15.98,
 139.905766,   35.052703,      -16.00,
 139.910270,   35.052703,      -16.03,
 139.914775,   35.052703,      -16.07,
 139.919279,   35.052703,      -16.11,
 139.923784,   35.052703,      -16.15,
 139.928288,   35.052703,      -16.20,
 139.932793,   35.052703,      -16.26,
 139.937297,   35.052703,      -16.32,
 139.941802,   35.052703,      -16.38,
 139.946306,   35.052703,      -16.45,
 139.950811,   35.052703,      -16.52,
 139.955315,   35.052703,      -16.60,
 139.959820,   35.052703,      -16.68,
 139.964324,   35.052703,      -16.76,
 139.968829,   35.052703,      -16.85,
 139.973333,   35.052703,      -16.94,
 139.977838,   35.052703,      -17.03,
 139.982342,   35.052703,      -17.12,
 139.986847,   35.052703,      -17.22,
 139.991351,   35.052703,      -17.32,
 139.995856,   35.052703,      -17.41,
 140.000360,   35.052703,      -17.50,
 140.004865,   35.052703,      -17.59,
 140.009369,   35.052703,      -17.68,
 140.013874,   35.052703,      -17.78,
 140.018378,   35.052703,      -17.89,
 140.022883,   35.052703,      -17.99,
 140.027387,   35.052703,      -18.10,
 140.031892,   35.052703,      -18.22,
 140.036396,   35.052703,      -18.48,
 140.040901,   35.052703,      -18.67,
 140.045405,   35.052703,      -18.81,
 140.049910,   35.052703,      -18.99,
 140.054414,   35.052703,      -19.18,
 140.058919,   35.052703,      -19.20,
 140.063423,   35.052703,      -19.22,
 140.067928,   35.052703,      -19.20,
 140.072432,   35.052703,      -19.05,
 140.076937,   35.052703,      -18.89,
 140.081441,   35.052703,      -18.70,
 140.085946,   35.052703,      -18.52,
 140.090450,   35.052703,      -18.36,
 140.094955,   35.052703,      -18.04,
 140.099459,   35.052703,      -17.63,
 140.103964,   35.052703,      -17.21,
 140.108468,   35.052703,      -16.83,
 140.112973,   35.052703,      -16.47,
 140.117477,   35.052703,      -16.09,
 140.121982,   35.052703,      -15.74,
 140.126486,   35.052703,      -15.42,
 140.130991,   35.052703,      -15.12,
 140.135495,   35.052703,      -14.81,
 140.140000,   35.052703,      -14.50,
 140.144505,   35.052703,      -14.22,
 140.149009,   35.052703,      -13.94,
 140.153514,   35.052703,      -13.67,
 140.158018,   35.052703,      -13.44,
 140.162523,   35.052703,      -13.21,
 140.167027,   35.052703,      -13.03,
 140.171532,   35.052703,      -12.87,
 140.176036,   35.052703,      -12.70,
 140.180541,   35.052703,      -12.57,
 140.185045,   35.052703,      -12.46,
 140.189550,   35.052703,      -12.35,
 140.194054,   35.052703,      -12.23,
 140.198559,   35.052703,      -12.13,
 140.203063,   35.052703,      -12.07,
 140.207568,   35.052703,      -12.01,
 140.212072,   35.052703,      -11.94,
 140.216577,   35.052703,      -11.88,
 140.221081,   35.052703,      -11.82,
 140.225586,   35.052703,      -11.76,
 140.230090,   35.052703,      -11.69,
 140.234595,   35.052703,      -11.62,
 140.239099,   35.052703,      -11.53,
 140.243604,   35.052703,      -11.42,
 140.248108,   35.052703,      -11.41,
 140.252613,   35.052703,      -11.41,
 140.257117,   35.052703,      -11.39,
 140.261622,   35.052703,      -11.37,
 140.266126,   35.052703,      -11.35,
 140.270631,   35.052703,      -11.33,
 140.275135,   35.052703,      -11.32,
 140.279640,   35.052703,      -11.32,
 140.284144,   35.052703,      -11.31,
 140.288649,   35.052703,      -11.37,
 140.293153,   35.052703,      -11.46,
 140.297658,   35.052703,      -11.56,
 140.302162,   35.052703,      -11.65,
 140.306667,   35.052703,      -11.74,
 140.311171,   35.052703,      -11.84,
 140.315676,   35.052703,      -11.98,
 140.320180,   35.052703,      -12.08,
 140.324685,   35.052703,      -12.16,
 140.329189,   35.052703,      -12.24,
 140.333694,   35.052703,      -12.47,
 140.338198,   35.052703,      -12.93,
 140.342703,   35.052703,      -13.37,
 140.347207,   35.052703,      -13.78,
 140.351712,   35.052703,      -14.17,
 140.356216,   35.052703,      -14.70,
 140.360721,   35.052703,      -15.30,
 140.365225,   35.052703,      -15.98,
 140.369730,   35.052703,      -16.74,
 140.374234,   35.052703,      -17.58,
 140.378739,   35.052703,      -18.49,
 140.383243,   35.052703,      -19.48,
 140.387748,   35.052703,      -20.55,
 139.140000,   35.057207,      -15.20,
 139.144505,   35.057207,      -15.37,
 139.149009,   35.057207,      -15.51,
 139.153514,   35.057207,      -15.63,
 139.158018,   35.057207,      -15.73,
 139.162523,   35.057207,      -15.80,
 139.167027,   35.057207,      -15.85,
 139.171532,   35.057207,      -15.88,
 139.176036,   35.057207,      -15.82,
 139.180541,   35.057207,      -15.75,
 139.185045,   35.057207,      -15.72,
 139.189550,   35.057207,      -15.71,
 139.194054,   35.057207,      -15.71,
 139.198559,   35.057207,      -15.75,
 139.203063,   35.057207,      -15.85,
 139.207568,   35.057207,      -16.04,
 139.212072,   35.057207,      -16.23,
 139.216577,   35.057207,      -16.39,
 139.221081,   35.057207,      -16.53,
 139.225586,   35.057207,      -16.73,
 139.230090,   35.057207,      -16.99,
 139.234595,   35.057207,      -17.23,
 139.239099,   35.057207,      -17.46,
 139.243604,   35.057207,      -17.68,
 139.248108,   35.057207,      -17.91,
 139.252613,   35.057207,      -18.15,
 139.257117,   35.057207,      -18.38,
 139.261622,   35.057207,      -18.60,
 139.266126,   35.057207,      -18.82,
 139.270631,   35.057207,      -19.03,
 139.275135,   35.057207,      -19.25,
 139.279640,   35.057207,      -19.46,
 139.284144,   35.057207,      -19.67,
 139.288649,   35.057207,      -19.88,
 139.293153,   35.057207,      -20.08,
 139.297658,   35.057207,      -20.28,
 139.302162,   35.057207,      -20.45,
 139.306667,   35.057207,      -20.61,
 139.311171,   35.057207,      -20.76,
 139.315676,   35.057207,      -20.91,
 139.320180,   35.057207,      -21.07,
 139.324685,   35.057207,      -21.23,
 139.329189,   35.057207,      -21.38,
 139.333694,   35.057207,      -21.46,
 139.338198,   35.057207,      -21.41,
 139.342703,   35.057207,      -21.30,
 139.347207,   35.057207,      -21.18,
 139.351712,   35.057207,      -21.07,
 139.356216,   35.057207,      -20.96,
 139.360721,   35.057207,      -20.85,
 139.365225,   35.057207,      -20.73,
 139.369730,   35.057207,      -20.58,
 139.374234,   35.057207,      -20.39,
 139.378739,   35.057207,      -20.17,
 139.383243,   35.057207,      -19.90,
 139.387748,   35.057207,      -19.62,
 139.392252,   35.057207,      -19.32,
 139.396757,   35.057207,      -19.03,
 139.401261,   35.057207,      -18.73,
 139.405766,   35.057207,      -18.42,
 139.410270,   35.057207,      -18.06,
 139.414775,   35.057207,      -17.63,
 139.419279,   35.057207,      -17.17,
 139.423784,   35.057207,      -16.71,
 139.428288,   35.057207,      -16.25,
 139.432793,   35.057207,      -15.78,
 139.437297,   35.057207,      -15.32,
 139.441802,   35.057207,      -14.87,
 139.446306,   35.057207,      -14.46,
 139.450811,   35.057207,      -14.09,
 139.455315,   35.057207,      -13.74,
 139.459820,   35.057207,      -13.38,
 139.464324,   35.057207,      -13.04,
 139.468829,   35.057207,      -12.69,
 139.473333,   35.057207,      -12.34,
 139.477838,   35.057207,      -12.03,
 139.482342,   35.057207,      -11.78,
 139.486847,   35.057207,      -11.53,
 139.491351,   35.057207,      -11.28,
 139.495856,   35.057207,      -11.03,
 139.500360,   35.057207,      -10.78,
 139.504865,   35.057207,      -10.52,
 139.509369,   35.057207,      -10.26,
 139.513874,   35.057207,      -10.00,
 139.518378,   35.057207,       -9.75,
 139.522883,   35.057207,       -9.51,
 139.527387,   35.057207,       -9.27,
 139.531892,   35.057207,       -9.02,
 139.536396,   35.057207,       -8.76,
 139.540901,   35.057207,       -8.50,
 139.545405,   35.057207,       -8.20,
 139.549910,   35.057207,       -7.93,
 139.554414,   35.057207,       -7.68,
 139.558919,   35.057207,       -7.45,
 139.563423,   35.057207,       -7.22,
 139.567928,   35.057207,       -6.99,
 139.572432,   35.057207,       -6.75,
 139.576937,   35.057207,       -6.51,
 139.581441,   35.057207,       -6.37,
 139.585946,   35.057207,       -6.33,
 139.590450,   35.057207,       -6.30,
 139.594955,   35.057207,       -6.28,
 139.599459,   35.057207,       -6.27,
 139.603964,   35.057207,       -6.27,
 139.608468,   35.057207,       -6.21,
 139.612973,   35.057207,       -6.07,
 139.617477,   35.057207,       -5.94,
 139.621982,   35.057207,       -5.85,
 139.626486,   35.057207,       -5.79,
 139.630991,   35.057207,       -5.74,
 139.635495,   35.057207,       -5.64,
 139.640000,   35.057207,       -5.52,
 139.644505,   35.057207,       -5.42,
 139.649009,   35.057207,       -5.31,
 139.653514,   35.057207,       -5.23,
 139.658018,   35.057207,       -5.18,
 139.662523,   35.057207,       -5.12,
 139.667027,   35.057207,       -5.06,
 139.671532,   35.057207,       -5.01,
 139.676036,   35.057207,       -4.92,
 139.680541,   35.057207,       -4.85,
 139.685045,   35.057207,       -4.79,
 139.689550,   35.057207,       -4.75,
 139.694054,   35.057207,       -4.73,
 139.698559,   35.057207,       -4.74,
 139.703063,   35.057207,       -4.79,
 139.707568,   35.057207,       -4.81,
 139.712072,   35.057207,       -4.83,
 139.716577,   35.057207,       -4.86,
 139.721081,   35.057207,       -4.89,
 139.725586,   35.057207,       -4.91,
 139.730090,   35.057207,       -4.94,
 139.734595,   35.057207,       -4.98,
 139.739099,   35.057207,       -5.09,
 139.743604,   35.057207,       -5.21,
 139.748108,   35.057207,       -5.34,
 139.752613,   35.057207,       -5.49,
 139.757117,   35.057207,       -5.64,
 139.761622,   35.057207,       -5.64,
 139.766126,   35.057207,       -5.54,
 139.770631,   35.057207,       -5.37,
 139.775135,   35.057207,       -5.10,
 139.779640,   35.057207,       -4.80,
 139.784144,   35.057207,       -4.54,
 139.788649,   35.057207,       -4.31,
 139.793153,   35.057207,       -4.20,
 139.797658,   35.057207,       -4.27,
 139.802162,   35.057207,       -4.45,
 139.806667,   35.057207,       -4.63,
 139.811171,   35.057207,       -4.62,
 139.815676,   35.057207,       -4.63,
 139.820180,   35.057207,       -5.48,
 139.824685,   35.057207,       -6.67,
 139.829189,   35.057207,       -7.99,
 139.833694,   35.057207,       -9.37,
 139.838198,   35.057207,      -10.80,
 139.842703,   35.057207,      -12.49,
 139.847207,   35.057207,      -13.59,
 139.851712,   35.057207,      -14.34,
 139.856216,   35.057207,      -14.91,
 139.860721,   35.057207,      -15.38,
 139.865225,   35.057207,      -15.71,
 139.869730,   35.057207,      -15.84,
 139.874234,   35.057207,      -15.90,
 139.878739,   35.057207,      -15.92,
 139.883243,   35.057207,      -15.93,
 139.887748,   35.057207,      -15.94,
 139.892252,   35.057207,      -15.94,
 139.896757,   35.057207,      -15.94,
 139.901261,   35.057207,      -15.94,
 139.905766,   35.057207,      -15.95,
 139.910270,   35.057207,      -15.96,
 139.914775,   35.057207,      -15.99,
 139.919279,   35.057207,      -16.01,
 139.923784,   35.057207,      -16.05,
 139.928288,   35.057207,      -16.09,
 139.932793,   35.057207,      -16.13,
 139.937297,   35.057207,      -16.18,
 139.941802,   35.057207,      -16.24,
 139.946306,   35.057207,      -16.30,
 139.950811,   35.057207,      -16.37,
 139.955315,   35.057207,      -16.44,
 139.959820,   35.057207,      -16.51,
 139.964324,   35.057207,      -16.60,
 139.968829,   35.057207,      -16.68,
 139.973333,   35.057207,      -16.77,
 139.977838,   35.057207,      -16.86,
 139.982342,   35.057207,      -16.96,
 139.986847,   35.057207,      -17.05,
 139.991351,   35.057207,      -17.15,
 139.995856,   35.057207,      -17.24,
 140.000360,   35.057207,      -17.34,
 140.004865,   35.057207,      -17.43,
 140.009369,   35.057207,      -17.52,
 140.013874,   35.057207,      -17.63,
 140.018378,   35.057207,      -17.74,
 140.022883,   35.057207,      -17.86,
 140.027387,   35.057207,      -17.99,
 140.031892,   35.057207,      -18.14,
 140.036396,   35.057207,      -18.32,
 140.040901,   35.057207,      -18.61,
 140.045405,   35.057207,      -18.88,
 140.049910,   35.057207,      -19.08,
 140.054414,   35.057207,      -19.28,
 140.058919,   35.057207,      -19.41,
 140.063423,   35.057207,      -19.48,
 140.067928,   35.057207,      -19.62,
 140.072432,   35.057207,      -19.61,
 140.076937,   35.057207,      -19.46,
 140.081441,   35.057207,      -19.26,
 140.085946,   35.057207,      -19.07,
 140.090450,   35.057207,      -18.88,
 140.094955,   35.057207,      -18.64,
 140.099459,   35.057207,      -18.31,
 140.103964,   35.057207,      -17.88,
 140.108468,   35.057207,      -17.44,
 140.112973,   35.057207,      -17.04,
 140.117477,   35.057207,      -16.65,
 140.121982,   35.057207,      -16.26,
 140.126486,   35.057207,      -15.84,
 140.130991,   35.057207,      -15.48,
 140.135495,   35.057207,      -15.15,
 140.140000,   35.057207,      -14.78,
 140.144505,   35.057207,      -14.47,
 140.149009,   35.057207,      -14.15,
 140.153514,   35.057207,      -13.86,
 140.158018,   35.057207,      -13.60,
 140.162523,   35.057207,      -13.36,
 140.167027,   35.057207,      -13.20,
 140.171532,   35.057207,      -13.04,
 140.176036,   35.057207,      -12.87,
 140.180541,   35.057207,      -12.76,
 140.185045,   35.057207,      -12.66,
 140.189550,   35.057207,      -12.55,
 140.194054,   35.057207,      -12.45,
 140.198559,   35.057207,      -12.35,
 140.203063,   35.057207,      -12.26,
 140.207568,   35.057207,      -12.18,
 140.212072,   35.057207,      -12.12,
 140.216577,   35.057207,      -12.07,
 140.221081,   35.057207,      -12.02,
 140.225586,   35.057207,      -11.96,
 140.230090,   35.057207,      -11.89,
 140.234595,   35.057207,      -11.82,
 140.239099,   35.057207,      -11.77,
 140.243604,   35.057207,      -11.75,
 140.248108,   35.057207,      -11.73,
 140.252613,   35.057207,      -11.70,
 140.257117,   35.057207,      -11.66,
 140.261622,   35.057207,      -11.61,
 140.266126,   35.057207,      -11.58,
 140.270631,   35.057207,      -11.61,
 140.275135,   35.057207,      -11.65,
 140.279640,   35.057207,      -11.68,
 140.284144,   35.057207,      -11.72,
 140.288649,   35.057207,      -11.79,
 140.293153,   35.057207,      -11.86,
 140.297658,   35.057207,      -11.94,
 140.302162,   35.057207,      -12.02,
 140.306667,   35.057207,      -12.13,
 140.311171,   35.057207,      -12.28,
 140.315676,   35.057207,      -12.43,
 140.320180,   35.057207,      -12.56,
 140.324685,   35.057207,      -12.66,
 140.329189,   35.057207,      -12.80,
 140.333694,   35.057207,      -13.01,
 140.338198,   35.057207,      -13.36,
 140.342703,   35.057207,      -13.79,
 140.347207,   35.057207,      -14.23,
 140.351712,   35.057207,      -14.72,
 140.356216,   35.057207,      -15.31,
 140.360721,   35.057207,      -15.97,
 140.365225,   35.057207,      -16.71,
 140.369730,   35.057207,      -17.52,
 140.374234,   35.057207,      -18.42,
 140.378739,   35.057207,      -19.39,
 140.383243,   35.057207,      -20.10,
 140.387748,   35.057207,      -19.53,
 139.140000,   35.061712,      -14.87,
 139.144505,   35.061712,      -15.06,
 139.149009,   35.061712,      -15.22,
 139.153514,   35.061712,      -15.37,
 139.158018,   35.061712,      -15.48,
 139.162523,   35.061712,      -15.58,
 139.167027,   35.061712,      -15.65,
 139.171532,   35.061712,      -15.69,
 139.176036,   35.061712,      -15.72,
 139.180541,   35.061712,      -15.72,
 139.185045,   35.061712,      -15.69,
 139.189550,   35.061712,      -15.67,
 139.194054,   35.061712,      -15.66,
 139.198559,   35.061712,      -15.67,
 139.203063,   35.061712,      -15.74,
 139.207568,   35.061712,      -15.94,
 139.212072,   35.061712,      -16.13,
 139.216577,   35.061712,      -16.32,
 139.221081,   35.061712,      -16.50,
 139.225586,   35.061712,      -16.72,
 139.230090,   35.061712,      -16.95,
 139.234595,   35.061712,      -17.18,
 139.239099,   35.061712,      -17.40,
 139.243604,   35.061712,      -17.62,
 139.248108,   35.061712,      -17.84,
 139.252613,   35.061712,      -18.04,
 139.257117,   35.061712,      -18.26,
 139.261622,   35.061712,      -18.49,
 139.266126,   35.061712,      -18.70,
 139.270631,   35.061712,      -18.91,
 139.275135,   35.061712,      -19.12,
 139.279640,   35.061712,      -19.34,
 139.284144,   35.061712,      -19.55,
 139.288649,   35.061712,      -19.76,
 139.293153,   35.061712,      -19.96,
 139.297658,   35.061712,      -20.16,
 139.302162,   35.061712,      -20.35,
 139.306667,   35.061712,      -20.52,
 139.311171,   35.061712,      -20.68,
 139.315676,   35.061712,      -20.85,
 139.320180,   35.061712,      -21.01,
 139.324685,   35.061712,      -21.19,
 139.329189,   35.061712,      -21.39,
 139.333694,   35.061712,      -21.58,
 139.338198,   35.061712,      -21.47,
 139.342703,   35.061712,      -21.32,
 139.347207,   35.061712,      -21.18,
 139.351712,   35.061712,      -21.07,
 139.356216,   35.061712,      -20.96,
 139.360721,   35.061712,      -20.86,
 139.365225,   35.061712,      -20.77,
 139.369730,   35.061712,      -20.64,
 139.374234,   35.061712,      -20.46,
 139.378739,   35.061712,      -20.25,
 139.383243,   35.061712,      -19.97,
 139.387748,   35.061712,      -19.67,
 139.392252,   35.061712,      -19.36,
 139.396757,   35.061712,      -19.05,
 139.401261,   35.061712,      -18.73,
 139.405766,   35.061712,      -18.40,
 139.410270,   35.061712,      -18.03,
 139.414775,   35.061712,      -17.62,
 139.419279,   35.061712,      -17.17,
 139.423784,   35.061712,      -16.71,
 139.428288,   35.061712,      -16.25,
 139.432793,   35.061712,      -15.80,
 139.437297,   35.061712,      -15.34,
 139.441802,   35.061712,      -14.88,
 139.446306,   35.061712,      -14.46,
 139.450811,   35.061712,      -14.08,
 139.455315,   35.061712,      -13.71,
 139.459820,   35.061712,      -13.34,
 139.464324,   35.061712,      -12.97,
 139.468829,   35.061712,      -12.61,
 139.473333,   35.061712,      -12.24,
 139.477838,   35.061712,      -11.95,
 139.482342,   35.061712,      -11.71,
 139.486847,   35.061712,      -11.47,
 139.491351,   35.061712,      -11.23,
 139.495856,   35.061712,      -11.00,
 139.500360,   35.061712,      -10.76,
 139.504865,   35.061712,      -10.51,
 139.509369,   35.061712,      -10.25,
 139.513874,   35.061712,      -10.01,
 139.518378,   35.061712,       -9.77,
 139.522883,   35.061712,       -9.54,
 139.527387,   35.061712,       -9.30,
 139.531892,   35.061712,       -9.06,
 139.536396,   35.061712,       -8.82,
 139.540901,   35.061712,       -8.56,
 139.545405,   35.061712,       -8.26,
 139.549910,   35.061712,       -7.92,
 139.554414,   35.061712,       -7.63,
 139.558919,   35.061712,       -7.37,
 139.563423,   35.061712,       -7.13,
 139.567928,   35.061712,       -6.88,
 139.572432,   35.061712,       -6.62,
 139.576937,   35.061712,       -6.35,
 139.581441,   35.061712,       -6.15,
 139.585946,   35.061712,       -6.08,
 139.590450,   35.061712,       -6.03,
 139.594955,   35.061712,       -5.99,
 139.599459,   35.061712,       -5.97,
 139.603964,   35.061712,       -5.92,
 139.608468,   35.061712,       -5.79,
 139.612973,   35.061712,       -5.66,
 139.617477,   35.061712,       -5.55,
 139.621982,   35.061712,       -5.48,
 139.626486,   35.061712,       -5.42,
 139.630991,   35.061712,       -5.36,
 139.635495,   35.061712,       -5.29,
 139.640000,   35.061712,       -5.20,
 139.644505,   35.061712,       -5.12,
 139.649009,   35.061712,       -5.05,
 139.653514,   35.061712,       -4.98,
 139.658018,   35.061712,       -4.93,
 139.662523,   35.061712,       -4.89,
 139.667027,   35.061712,       -4.84,
 139.671532,   35.061712,       -4.80,
 139.676036,   35.061712,       -4.78,
 139.680541,   35.061712,       -4.73,
 139.685045,   35.061712,       -4.68,
 139.689550,   35.061712,       -4.63,
 139.694054,   35.061712,       -4.60,
 139.698559,   35.061712,       -4.62,
 139.703063,   35.061712,       -4.70,
 139.707568,   35.061712,       -4.75,
 139.712072,   35.061712,       -4.77,
 139.716577,   35.061712,       -4.78,
 139.721081,   35.061712,       -4.77,
 139.725586,   35.061712,       -4.81,
 139.730090,   35.061712,       -4.85,
 139.734595,   35.061712,       -4.92,
 139.739099,   35.061712,       -5.04,
 139.743604,   35.061712,       -5.18,
 139.748108,   35.061712,       -5.32,
 139.752613,   35.061712,       -5.50,
 139.757117,   35.061712,       -5.67,
 139.761622,   35.061712,       -5.73,
 139.766126,   35.061712,       -5.68,
 139.770631,   35.061712,       -5.60,
 139.775135,   35.061712,       -5.26,
 139.779640,   35.061712,       -4.94,
 139.784144,   35.061712,       -4.65,
 139.788649,   35.061712,       -4.46,
 139.793153,   35.061712,       -4.31,
 139.797658,   35.061712,       -4.25,
 139.802162,   35.061712,       -4.44,
 139.806667,   35.061712,       -4.69,
 139.811171,   35.061712,       -4.95,
 139.815676,   35.061712,       -5.40,
 139.820180,   35.061712,       -6.28,
 139.824685,   35.061712,       -7.29,
 139.829189,   35.061712,       -8.55,
 139.833694,   35.061712,       -9.93,
 139.838198,   35.061712,      -11.36,
 139.842703,   35.061712,      -13.13,
 139.847207,   35.061712,      -14.23,
 139.851712,   35.061712,      -14.98,
 139.856216,   35.061712,      -15.54,
 139.860721,   35.061712,      -15.94,
 139.865225,   35.061712,      -16.05,
 139.869730,   35.061712,      -16.06,
 139.874234,   35.061712,      -16.03,
 139.878739,   35.061712,      -16.00,
 139.883243,   35.061712,      -15.96,
 139.887748,   35.061712,      -15.93,
 139.892252,   35.061712,      -15.90,
 139.896757,   35.061712,      -15.88,
 139.901261,   35.061712,      -15.87,
 139.905766,   35.061712,      -15.86,
 139.910270,   35.061712,      -15.86,
 139.914775,   35.061712,      -15.87,
 139.919279,   35.061712,      -15.89,
 139.923784,   35.061712,      -15.91,
 139.928288,   35.061712,      -15.94,
 139.932793,   35.061712,      -15.98,
 139.937297,   35.061712,      -16.02,
 139.941802,   35.061712,      -16.07,
 139.946306,   35.061712,      -16.13,
 139.950811,   35.061712,      -16.20,
 139.955315,   35.061712,      -16.27,
 139.959820,   35.061712,      -16.34,
 139.964324,   35.061712,      -16.43,
 139.968829,   35.061712,      -16.51,
 139.973333,   35.061712,      -16.60,
 139.977838,   35.061712,      -16.69,
 139.982342,   35.061712,      -16.78,
 139.986847,   35.061712,      -16.88,
 139.991351,   35.061712,      -16.98,
 139.995856,   35.061712,      -17.07,
 140.000360,   35.061712,      -17.17,
 140.004865,   35.061712,      -17.27,
 140.009369,   35.061712,      -17.37,
 140.013874,   35.061712,      -17.47,
 140.018378,   35.061712,      -17.59,
 140.022883,   35.061712,      -17.71,
 140.027387,   35.061712,      -17.85,
 140.031892,   35.061712,      -17.99,
 140.036396,   35.061712,      -18.17,
 140.040901,   35.061712,      -18.37,
 140.045405,   35.061712,      -18.65,
 140.049910,   35.061712,      -18.93,
 140.054414,   35.061712,      -19.25,
 140.058919,   35.061712,      -19.56,
 140.063423,   35.061712,      -19.76,
 140.067928,   35.061712,      -19.99,
 140.072432,   35.061712,      -20.14,
 140.076937,   35.061712,      -20.06,
 140.081441,   35.061712,      -19.76,
 140.085946,   35.061712,      -19.59,
 140.090450,   35.061712,      -19.36,
 140.094955,   35.061712,      -19.12,
 140.099459,   35.061712,      -18.91,
 140.103964,   35.061712,      -18.55,
 140.108468,   35.061712,      -18.12,
 140.112973,   35.061712,      -17.66,
 140.117477,   35.061712,      -17.23,
 140.121982,   35.061712,      -16.82,
 140.126486,   35.061712,      -16.37,
 140.130991,   35.061712,      -15.92,
 140.135495,   35.061712,      -15.54,
 140.140000,   35.061712,      -15.14,
 140.144505,   35.061712,      -14.74,
 140.149009,   35.061712,      -14.39,
 140.153514,   35.061712,      -14.06,
 140.158018,   35.061712,      -13.80,
 140.162523,   35.061712,      -13.57,
 140.167027,   35.061712,      -13.38,
 140.171532,   35.061712,      -13.22,
 140.176036,   35.061712,      -13.08,
 140.180541,   35.061712,      -12.98,
 140.185045,   35.061712,      -12.88,
 140.189550,   35.061712,      -12.78,
 140.194054,   35.061712,      -12.68,
 140.198559,   35.061712,      -12.60,
 140.203063,   35.061712,      -12.51,
 140.207568,   35.061712,      -12.39,
 140.212072,   35.061712,      -12.32,
 140.216577,   35.061712,      -12.31,
 140.221081,   35.061712,      -12.27,
 140.225586,   35.061712,      -12.19,
 140.230090,   35.061712,      -12.11,
 140.234595,   35.061712,      -12.11,
 140.239099,   35.061712,      -12.11,
 140.243604,   35.061712,      -12.12,
 140.248108,   35.061712,      -12.08,
 140.252613,   35.061712,      -12.04,
 140.257117,   35.061712,      -12.00,
 140.261622,   35.061712,      -11.92,
 140.266126,   35.061712,      -11.84,
 140.270631,   35.061712,      -11.96,
 140.275135,   35.061712,      -12.04,
 140.279640,   35.061712,      -12.09,
 140.284144,   35.061712,      -12.15,
 140.288649,   35.061712,      -12.22,
 140.293153,   35.061712,      -12.30,
 140.297658,   35.061712,      -12.37,
 140.302162,   35.061712,      -12.43,
 140.306667,   35.061712,      -12.58,
 140.311171,   35.061712,      -12.77,
 140.315676,   35.061712,      -12.93,
 140.320180,   35.061712,      -13.05,
 140.324685,   35.061712,      -13.20,
 140.329189,   35.061712,      -13.39,
 140.333694,   35.061712,      -13.57,
 140.338198,   35.061712,      -13.84,
 140.342703,   35.061712,      -14.28,
 140.347207,   35.061712,      -14.75,
 140.351712,   35.061712,      -15.22,
 140.356216,   35.061712,      -15.84,
 140.360721,   35.061712,      -16.56,
 140.365225,   35.061712,      -17.36,
 140.369730,   35.061712,      -18.23,
 140.374234,   35.061712,      -18.89,
 140.378739,   35.061712,      -18.05,
 140.383243,   35.061712,      -16.63,
 140.387748,   35.061712,      -14.75,
 139.140000,   35.066216,      -15.22,
 139.144505,   35.066216,      -15.07,
 139.149009,   35.066216,      -14.96,
 139.153514,   35.066216,      -15.12,
 139.158018,   35.066216,      -15.26,
 139.162523,   35.066216,      -15.37,
 139.167027,   35.066216,      -15.47,
 139.171532,   35.066216,      -15.53,
 139.176036,   35.066216,      -15.58,
 139.180541,   35.066216,      -15.60,
 139.185045,   35.066216,      -15.59,
 139.189550,   35.066216,      -15.59,
 139.194054,   35.066216,      -15.58,
 139.198559,   35.066216,      -15.63,
 139.203063,   35.066216,      -15.74,
 139.207568,   35.066216,      -15.92,
 139.212072,   35.066216,      -16.11,
 139.216577,   35.066216,      -16.29,
 139.221081,   35.066216,      -16.49,
 139.225586,   35.066216,      -16.71,
 139.230090,   35.066216,      -16.93,
 139.234595,   35.066216,      -17.15,
 139.239099,   35.066216,      -17.38,
 139.243604,   35.066216,      -17.60,
 139.248108,   35.066216,      -17.82,
 139.252613,   35.066216,      -18.01,
 139.257117,   35.066216,      -18.20,
 139.261622,   35.066216,      -18.40,
 139.266126,   35.066216,      -18.61,
 139.270631,   35.066216,      -18.81,
 139.275135,   35.066216,      -19.02,
 139.279640,   35.066216,      -19.22,
 139.284144,   35.066216,      -19.43,
 139.288649,   35.066216,      -19.64,
 139.293153,   35.066216,      -19.85,
 139.297658,   35.066216,      -20.04,
 139.302162,   35.066216,      -20.23,
 139.306667,   35.066216,      -20.40,
 139.311171,   35.066216,      -20.56,
 139.315676,   35.066216,      -20.72,
 139.320180,   35.066216,      -20.88,
 139.324685,   35.066216,      -21.05,
 139.329189,   35.066216,      -21.23,
 139.333694,   35.066216,      -21.38,
 139.338198,   35.066216,      -21.36,
 139.342703,   35.066216,      -21.23,
 139.347207,   35.066216,      -21.11,
 139.351712,   35.066216,      -21.00,
 139.356216,   35.066216,      -20.90,
 139.360721,   35.066216,      -20.82,
 139.365225,   35.066216,      -20.75,
 139.369730,   35.066216,      -20.68,
 139.374234,   35.066216,      -20.54,
 139.378739,   35.066216,      -20.33,
 139.383243,   35.066216,      -20.03,
 139.387748,   35.066216,      -19.71,
 139.392252,   35.066216,      -19.38,
 139.396757,   35.066216,      -19.05,
 139.401261,   35.066216,      -18.72,
 139.405766,   35.066216,      -18.38,
 139.410270,   35.066216,      -18.00,
 139.414775,   35.066216,      -17.60,
 139.419279,   35.066216,      -17.17,
 139.423784,   35.066216,      -16.71,
 139.428288,   35.066216,      -16.25,
 139.432793,   35.066216,      -15.78,
 139.437297,   35.066216,      -15.32,
 139.441802,   35.066216,      -14.86,
 139.446306,   35.066216,      -14.39,
 139.450811,   35.066216,      -14.01,
 139.455315,   35.066216,      -13.63,
 139.459820,   35.066216,      -13.25,
 139.464324,   35.066216,      -12.88,
 139.468829,   35.066216,      -12.50,
 139.473333,   35.066216,      -12.14,
 139.477838,   35.066216,      -11.85,
 139.482342,   35.066216,      -11.63,
 139.486847,   35.066216,      -11.40,
 139.491351,   35.066216,      -11.17,
 139.495856,   35.066216,      -10.95,
 139.500360,   35.066216,      -10.72,
 139.504865,   35.066216,      -10.50,
 139.509369,   35.066216,      -10.25,
 139.513874,   35.066216,      -10.02,
 139.518378,   35.066216,       -9.79,
 139.522883,   35.066216,       -9.56,
 139.527387,   35.066216,       -9.34,
 139.531892,   35.066216,       -9.12,
 139.536396,   35.066216,       -8.88,
 139.540901,   35.066216,       -8.63,
 139.545405,   35.066216,       -8.32,
 139.549910,   35.066216,       -7.95,
 139.554414,   35.066216,       -7.61,
 139.558919,   35.066216,       -7.30,
 139.563423,   35.066216,       -7.04,
 139.567928,   35.066216,       -6.76,
 139.572432,   35.066216,       -6.47,
 139.576937,   35.066216,       -6.17,
 139.581441,   35.066216,       -5.95,
 139.585946,   35.066216,       -5.83,
 139.590450,   35.066216,       -5.76,
 139.594955,   35.066216,       -5.69,
 139.599459,   35.066216,       -5.64,
 139.603964,   35.066216,       -5.54,
 139.608468,   35.066216,       -5.36,
 139.612973,   35.066216,       -5.20,
 139.617477,   35.066216,       -5.08,
 139.621982,   35.066216,       -5.01,
 139.626486,   35.066216,       -4.94,
 139.630991,   35.066216,       -4.87,
 139.635495,   35.066216,       -4.83,
 139.640000,   35.066216,       -4.79,
 139.644505,   35.066216,       -4.75,
 139.649009,   35.066216,       -4.74,
 139.653514,   35.066216,       -4.73,
 139.658018,   35.066216,       -4.66,
 139.662523,   35.066216,       -4.61,
 139.667027,   35.066216,       -4.56,
 139.671532,   35.066216,       -4.52,
 139.676036,   35.066216,       -4.52,
 139.680541,   35.066216,       -4.51,
 139.685045,   35.066216,       -4.48,
 139.689550,   35.066216,       -4.45,
 139.694054,   35.066216,       -4.44,
 139.698559,   35.066216,       -4.49,
 139.703063,   35.066216,       -4.57,
 139.707568,   35.066216,       -4.68,
 139.712072,   35.066216,       -4.67,
 139.716577,   35.066216,       -4.63,
 139.721081,   35.066216,       -4.62,
 139.725586,   35.066216,       -4.65,
 139.730090,   35.066216,       -4.73,
 139.734595,   35.066216,       -4.83,
 139.739099,   35.066216,       -4.96,
 139.743604,   35.066216,       -5.12,
 139.748108,   35.066216,       -5.31,
 139.752613,   35.066216,       -5.51,
 139.757117,   35.066216,       -5.71,
 139.761622,   35.066216,       -5.80,
 139.766126,   35.066216,       -5.74,
 139.770631,   35.066216,       -5.66,
 139.775135,   35.066216,       -5.42,
 139.779640,   35.066216,       -5.09,
 139.784144,   35.066216,       -4.77,
 139.788649,   35.066216,       -4.55,
 139.793153,   35.066216,       -4.39,
 139.797658,   35.066216,       -4.24,
 139.802162,   35.066216,       -4.29,
 139.806667,   35.066216,       -4.53,
 139.811171,   35.066216,       -5.00,
 139.815676,   35.066216,       -5.94,
 139.820180,   35.066216,       -6.85,
 139.824685,   35.066216,       -7.80,
 139.829189,   35.066216,       -9.11,
 139.833694,   35.066216,      -10.48,
 139.838198,   35.066216,      -11.97,
 139.842703,   35.066216,      -13.84,
 139.847207,   35.066216,      -14.93,
 139.851712,   35.066216,      -15.67,
 139.856216,   35.066216,      -16.19,
 139.860721,   35.066216,      -16.31,
 139.865225,   35.066216,      -16.26,
 139.869730,   35.066216,      -16.18,
 139.874234,   35.066216,      -16.09,
 139.878739,   35.066216,      -16.01,
 139.883243,   35.066216,      -15.94,
 139.887748,   35.066216,      -15.88,
 139.892252,   35.066216,      -15.83,
 139.896757,   35.066216,      -15.79,
 139.901261,   35.066216,      -15.76,
 139.905766,   35.066216,      -15.74,
 139.910270,   35.066216,      -15.73,
 139.914775,   35.066216,      -15.73,
 139.919279,   35.066216,      -15.74,
 139.923784,   35.066216,      -15.75,
 139.928288,   35.066216,      -15.78,
 139.932793,   35.066216,      -15.81,
 139.937297,   35.066216,      -15.85,
 139.941802,   35.066216,      -15.90,
 139.946306,   35.066216,      -15.95,
 139.950811,   35.066216,      -16.02,
 139.955315,   35.066216,      -16.09,
 139.959820,   35.066216,      -16.16,
 139.964324,   35.066216,      -16.24,
 139.968829,   35.066216,      -16.33,
 139.973333,   35.066216,      -16.42,
 139.977838,   35.066216,      -16.51,
 139.982342,   35.066216,      -16.60,
 139.986847,   35.066216,      -16.70,
 139.991351,   35.066216,      -16.80,
 139.995856,   35.066216,      -16.90,
 140.000360,   35.066216,      -17.00,
 140.004865,   35.066216,      -17.10,
 140.009369,   35.066216,      -17.20,
 140.013874,   35.066216,      -17.31,
 140.018378,   35.066216,      -17.43,
 140.022883,   35.066216,      -17.55,
 140.027387,   35.066216,      -17.69,
 140.031892,   35.066216,      -17.84,
 140.036396,   35.066216,      -18.00,
 140.040901,   35.066216,      -18.18,
 140.045405,   35.066216,      -18.39,
 140.049910,   35.066216,      -18.65,
 140.054414,   35.066216,      -18.90,
 140.058919,   35.066216,      -19.13,
 140.063423,   35.066216,      -19.38,
 140.067928,   35.066216,      -19.57,
 140.072432,   35.066216,      -20.03,
 140.076937,   35.066216,      -20.36,
 140.081441,   35.066216,      -19.72,
 140.085946,   35.066216,      -19.61,
 140.090450,   35.066216,      -19.67,
 140.094955,   35.066216,      -19.53,
 140.099459,   35.066216,      -19.32,
 140.103964,   35.066216,      -19.13,
 140.108468,   35.066216,      -18.80,
 140.112973,   35.066216,      -18.33,
 140.117477,   35.066216,      -17.85,
 140.121982,   35.066216,      -17.39,
 140.126486,   35.066216,      -16.92,
 140.130991,   35.066216,      -16.41,
 140.135495,   35.066216,      -15.97,
 140.140000,   35.066216,      -15.53,
 140.144505,   35.066216,      -15.07,
 140.149009,   35.066216,      -14.70,
 140.153514,   35.066216,      -14.32,
 140.158018,   35.066216,      -14.02,
 140.162523,   35.066216,      -13.81,
 140.167027,   35.066216,      -13.60,
 140.171532,   35.066216,      -13.41,
 140.176036,   35.066216,      -13.32,
 140.180541,   35.066216,      -13.23,
 140.185045,   35.066216,      -13.12,
 140.189550,   35.066216,      -13.00,
 140.194054,   35.066216,      -12.94,
 140.198559,   35.066216,      -12.91,
 140.203063,   35.066216,      -12.86,
 140.207568,   35.066216,      -12.77,
 140.212072,   35.066216,      -12.70,
 140.216577,   35.066216,      -12.65,
 140.221081,   35.066216,      -12.61,
 140.225586,   35.066216,      -12.56,
 140.230090,   35.066216,      -12.56,
 140.234595,   35.066216,      -12.56,
 140.239099,   35.066216,      -12.54,
 140.243604,   35.066216,      -12.50,
 140.248108,   35.066216,      -12.48,
 140.252613,   35.066216,      -12.48,
 140.257117,   35.066216,      -12.46,
 140.261622,   35.066216,      -12.43,
 140.266126,   35.066216,      -12.44,
 140.270631,   35.066216,      -12.47,
 140.275135,   35.066216,      -12.52,
 140.279640,   35.066216,      -12.56,
 140.284144,   35.066216,      -12.58,
 140.288649,   35.066216,      -12.69,
 140.293153,   35.066216,      -12.81,
 140.297658,   35.066216,      -12.92,
 140.302162,   35.066216,      -13.03,
 140.306667,   35.066216,      -13.17,
 140.311171,   35.066216,      -13.33,
 140.315676,   35.066216,      -13.49,
 140.320180,   35.066216,      -13.65,
 140.324685,   35.066216,      -13.80,
 140.329189,   35.066216,      -13.98,
 140.333694,   35.066216,      -14.17,
 140.338198,   35.066216,      -14.36,
 140.342703,   35.066216,      -14.79,
 140.347207,   35.066216,      -15.26,
 140.351712,   35.066216,      -15.74,
 140.356216,   35.066216,      -16.29,
 140.360721,   35.066216,      -17.07,
 140.365225,   35.066216,      -17.49,
 140.369730,   35.066216,      -17.01,
 140.374234,   35.066216,      -16.06,
 140.378739,   35.066216,      -14.65,
 140.383243,   35.066216,      -12.77,
 140.387748,   35.066216,      -11.43,
 139.140000,   35.070721,      -15.65,
 139.144505,   35.070721,      -15.46,
 139.149009,   35.070721,      -15.31,
 139.153514,   35.070721,      -15.19,
 139.158018,   35.070721,      -15.11,
 139.162523,   35.070721,      -15.20,
 139.167027,   35.070721,      -15.31,
 139.171532,   35.070721,      -15.40,
 139.176036,   35.070721,      -15.46,
 139.180541,   35.070721,      -15.48,
 139.185045,   35.070721,      -15.48,
 139.189550,   35.070721,      -15.48,
 139.194054,   35.070721,      -15.49,
 139.198559,   35.070721,      -15.59,
 139.203063,   35.070721,      -15.74,
 139.207568,   35.070721,      -15.92,
 139.212072,   35.070721,      -16.10,
 139.216577,   35.070721,      -16.28,
 139.221081,   35.070721,      -16.48,
 139.225586,   35.070721,      -16.70,
 139.230090,   35.070721,      -16.92,
 139.234595,   35.070721,      -17.14,
 139.239099,   35.070721,      -17.36,
 139.243604,   35.070721,      -17.59,
 139.248108,   35.070721,      -17.79,
 139.252613,   35.070721,      -17.97,
 139.257117,   35.070721,      -18.16,
 139.261622,   35.070721,      -18.34,
 139.266126,   35.070721,      -18.53,
 139.270631,   35.070721,      -18.73,
 139.275135,   35.070721,      -18.92,
 139.279640,   35.070721,      -19.12,
 139.284144,   35.070721,      -19.32,
 139.288649,   35.070721,      -19.53,
 139.293153,   35.070721,      -19.73,
 139.297658,   35.070721,      -19.92,
 139.302162,   35.070721,      -20.10,
 139.306667,   35.070721,      -20.25,
 139.311171,   35.070721,      -20.40,
 139.315676,   35.070721,      -20.54,
 139.320180,   35.070721,      -20.69,
 139.324685,   35.070721,      -20.84,
 139.329189,   35.070721,      -20.98,
 139.333694,   35.070721,      -21.09,
 139.338198,   35.070721,      -21.11,
 139.342703,   35.070721,      -21.05,
 139.347207,   35.070721,      -20.96,
 139.351712,   35.070721,      -20.87,
 139.356216,   35.070721,      -20.80,
 139.360721,   35.070721,      -20.73,
 139.365225,   35.070721,      -20.68,
 139.369730,   35.070721,      -20.65,
 139.374234,   35.070721,      -20.61,
 139.378739,   35.070721,      -20.40,
 139.383243,   35.070721,      -20.06,
 139.387748,   35.070721,      -19.71,
 139.392252,   35.070721,      -19.36,
 139.396757,   35.070721,      -19.02,
 139.401261,   35.070721,      -18.68,
 139.405766,   35.070721,      -18.34,
 139.410270,   35.070721,      -17.98,
 139.414775,   35.070721,      -17.59,
 139.419279,   35.070721,      -17.16,
 139.423784,   35.070721,      -16.70,
 139.428288,   35.070721,      -16.22,
 139.432793,   35.070721,      -15.74,
 139.437297,   35.070721,      -15.26,
 139.441802,   35.070721,      -14.77,
 139.446306,   35.070721,      -14.29,
 139.450811,   35.070721,      -13.87,
 139.455315,   35.070721,      -13.50,
 139.459820,   35.070721,      -13.12,
 139.464324,   35.070721,      -12.75,
 139.468829,   35.070721,      -12.39,
 139.473333,   35.070721,      -12.02,
 139.477838,   35.070721,      -11.75,
 139.482342,   35.070721,      -11.53,
 139.486847,   35.070721,      -11.31,
 139.491351,   35.070721,      -11.09,
 139.495856,   35.070721,      -10.87,
 139.500360,   35.070721,      -10.66,
 139.504865,   35.070721,      -10.45,
 139.509369,   35.070721,      -10.25,
 139.513874,   35.070721,      -10.01,
 139.518378,   35.070721,       -9.79,
 139.522883,   35.070721,       -9.57,
 139.527387,   35.070721,       -9.36,
 139.531892,   35.070721,       -9.16,
 139.536396,   35.070721,       -8.96,
 139.540901,   35.070721,       -8.71,
 139.545405,   35.070721,       -8.40,
 139.549910,   35.070721,       -8.01,
 139.554414,   35.070721,       -7.63,
 139.558919,   35.070721,       -7.25,
 139.563423,   35.070721,       -6.93,
 139.567928,   35.070721,       -6.60,
 139.572432,   35.070721,       -6.28,
 139.576937,   35.070721,       -5.97,
 139.581441,   35.070721,       -5.75,
 139.585946,   35.070721,       -5.61,
 139.590450,   35.070721,       -5.49,
 139.594955,   35.070721,       -5.39,
 139.599459,   35.070721,       -5.30,
 139.603964,   35.070721,       -5.12,
 139.608468,   35.070721,       -4.94,
 139.612973,   35.070721,       -4.76,
 139.617477,   35.070721,       -4.59,
 139.621982,   35.070721,       -4.52,
 139.626486,   35.070721,       -4.46,
 139.630991,   35.070721,       -4.38,
 139.635495,   35.070721,       -4.32,
 139.640000,   35.070721,       -4.31,
 139.644505,   35.070721,       -4.32,
 139.649009,   35.070721,       -4.33,
 139.653514,   35.070721,       -4.35,
 139.658018,   35.070721,       -4.33,
 139.662523,   35.070721,       -4.30,
 139.667027,   35.070721,       -4.26,
 139.671532,   35.070721,       -4.23,
 139.676036,   35.070721,       -4.24,
 139.680541,   35.070721,       -4.25,
 139.685045,   35.070721,       -4.26,
 139.689550,   35.070721,       -4.26,
 139.694054,   35.070721,       -4.27,
 139.698559,   35.070721,       -4.31,
 139.703063,   35.070721,       -4.36,
 139.707568,   35.070721,       -4.40,
 139.712072,   35.070721,       -4.42,
 139.716577,   35.070721,       -4.43,
 139.721081,   35.070721,       -4.45,
 139.725586,   35.070721,       -4.50,
 139.730090,   35.070721,       -4.61,
 139.734595,   35.070721,       -4.71,
 139.739099,   35.070721,       -4.86,
 139.743604,   35.070721,       -5.07,
 139.748108,   35.070721,       -5.29,
 139.752613,   35.070721,       -5.50,
 139.757117,   35.070721,       -5.72,
 139.761622,   35.070721,       -5.86,
 139.766126,   35.070721,       -5.79,
 139.770631,   35.070721,       -5.71,
 139.775135,   35.070721,       -5.56,
 139.779640,   35.070721,       -5.23,
 139.784144,   35.070721,       -4.89,
 139.788649,   35.070721,       -4.59,
 139.793153,   35.070721,       -4.42,
 139.797658,   35.070721,       -4.26,
 139.802162,   35.070721,       -4.12,
 139.806667,   35.070721,       -4.26,
 139.811171,   35.070721,       -5.10,
 139.815676,   35.070721,       -6.15,
 139.820180,   35.070721,       -7.20,
 139.824685,   35.070721,       -8.26,
 139.829189,   35.070721,       -9.62,
 139.833694,   35.070721,      -11.02,
 139.838198,   35.070721,      -12.58,
 139.842703,   35.070721,      -14.60,
 139.847207,   35.070721,      -15.69,
 139.851712,   35.070721,      -16.40,
 139.856216,   35.070721,      -16.63,
 139.860721,   35.070721,      -16.52,
 139.865225,   35.070721,      -16.36,
 139.869730,   35.070721,      -16.21,
 139.874234,   35.070721,      -16.08,
 139.878739,   35.070721,      -15.96,
 139.883243,   35.070721,      -15.87,
 139.887748,   35.070721,      -15.78,
 139.892252,   35.070721,      -15.72,
 139.896757,   35.070721,      -15.66,
 139.901261,   35.070721,      -15.62,
 139.905766,   35.070721,      -15.59,
 139.910270,   35.070721,      -15.57,
 139.914775,   35.070721,      -15.56,
 139.919279,   35.070721,      -15.56,
 139.923784,   35.070721,      -15.57,
 139.928288,   35.070721,      -15.59,
 139.932793,   35.070721,      -15.62,
 139.937297,   35.070721,      -15.66,
 139.941802,   35.070721,      -15.71,
 139.946306,   35.070721,      -15.76,
 139.950811,   35.070721,      -15.83,
 139.955315,   35.070721,      -15.90,
 139.959820,   35.070721,      -15.97,
 139.964324,   35.070721,      -16.05,
 139.968829,   35.070721,      -16.14,
 139.973333,   35.070721,      -16.23,
 139.977838,   35.070721,      -16.32,
 139.982342,   35.070721,      -16.41,
 139.986847,   35.070721,      -16.51,
 139.991351,   35.070721,      -16.61,
 139.995856,   35.070721,      -16.72,
 140.000360,   35.070721,      -16.82,
 140.004865,   35.070721,      -16.92,
 140.009369,   35.070721,      -17.02,
 140.013874,   35.070721,      -17.14,
 140.018378,   35.070721,      -17.26,
 140.022883,   35.070721,      -17.38,
 140.027387,   35.070721,      -17.52,
 140.031892,   35.070721,      -17.67,
 140.036396,   35.070721,      -17.82,
 140.040901,   35.070721,      -18.00,
 140.045405,   35.070721,      -18.19,
 140.049910,   35.070721,      -18.41,
 140.054414,   35.070721,      -18.65,
 140.058919,   35.070721,      -18.88,
 140.063423,   35.070721,      -19.08,
 140.067928,   35.070721,      -19.27,
 140.072432,   35.070721,      -19.42,
 140.076937,   35.070721,      -19.37,
 140.081441,   35.070721,      -19.46,
 140.085946,   35.070721,      -19.68,
 140.090450,   35.070721,      -19.85,
 140.094955,   35.070721,      -19.86,
 140.099459,   35.070721,      -19.67,
 140.103964,   35.070721,      -19.49,
 140.108468,   35.070721,      -19.35,
 140.112973,   35.070721,      -19.01,
 140.117477,   35.070721,      -18.53,
 140.121982,   35.070721,      -18.03,
 140.126486,   35.070721,      -17.53,
 140.130991,   35.070721,      -17.02,
 140.135495,   35.070721,      -16.47,
 140.140000,   35.070721,      -15.99,
 140.144505,   35.070721,      -15.50,
 140.149009,   35.070721,      -15.05,
 140.153514,   35.070721,      -14.66,
 140.158018,   35.070721,      -14.34,
 140.162523,   35.070721,      -14.14,
 140.167027,   35.070721,      -13.92,
 140.171532,   35.070721,      -13.71,
 140.176036,   35.070721,      -13.61,
 140.180541,   35.070721,      -13.53,
 140.185045,   35.070721,      -13.44,
 140.189550,   35.070721,      -13.35,
 140.194054,   35.070721,      -13.33,
 140.198559,   35.070721,      -13.32,
 140.203063,   35.070721,      -13.29,
 140.207568,   35.070721,      -13.26,
 140.212072,   35.070721,      -13.20,
 140.216577,   35.070721,      -13.13,
 140.221081,   35.070721,      -13.08,
 140.225586,   35.070721,      -13.11,
 140.230090,   35.070721,      -13.15,
 140.234595,   35.070721,      -13.12,
 140.239099,   35.070721,      -13.07,
 140.243604,   35.070721,      -13.02,
 140.248108,   35.070721,      -13.00,
 140.252613,   35.070721,      -13.02,
 140.257117,   35.070721,      -13.03,
 140.261622,   35.070721,      -13.06,
 140.266126,   35.070721,      -13.08,
 140.270631,   35.070721,      -13.09,
 140.275135,   35.070721,      -13.12,
 140.279640,   35.070721,      -13.17,
 140.284144,   35.070721,      -13.24,
 140.288649,   35.070721,      -13.33,
 140.293153,   35.070721,      -13.44,
 140.297658,   35.070721,      -13.56,
 140.302162,   35.070721,      -13.69,
 140.306667,   35.070721,      -13.82,
 140.311171,   35.070721,      -13.96,
 140.315676,   35.070721,      -14.11,
 140.320180,   35.070721,      -14.27,
 140.324685,   35.070721,      -14.41,
 140.329189,   35.070721,      -14.57,
 140.333694,   35.070721,      -14.75,
 140.338198,   35.070721,      -14.93,
 140.342703,   35.070721,      -15.29,
 140.347207,   35.070721,      -15.72,
 140.351712,   35.070721,      -16.11,
 140.356216,   35.070721,      -16.47,
 140.360721,   35.070721,      -16.42,
 140.365225,   35.070721,      -15.94,
 140.369730,   35.070721,      -15.00,
 140.374234,   35.070721,      -13.59,
 140.378739,   35.070721,      -13.07,
 140.383243,   35.070721,      -12.79,
 140.387748,   35.070721,      -12.56,
 139.140000,   35.075225,      -16.04,
 139.144505,   35.075225,      -15.82,
 139.149009,   35.075225,      -15.63,
 139.153514,   35.075225,      -15.48,
 139.158018,   35.075225,      -15.37,
 139.162523,   35.075225,      -15.29,
 139.167027,   35.075225,      -15.25,
 139.171532,   35.075225,      -15.29,
 139.176036,   35.075225,      -15.36,
 139.180541,   35.075225,      -15.36,
 139.185045,   35.075225,      -15.36,
 139.189550,   35.075225,      -15.36,
 139.194054,   35.075225,      -15.40,
 139.198559,   35.075225,      -15.55,
 139.203063,   35.075225,      -15.73,
 139.207568,   35.075225,      -15.90,
 139.212072,   35.075225,      -16.08,
 139.216577,   35.075225,      -16.27,
 139.221081,   35.075225,      -16.47,
 139.225586,   35.075225,      -16.69,
 139.230090,   35.075225,      -16.91,
 139.234595,   35.075225,      -17.13,
 139.239099,   35.075225,      -17.35,
 139.243604,   35.075225,      -17.57,
 139.248108,   35.075225,      -17.77,
 139.252613,   35.075225,      -17.95,
 139.257117,   35.075225,      -18.12,
 139.261622,   35.075225,      -18.29,
 139.266126,   35.075225,      -18.47,
 139.270631,   35.075225,      -18.65,
 139.275135,   35.075225,      -18.84,
 139.279640,   35.075225,      -19.02,
 139.284144,   35.075225,      -19.22,
 139.288649,   35.075225,      -19.41,
 139.293153,   35.075225,      -19.62,
 139.297658,   35.075225,      -19.80,
 139.302162,   35.075225,      -19.95,
 139.306667,   35.075225,      -20.08,
 139.311171,   35.075225,      -20.21,
 139.315676,   35.075225,      -20.34,
 139.320180,   35.075225,      -20.47,
 139.324685,   35.075225,      -20.60,
 139.329189,   35.075225,      -20.72,
 139.333694,   35.075225,      -20.80,
 139.338198,   35.075225,      -20.83,
 139.342703,   35.075225,      -20.82,
 139.347207,   35.075225,      -20.77,
 139.351712,   35.075225,      -20.70,
 139.356216,   35.075225,      -20.64,
 139.360721,   35.075225,      -20.59,
 139.365225,   35.075225,      -20.55,
 139.369730,   35.075225,      -20.53,
 139.374234,   35.075225,      -20.51,
 139.378739,   35.075225,      -20.37,
 139.383243,   35.075225,      -20.00,
 139.387748,   35.075225,      -19.64,
 139.392252,   35.075225,      -19.29,
 139.396757,   35.075225,      -18.95,
 139.401261,   35.075225,      -18.61,
 139.405766,   35.075225,      -18.29,
 139.410270,   35.075225,      -17.95,
 139.414775,   35.075225,      -17.58,
 139.419279,   35.075225,      -17.15,
 139.423784,   35.075225,      -16.67,
 139.428288,   35.075225,      -16.17,
 139.432793,   35.075225,      -15.67,
 139.437297,   35.075225,      -15.17,
 139.441802,   35.075225,      -14.66,
 139.446306,   35.075225,      -14.17,
 139.450811,   35.075225,      -13.74,
 139.455315,   35.075225,      -13.35,
 139.459820,   35.075225,      -12.99,
 139.464324,   35.075225,      -12.62,
 139.468829,   35.075225,      -12.26,
 139.473333,   35.075225,      -11.90,
 139.477838,   35.075225,      -11.65,
 139.482342,   35.075225,      -11.43,
 139.486847,   35.075225,      -11.20,
 139.491351,   35.075225,      -10.99,
 139.495856,   35.075225,      -10.77,
 139.500360,   35.075225,      -10.56,
 139.504865,   35.075225,      -10.35,
 139.509369,   35.075225,      -10.16,
 139.513874,   35.075225,       -9.97,
 139.518378,   35.075225,       -9.76,
 139.522883,   35.075225,       -9.56,
 139.527387,   35.075225,       -9.37,
 139.531892,   35.075225,       -9.19,
 139.536396,   35.075225,       -9.02,
 139.540901,   35.075225,       -8.81,
 139.545405,   35.075225,       -8.45,
 139.549910,   35.075225,       -8.03,
 139.554414,   35.075225,       -7.61,
 139.558919,   35.075225,       -7.19,
 139.563423,   35.075225,       -6.77,
 139.567928,   35.075225,       -6.43,
 139.572432,   35.075225,       -6.10,
 139.576937,   35.075225,       -5.76,
 139.581441,   35.075225,       -5.53,
 139.585946,   35.075225,       -5.35,
 139.590450,   35.075225,       -5.19,
 139.594955,   35.075225,       -5.04,
 139.599459,   35.075225,       -4.86,
 139.603964,   35.075225,       -4.68,
 139.608468,   35.075225,       -4.50,
 139.612973,   35.075225,       -4.32,
 139.617477,   35.075225,       -4.18,
 139.621982,   35.075225,       -4.09,
 139.626486,   35.075225,       -4.01,
 139.630991,   35.075225,       -3.93,
 139.635495,   35.075225,       -3.82,
 139.640000,   35.075225,       -3.85,
 139.644505,   35.075225,       -3.89,
 139.649009,   35.075225,       -3.92,
 139.653514,   35.075225,       -3.95,
 139.658018,   35.075225,       -3.96,
 139.662523,   35.075225,       -3.96,
 139.667027,   35.075225,       -3.95,
 139.671532,   35.075225,       -3.94,
 139.676036,   35.075225,       -3.94,
 139.680541,   35.075225,       -3.96,
 139.685045,   35.075225,       -3.98,
 139.689550,   35.075225,       -3.99,
 139.694054,   35.075225,       -4.00,
 139.698559,   35.075225,       -4.02,
 139.703063,   35.075225,       -4.05,
 139.707568,   35.075225,       -4.08,
 139.712072,   35.075225,       -4.13,
 139.716577,   35.075225,       -4.20,
 139.721081,   35.075225,       -4.26,
 139.725586,   35.075225,       -4.40,
 139.730090,   35.075225,       -4.54,
 139.734595,   35.075225,       -4.66,
 139.739099,   35.075225,       -4.84,
 139.743604,   35.075225,       -5.05,
 139.748108,   35.075225,       -5.25,
 139.752613,   35.075225,       -5.48,
 139.757117,   35.075225,       -5.71,
 139.761622,   35.075225,       -5.89,
 139.766126,   35.075225,       -5.87,
 139.770631,   35.075225,       -5.77,
 139.775135,   35.075225,       -5.65,
 139.779640,   35.075225,       -5.37,
 139.784144,   35.075225,       -5.03,
 139.788649,   35.075225,       -4.70,
 139.793153,   35.075225,       -4.48,
 139.797658,   35.075225,       -4.32,
 139.802162,   35.075225,       -4.15,
 139.806667,   35.075225,       -4.27,
 139.811171,   35.075225,       -5.15,
 139.815676,   35.075225,       -6.20,
 139.820180,   35.075225,       -7.32,
 139.824685,   35.075225,       -8.58,
 139.829189,   35.075225,      -10.02,
 139.833694,   35.075225,      -11.54,
 139.838198,   35.075225,      -13.16,
 139.842703,   35.075225,      -15.42,
 139.847207,   35.075225,      -16.51,
 139.851712,   35.075225,      -17.03,
 139.856216,   35.075225,      -16.87,
 139.860721,   35.075225,      -16.61,
 139.865225,   35.075225,      -16.38,
 139.869730,   35.075225,      -16.18,
 139.874234,   35.075225,      -16.02,
 139.878739,   35.075225,      -15.87,
 139.883243,   35.075225,      -15.75,
 139.887748,   35.075225,      -15.65,
 139.892252,   35.075225,      -15.57,
 139.896757,   35.075225,      -15.51,
 139.901261,   35.075225,      -15.45,
 139.905766,   35.075225,      -15.41,
 139.910270,   35.075225,      -15.38,
 139.914775,   35.075225,      -15.37,
 139.919279,   35.075225,      -15.36,
 139.923784,   35.075225,      -15.37,
 139.928288,   35.075225,      -15.39,
 139.932793,   35.075225,      -15.42,
 139.937297,   35.075225,      -15.46,
 139.941802,   35.075225,      -15.51,
 139.946306,   35.075225,      -15.56,
 139.950811,   35.075225,      -15.63,
 139.955315,   35.075225,      -15.70,
 139.959820,   35.075225,      -15.77,
 139.964324,   35.075225,      -15.85,
 139.968829,   35.075225,      -15.94,
 139.973333,   35.075225,      -16.03,
 139.977838,   35.075225,      -16.12,
 139.982342,   35.075225,      -16.22,
 139.986847,   35.075225,      -16.32,
 139.991351,   35.075225,      -16.42,
 139.995856,   35.075225,      -16.52,
 140.000360,   35.075225,      -16.63,
 140.004865,   35.075225,      -16.73,
 140.009369,   35.075225,      -16.84,
 140.013874,   35.075225,      -16.96,
 140.018378,   35.075225,      -17.08,
 140.022883,   35.075225,      -17.21,
 140.027387,   35.075225,      -17.35,
 140.031892,   35.075225,      -17.50,
 140.036396,   35.075225,      -17.66,
 140.040901,   35.075225,      -17.83,
 140.045405,   35.075225,      -18.01,
 140.049910,   35.075225,      -18.21,
 140.054414,   35.075225,      -18.44,
 140.058919,   35.075225,      -18.67,
 140.063423,   35.075225,      -18.88,
 140.067928,   35.075225,      -19.08,
 140.072432,   35.075225,      -19.24,
 140.076937,   35.075225,      -19.35,
 140.081441,   35.075225,      -19.49,
 140.085946,   35.075225,      -19.80,
 140.090450,   35.075225,      -20.11,
 140.094955,   35.075225,      -20.01,
 140.099459,   35.075225,      -19.84,
 140.103964,   35.075225,      -19.78,
 140.108468,   35.075225,      -19.71,
 140.112973,   35.075225,      -19.63,
 140.117477,   35.075225,      -19.19,
 140.121982,   35.075225,      -18.68,
 140.126486,   35.075225,      -18.18,
 140.130991,   35.075225,      -17.62,
 140.135495,   35.075225,      -17.05,
 140.140000,   35.075225,      -16.50,
 140.144505,   35.075225,      -15.99,
 140.149009,   35.075225,      -15.45,
 140.153514,   35.075225,      -15.11,
 140.158018,   35.075225,      -14.81,
 140.162523,   35.075225,      -14.56,
 140.167027,   35.075225,      -14.36,
 140.171532,   35.075225,      -14.17,
 140.176036,   35.075225,      -13.99,
 140.180541,   35.075225,      -13.89,
 140.185045,   35.075225,      -13.84,
 140.189550,   35.075225,      -13.82,
 140.194054,   35.075225,      -13.83,
 140.198559,   35.075225,      -13.82,
 140.203063,   35.075225,      -13.80,
 140.207568,   35.075225,      -13.77,
 140.212072,   35.075225,      -13.77,
 140.216577,   35.075225,      -13.75,
 140.221081,   35.075225,      -13.76,
 140.225586,   35.075225,      -13.77,
 140.230090,   35.075225,      -13.76,
 140.234595,   35.075225,      -13.76,
 140.239099,   35.075225,      -13.78,
 140.243604,   35.075225,      -13.80,
 140.248108,   35.075225,      -13.78,
 140.252613,   35.075225,      -13.73,
 140.257117,   35.075225,      -13.69,
 140.261622,   35.075225,      -13.70,
 140.266126,   35.075225,      -13.75,
 140.270631,   35.075225,      -13.76,
 140.275135,   35.075225,      -13.81,
 140.279640,   35.075225,      -13.91,
 140.284144,   35.075225,      -14.01,
 140.288649,   35.075225,      -14.08,
 140.293153,   35.075225,      -14.15,
 140.297658,   35.075225,      -14.23,
 140.302162,   35.075225,      -14.37,
 140.306667,   35.075225,      -14.52,
 140.311171,   35.075225,      -14.65,
 140.315676,   35.075225,      -14.77,
 140.320180,   35.075225,      -14.93,
 140.324685,   35.075225,      -15.08,
 140.329189,   35.075225,      -15.23,
 140.333694,   35.075225,      -15.38,
 140.338198,   35.075225,      -15.52,
 140.342703,   35.075225,      -15.77,
 140.347207,   35.075225,      -16.07,
 140.351712,   35.075225,      -16.27,
 140.356216,   35.075225,      -16.19,
 140.360721,   35.075225,      -15.79,
 140.365225,   35.075225,      -15.03,
 140.369730,   35.075225,      -14.65,
 140.374234,   35.075225,      -14.32,
 140.378739,   35.075225,      -14.05,
 140.383243,   35.075225,      -13.82,
 140.387748,   35.075225,      -13.64,
 139.140000,   35.079730,      -16.40,
 139.144505,   35.079730,      -16.14,
 139.149009,   35.079730,      -15.92,
 139.153514,   35.079730,      -15.74,
 139.158018,   35.079730,      -15.59,
 139.162523,   35.079730,      -15.48,
 139.167027,   35.079730,      -15.40,
 139.171532,   35.079730,      -15.36,
 139.176036,   35.079730,      -15.35,
 139.180541,   35.079730,      -15.36,
 139.185045,   35.079730,      -15.35,
 139.189550,   35.079730,      -15.34,
 139.194054,   35.079730,      -15.38,
 139.198559,   35.079730,      -15.53,
 139.203063,   35.079730,      -15.70,
 139.207568,   35.079730,      -15.88,
 139.212072,   35.079730,      -16.06,
 139.216577,   35.079730,      -16.25,
 139.221081,   35.079730,      -16.46,
 139.225586,   35.079730,      -16.68,
 139.230090,   35.079730,      -16.90,
 139.234595,   35.079730,      -17.12,
 139.239099,   35.079730,      -17.34,
 139.243604,   35.079730,      -17.56,
 139.248108,   35.079730,      -17.75,
 139.252613,   35.079730,      -17.92,
 139.257117,   35.079730,      -18.08,
 139.261622,   35.079730,      -18.25,
 139.266126,   35.079730,      -18.42,
 139.270631,   35.079730,      -18.59,
 139.275135,   35.079730,      -18.76,
 139.279640,   35.079730,      -18.94,
 139.284144,   35.079730,      -19.12,
 139.288649,   35.079730,      -19.31,
 139.293153,   35.079730,      -19.50,
 139.297658,   35.079730,      -19.66,
 139.302162,   35.079730,      -19.78,
 139.306667,   35.079730,      -19.91,
 139.311171,   35.079730,      -20.02,
 139.315676,   35.079730,      -20.14,
 139.320180,   35.079730,      -20.25,
 139.324685,   35.079730,      -20.36,
 139.329189,   35.079730,      -20.45,
 139.333694,   35.079730,      -20.52,
 139.338198,   35.079730,      -20.55,
 139.342703,   35.079730,      -20.56,
 139.347207,   35.079730,      -20.54,
 139.351712,   35.079730,      -20.49,
 139.356216,   35.079730,      -20.44,
 139.360721,   35.079730,      -20.39,
 139.365225,   35.079730,      -20.34,
 139.369730,   35.079730,      -20.30,
 139.374234,   35.079730,      -20.24,
 139.378739,   35.079730,      -20.12,
 139.383243,   35.079730,      -19.86,
 139.387748,   35.079730,      -19.52,
 139.392252,   35.079730,      -19.18,
 139.396757,   35.079730,      -18.84,
 139.401261,   35.079730,      -18.52,
 139.405766,   35.079730,      -18.21,
 139.410270,   35.079730,      -17.90,
 139.414775,   35.079730,      -17.58,
 139.419279,   35.079730,      -17.13,
 139.423784,   35.079730,      -16.62,
 139.428288,   35.079730,      -16.11,
 139.432793,   35.079730,      -15.59,
 139.437297,   35.079730,      -15.07,
 139.441802,   35.079730,      -14.54,
 139.446306,   35.079730,      -14.05,
 139.450811,   35.079730,      -13.60,
 139.455315,   35.079730,      -13.20,
 139.459820,   35.079730,      -12.84,
 139.464324,   35.079730,      -12.49,
 139.468829,   35.079730,      -12.14,
 139.473333,   35.079730,      -11.81,
 139.477838,   35.079730,      -11.54,
 139.482342,   35.079730,      -11.31,
 139.486847,   35.079730,      -11.09,
 139.491351,   35.079730,      -10.87,
 139.495856,   35.079730,      -10.66,
 139.500360,   35.079730,      -10.45,
 139.504865,   35.079730,      -10.24,
 139.509369,   35.079730,      -10.05,
 139.513874,   35.079730,       -9.87,
 139.518378,   35.079730,       -9.69,
 139.522883,   35.079730,       -9.51,
 139.527387,   35.079730,       -9.34,
 139.531892,   35.079730,       -9.18,
 139.536396,   35.079730,       -9.04,
 139.540901,   35.079730,       -8.91,
 139.545405,   35.079730,       -8.46,
 139.549910,   35.079730,       -8.01,
 139.554414,   35.079730,       -7.54,
 139.558919,   35.079730,       -7.07,
 139.563423,   35.079730,       -6.64,
 139.567928,   35.079730,       -6.27,
 139.572432,   35.079730,       -5.89,
 139.576937,   35.079730,       -5.52,
 139.581441,   35.079730,       -5.19,
 139.585946,   35.079730,       -4.99,
 139.590450,   35.079730,       -4.78,
 139.594955,   35.079730,       -4.59,
 139.599459,   35.079730,       -4.41,
 139.603964,   35.079730,       -4.23,
 139.608468,   35.079730,       -4.06,
 139.612973,   35.079730,       -3.90,
 139.617477,   35.079730,       -3.79,
 139.621982,   35.079730,       -3.70,
 139.626486,   35.079730,       -3.61,
 139.630991,   35.079730,       -3.55,
 139.635495,   35.079730,       -3.54,
 139.640000,   35.079730,       -3.55,
 139.644505,   35.079730,       -3.55,
 139.649009,   35.079730,       -3.54,
 139.653514,   35.079730,       -3.55,
 139.658018,   35.079730,       -3.59,
 139.662523,   35.079730,       -3.62,
 139.667027,   35.079730,       -3.64,
 139.671532,   35.079730,       -3.65,
 139.676036,   35.079730,       -3.65,
 139.680541,   35.079730,       -3.65,
 139.685045,   35.079730,       -3.66,
 139.689550,   35.079730,       -3.67,
 139.694054,   35.079730,       -3.67,
 139.698559,   35.079730,       -3.69,
 139.703063,   35.079730,       -3.72,
 139.707568,   35.079730,       -3.75,
 139.712072,   35.079730,       -3.86,
 139.716577,   35.079730,       -3.98,
 139.721081,   35.079730,       -4.10,
 139.725586,   35.079730,       -4.29,
 139.730090,   35.079730,       -4.47,
 139.734595,   35.079730,       -4.65,
 139.739099,   35.079730,       -4.84,
 139.743604,   35.079730,       -5.06,
 139.748108,   35.079730,       -5.27,
 139.752613,   35.079730,       -5.50,
 139.757117,   35.079730,       -5.72,
 139.761622,   35.079730,       -5.94,
 139.766126,   35.079730,       -5.94,
 139.770631,   35.079730,       -5.83,
 139.775135,   35.079730,       -5.70,
 139.779640,   35.079730,       -5.50,
 139.784144,   35.079730,       -5.19,
 139.788649,   35.079730,       -4.89,
 139.793153,   35.079730,       -4.63,
 139.797658,   35.079730,       -4.42,
 139.802162,   35.079730,       -4.41,
 139.806667,   35.079730,       -4.66,
 139.811171,   35.079730,       -5.18,
 139.815676,   35.079730,       -6.17,
 139.820180,   35.079730,       -7.33,
 139.824685,   35.079730,       -8.60,
 139.829189,   35.079730,      -10.24,
 139.833694,   35.079730,      -11.91,
 139.838198,   35.079730,      -13.61,
 139.842703,   35.079730,      -16.31,
 139.847207,   35.079730,      -17.40,
 139.851712,   35.079730,      -17.33,
 139.856216,   35.079730,      -16.95,
 139.860721,   35.079730,      -16.61,
 139.865225,   35.079730,      -16.33,
 139.869730,   35.079730,      -16.10,
 139.874234,   35.079730,      -15.90,
 139.878739,   35.079730,      -15.74,
 139.883243,   35.079730,      -15.61,
 139.887748,   35.079730,      -15.49,
 139.892252,   35.079730,      -15.40,
 139.896757,   35.079730,      -15.32,
 139.901261,   35.079730,      -15.26,
 139.905766,   35.079730,      -15.21,
 139.910270,   35.079730,      -15.18,
 139.914775,   35.079730,      -15.15,
 139.919279,   35.079730,      -15.15,
 139.923784,   35.079730,      -15.16,
 139.928288,   35.079730,      -15.17,
 139.932793,   35.079730,      -15.21,
 139.937297,   35.079730,      -15.25,
 139.941802,   35.079730,      -15.29,
 139.946306,   35.079730,      -15.35,
 139.950811,   35.079730,      -15.41,
 139.955315,   35.079730,      -15.48,
 139.959820,   35.079730,      -15.56,
 139.964324,   35.079730,      -15.64,
 139.968829,   35.079730,      -15.73,
 139.973333,   35.079730,      -15.82,
 139.977838,   35.079730,      -15.91,
 139.982342,   35.079730,      -16.01,
 139.986847,   35.079730,      -16.11,
 139.991351,   35.079730,      -16.22,
 139.995856,   35.079730,      -16.32,
 140.000360,   35.079730,      -16.43,
 140.004865,   35.079730,      -16.54,
 140.009369,   35.079730,      -16.65,
 140.013874,   35.079730,      -16.77,
 140.018378,   35.079730,      -16.90,
 140.022883,   35.079730,      -17.03,
 140.027387,   35.079730,      -17.17,
 140.031892,   35.079730,      -17.32,
 140.036396,   35.079730,      -17.48,
 140.040901,   35.079730,      -17.65,
 140.045405,   35.079730,      -17.84,
 140.049910,   35.079730,      -18.04,
 140.054414,   35.079730,      -18.25,
 140.058919,   35.079730,      -18.47,
 140.063423,   35.079730,      -18.70,
 140.067928,   35.079730,      -18.91,
 140.072432,   35.079730,      -19.10,
 140.076937,   35.079730,      -19.25,
 140.081441,   35.079730,      -19.35,
 140.085946,   35.079730,      -19.52,
 140.090450,   35.079730,      -19.89,
 140.094955,   35.079730,      -19.56,
 140.099459,   35.079730,      -19.29,
 140.103964,   35.079730,      -19.65,
 140.108468,   35.079730,      -19.99,
 140.112973,   35.079730,      -19.94,
 140.117477,   35.079730,      -19.76,
 140.121982,   35.079730,      -19.30,
 140.126486,   35.079730,      -18.79,
 140.130991,   35.079730,      -18.26,
 140.135495,   35.079730,      -17.69,
 140.140000,   35.079730,      -17.13,
 140.144505,   35.079730,      -16.58,
 140.149009,   35.079730,      -16.09,
 140.153514,   35.079730,      -15.70,
 140.158018,   35.079730,      -15.31,
 140.162523,   35.079730,      -15.01,
 140.167027,   35.079730,      -14.86,
 140.171532,   35.079730,      -14.69,
 140.176036,   35.079730,      -14.47,
 140.180541,   35.079730,      -14.29,
 140.185045,   35.079730,      -14.33,
 140.189550,   35.079730,      -14.33,
 140.194054,   35.079730,      -14.33,
 140.198559,   35.079730,      -14.38,
 140.203063,   35.079730,      -14.40,
 140.207568,   35.079730,      -14.47,
 140.212072,   35.079730,      -14.54,
 140.216577,   35.079730,      -14.60,
 140.221081,   35.079730,      -14.63,
 140.225586,   35.079730,      -14.63,
 140.230090,   35.079730,      -14.64,
 140.234595,   35.079730,      -14.63,
 140.239099,   35.079730,      -14.62,
 140.243604,   35.079730,      -14.62,
 140.248108,   35.079730,      -14.60,
 140.252613,   35.079730,      -14.57,
 140.257117,   35.079730,      -14.52,
 140.261622,   35.079730,      -14.52,
 140.266126,   35.079730,      -14.56,
 140.270631,   35.079730,      -14.62,
 140.275135,   35.079730,      -14.66,
 140.279640,   35.079730,      -14.71,
 140.284144,   35.079730,      -14.78,
 140.288649,   35.079730,      -14.87,
 140.293153,   35.079730,      -14.95,
 140.297658,   35.079730,      -15.02,
 140.302162,   35.079730,      -15.13,
 140.306667,   35.079730,      -15.26,
 140.311171,   35.079730,      -15.40,
 140.315676,   35.079730,      -15.53,
 140.320180,   35.079730,      -15.66,
 140.324685,   35.079730,      -15.79,
 140.329189,   35.079730,      -15.96,
 140.333694,   35.079730,      -16.11,
 140.338198,   35.079730,      -16.24,
 140.342703,   35.079730,      -16.33,
 140.347207,   35.079730,      -16.50,
 140.351712,   35.079730,      -16.57,
 140.356216,   35.079730,      -16.43,
 140.360721,   35.079730,      -16.18,
 140.365225,   35.079730,      -15.80,
 140.369730,   35.079730,      -15.48,
 140.374234,   35.079730,      -15.20,
 140.378739,   35.079730,      -14.97,
 140.383243,   35.079730,      -14.80,
 140.387748,   35.079730,      -14.68,
 139.140000,   35.084234,      -16.48,
 139.144505,   35.084234,      -16.35,
 139.149009,   35.084234,      -16.18,
 139.153514,   35.084234,      -15.96,
 139.158018,   35.084234,      -15.78,
 139.162523,   35.084234,      -15.63,
 139.167027,   35.084234,      -15.52,
 139.171532,   35.084234,      -15.45,
 139.176036,   35.084234,      -15.43,
 139.180541,   35.084234,      -15.41,
 139.185045,   35.084234,      -15.39,
 139.189550,   35.084234,      -15.39,
 139.194054,   35.084234,      -15.42,
 139.198559,   35.084234,      -15.52,
 139.203063,   35.084234,      -15.67,
 139.207568,   35.084234,      -15.84,
 139.212072,   35.084234,      -16.03,
 139.216577,   35.084234,      -16.23,
 139.221081,   35.084234,      -16.44,
 139.225586,   35.084234,      -16.67,
 139.230090,   35.084234,      -16.89,
 139.234595,   35.084234,      -17.11,
 139.239099,   35.084234,      -17.33,
 139.243604,   35.084234,      -17.54,
 139.248108,   35.084234,      -17.73,
 139.252613,   35.084234,      -17.89,
 139.257117,   35.084234,      -18.05,
 139.261622,   35.084234,      -18.21,
 139.266126,   35.084234,      -18.37,
 139.270631,   35.084234,      -18.54,
 139.275135,   35.084234,      -18.70,
 139.279640,   35.084234,      -18.86,
 139.284144,   35.084234,      -19.03,
 139.288649,   35.084234,      -19.20,
 139.293153,   35.084234,      -19.38,
 139.297658,   35.084234,      -19.51,
 139.302162,   35.084234,      -19.62,
 139.306667,   35.084234,      -19.74,
 139.311171,   35.084234,      -19.84,
 139.315676,   35.084234,      -19.95,
 139.320180,   35.084234,      -20.04,
 139.324685,   35.084234,      -20.12,
 139.329189,   35.084234,      -20.20,
 139.333694,   35.084234,      -20.25,
 139.338198,   35.084234,      -20.28,
 139.342703,   35.084234,      -20.30,
 139.347207,   35.084234,      -20.28,
 139.351712,   35.084234,      -20.24,
 139.356216,   35.084234,      -20.19,
 139.360721,   35.084234,      -20.13,
 139.365225,   35.084234,      -20.08,
 139.369730,   35.084234,      -20.02,
 139.374234,   35.084234,      -19.96,
 139.378739,   35.084234,      -19.84,
 139.383243,   35.084234,      -19.65,
 139.387748,   35.084234,      -19.36,
 139.392252,   35.084234,      -19.04,
 139.396757,   35.084234,      -18.71,
 139.401261,   35.084234,      -18.40,
 139.405766,   35.084234,      -18.10,
 139.410270,   35.084234,      -17.80,
 139.414775,   35.084234,      -17.52,
 139.419279,   35.084234,      -17.07,
 139.423784,   35.084234,      -16.55,
 139.428288,   35.084234,      -16.02,
 139.432793,   35.084234,      -15.50,
 139.437297,   35.084234,      -14.96,
 139.441802,   35.084234,      -14.43,
 139.446306,   35.084234,      -13.92,
 139.450811,   35.084234,      -13.45,
 139.455315,   35.084234,      -13.05,
 139.459820,   35.084234,      -12.71,
 139.464324,   35.084234,      -12.37,
 139.468829,   35.084234,      -12.05,
 139.473333,   35.084234,      -11.73,
 139.477838,   35.084234,      -11.45,
 139.482342,   35.084234,      -11.19,
 139.486847,   35.084234,      -10.96,
 139.491351,   35.084234,      -10.75,
 139.495856,   35.084234,      -10.54,
 139.500360,   35.084234,      -10.33,
 139.504865,   35.084234,      -10.13,
 139.509369,   35.084234,       -9.94,
 139.513874,   35.084234,       -9.76,
 139.518378,   35.084234,       -9.59,
 139.522883,   35.084234,       -9.42,
 139.527387,   35.084234,       -9.26,
 139.531892,   35.084234,       -9.11,
 139.536396,   35.084234,       -8.96,
 139.540901,   35.084234,       -8.80,
 139.545405,   35.084234,       -8.44,
 139.549910,   35.084234,       -7.96,
 139.554414,   35.084234,       -7.47,
 139.558919,   35.084234,       -6.96,
 139.563423,   35.084234,       -6.50,
 139.567928,   35.084234,       -6.08,
 139.572432,   35.084234,       -5.63,
 139.576937,   35.084234,       -5.18,
 139.581441,   35.084234,       -4.78,
 139.585946,   35.084234,       -4.55,
 139.590450,   35.084234,       -4.33,
 139.594955,   35.084234,       -4.12,
 139.599459,   35.084234,       -3.96,
 139.603964,   35.084234,       -3.79,
 139.608468,   35.084234,       -3.61,
 139.612973,   35.084234,       -3.52,
 139.617477,   35.084234,       -3.43,
 139.621982,   35.084234,       -3.32,
 139.626486,   35.084234,       -3.25,
 139.630991,   35.084234,       -3.28,
 139.635495,   35.084234,       -3.32,
 139.640000,   35.084234,       -3.33,
 139.644505,   35.084234,       -3.31,
 139.649009,   35.084234,       -3.28,
 139.653514,   35.084234,       -3.27,
 139.658018,   35.084234,       -3.30,
 139.662523,   35.084234,       -3.34,
 139.667027,   35.084234,       -3.37,
 139.671532,   35.084234,       -3.37,
 139.676036,   35.084234,       -3.35,
 139.680541,   35.084234,       -3.34,
 139.685045,   35.084234,       -3.34,
 139.689550,   35.084234,       -3.35,
 139.694054,   35.084234,       -3.34,
 139.698559,   35.084234,       -3.34,
 139.703063,   35.084234,       -3.40,
 139.707568,   35.084234,       -3.48,
 139.712072,   35.084234,       -3.60,
 139.716577,   35.084234,       -3.76,
 139.721081,   35.084234,       -3.95,
 139.725586,   35.084234,       -4.18,
 139.730090,   35.084234,       -4.39,
 139.734595,   35.084234,       -4.61,
 139.739099,   35.084234,       -4.84,
 139.743604,   35.084234,       -5.07,
 139.748108,   35.084234,       -5.31,
 139.752613,   35.084234,       -5.53,
 139.757117,   35.084234,       -5.75,
 139.761622,   35.084234,       -5.97,
 139.766126,   35.084234,       -6.02,
 139.770631,   35.084234,       -5.90,
 139.775135,   35.084234,       -5.77,
 139.779640,   35.084234,       -5.62,
 139.784144,   35.084234,       -5.34,
 139.788649,   35.084234,       -5.04,
 139.793153,   35.084234,       -4.77,
 139.797658,   35.084234,       -4.55,
 139.802162,   35.084234,       -4.64,
 139.806667,   35.084234,       -4.89,
 139.811171,   35.084234,       -5.28,
 139.815676,   35.084234,       -5.88,
 139.820180,   35.084234,       -6.95,
 139.824685,   35.084234,       -8.18,
 139.829189,   35.084234,       -9.62,
 139.833694,   35.084234,      -11.44,
 139.838198,   35.084234,      -14.22,
 139.842703,   35.084234,      -17.35,
 139.847207,   35.084234,      -17.99,
 139.851712,   35.084234,      -17.43,
 139.856216,   35.084234,      -16.93,
 139.860721,   35.084234,      -16.53,
 139.865225,   35.084234,      -16.22,
 139.869730,   35.084234,      -15.96,
 139.874234,   35.084234,      -15.75,
 139.878739,   35.084234,      -15.57,
 139.883243,   35.084234,      -15.42,
 139.887748,   35.084234,      -15.30,
 139.892252,   35.084234,      -15.20,
 139.896757,   35.084234,      -15.11,
 139.901261,   35.084234,      -15.04,
 139.905766,   35.084234,      -14.99,
 139.910270,   35.084234,      -14.95,
 139.914775,   35.084234,      -14.93,
 139.919279,   35.084234,      -14.92,
 139.923784,   35.084234,      -14.93,
 139.928288,   35.084234,      -14.95,
 139.932793,   35.084234,      -14.98,
 139.937297,   35.084234,      -15.02,
 139.941802,   35.084234,      -15.07,
 139.946306,   35.084234,      -15.13,
 139.950811,   35.084234,      -15.19,
 139.955315,   35.084234,      -15.26,
 139.959820,   35.084234,      -15.34,
 139.964324,   35.084234,      -15.42,
 139.968829,   35.084234,      -15.51,
 139.973333,   35.084234,      -15.60,
 139.977838,   35.084234,      -15.70,
 139.982342,   35.084234,      -15.80,
 139.986847,   35.084234,      -15.90,
 139.991351,   35.084234,      -16.01,
 139.995856,   35.084234,      -16.12,
 140.000360,   35.084234,      -16.23,
 140.004865,   35.084234,      -16.34,
 140.009369,   35.084234,      -16.45,
 140.013874,   35.084234,      -16.58,
 140.018378,   35.084234,      -16.71,
 140.022883,   35.084234,      -16.85,
 140.027387,   35.084234,      -16.99,
 140.031892,   35.084234,      -17.15,
 140.036396,   35.084234,      -17.31,
 140.040901,   35.084234,      -17.48,
 140.045405,   35.084234,      -17.66,
 140.049910,   35.084234,      -17.86,
 140.054414,   35.084234,      -18.07,
 140.058919,   35.084234,      -18.29,
 140.063423,   35.084234,      -18.52,
 140.067928,   35.084234,      -18.75,
 140.072432,   35.084234,      -18.95,
 140.076937,   35.084234,      -19.13,
 140.081441,   35.084234,      -19.28,
 140.085946,   35.084234,      -19.35,
 140.090450,   35.084234,      -19.48,
 140.094955,   35.084234,      -19.69,
 140.099459,   35.084234,      -18.32,
 140.103964,   35.084234,      -19.35,
 140.108468,   35.084234,      -20.25,
 140.112973,   35.084234,      -20.21,
 140.117477,   35.084234,      -20.17,
 140.121982,   35.084234,      -19.89,
 140.126486,   35.084234,      -19.38,
 140.130991,   35.084234,      -18.89,
 140.135495,   35.084234,      -18.37,
 140.140000,   35.084234,      -17.82,
 140.144505,   35.084234,      -17.23,
 140.149009,   35.084234,      -16.81,
 140.153514,   35.084234,      -16.42,
 140.158018,   35.084234,      -16.01,
 140.162523,   35.084234,      -15.64,
 140.167027,   35.084234,      -15.47,
 140.171532,   35.084234,      -15.29,
 140.176036,   35.084234,      -15.10,
 140.180541,   35.084234,      -15.01,
 140.185045,   35.084234,      -14.99,
 140.189550,   35.084234,      -14.99,
 140.194054,   35.084234,      -15.06,
 140.198559,   35.084234,      -15.15,
 140.203063,   35.084234,      -15.24,
 140.207568,   35.084234,      -15.38,
 140.212072,   35.084234,      -15.46,
 140.216577,   35.084234,      -15.51,
 140.221081,   35.084234,      -15.57,
 140.225586,   35.084234,      -15.62,
 140.230090,   35.084234,      -15.66,
 140.234595,   35.084234,      -15.64,
 140.239099,   35.084234,      -15.60,
 140.243604,   35.084234,      -15.54,
 140.248108,   35.084234,      -15.53,
 140.252613,   35.084234,      -15.53,
 140.257117,   35.084234,      -15.53,
 140.261622,   35.084234,      -15.52,
 140.266126,   35.084234,      -15.50,
 140.270631,   35.084234,      -15.50,
 140.275135,   35.084234,      -15.56,
 140.279640,   35.084234,      -15.62,
 140.284144,   35.084234,      -15.66,
 140.288649,   35.084234,      -15.72,
 140.293153,   35.084234,      -15.80,
 140.297658,   35.084234,      -15.89,
 140.302162,   35.084234,      -15.97,
 140.306667,   35.084234,      -16.05,
 140.311171,   35.084234,      -16.17,
 140.315676,   35.084234,      -16.30,
 140.320180,   35.084234,      -16.42,
 140.324685,   35.084234,      -16.52,
 140.329189,   35.084234,      -16.72,
 140.333694,   35.084234,      -16.91,
 140.338198,   35.084234,      -17.06,
 140.342703,   35.084234,      -17.16,
 140.347207,   35.084234,      -17.20,
 140.351712,   35.084234,      -17.20,
 140.356216,   35.084234,      -17.06,
 140.360721,   35.084234,      -16.82,
 140.365225,   35.084234,      -16.53,
 140.369730,   35.084234,      -16.25,
 140.374234,   35.084234,      -16.02,
 140.378739,   35.084234,      -15.78,
 140.383243,   35.084234,      -15.40,
 140.387748,   35.084234,      -15.00,
 139.140000,   35.088739,      -16.37,
 139.144505,   35.088739,      -16.27,
 139.149009,   35.088739,      -16.16,
 139.153514,   35.088739,      -16.06,
 139.158018,   35.088739,      -15.93,
 139.162523,   35.088739,      -15.75,
 139.167027,   35.088739,      -15.61,
 139.171532,   35.088739,      -15.52,
 139.176036,   35.088739,      -15.47,
 139.180541,   35.088739,      -15.43,
 139.185045,   35.088739,      -15.42,
 139.189550,   35.088739,      -15.42,
 139.194054,   35.088739,      -15.44,
 139.198559,   35.088739,      -15.52,
 139.203063,   35.088739,      -15.64,
 139.207568,   35.088739,      -15.81,
 139.212072,   35.088739,      -16.01,
 139.216577,   35.088739,      -16.21,
 139.221081,   35.088739,      -16.43,
 139.225586,   35.088739,      -16.65,
 139.230090,   35.088739,      -16.87,
 139.234595,   35.088739,      -17.10,
 139.239099,   35.088739,      -17.32,
 139.243604,   35.088739,      -17.53,
 139.248108,   35.088739,      -17.71,
 139.252613,   35.088739,      -17.87,
 139.257117,   35.088739,      -18.03,
 139.261622,   35.088739,      -18.18,
 139.266126,   35.088739,      -18.34,
 139.270631,   35.088739,      -18.50,
 139.275135,   35.088739,      -18.65,
 139.279640,   35.088739,      -18.81,
 139.284144,   35.088739,      -18.96,
 139.288649,   35.088739,      -19.11,
 139.293153,   35.088739,      -19.24,
 139.297658,   35.088739,      -19.36,
 139.302162,   35.088739,      -19.47,
 139.306667,   35.088739,      -19.58,
 139.311171,   35.088739,      -19.67,
 139.315676,   35.088739,      -19.76,
 139.320180,   35.088739,      -19.83,
 139.324685,   35.088739,      -19.90,
 139.329189,   35.088739,      -19.95,
 139.333694,   35.088739,      -20.00,
 139.338198,   35.088739,      -20.02,
 139.342703,   35.088739,      -20.04,
 139.347207,   35.088739,      -20.03,
 139.351712,   35.088739,      -19.98,
 139.356216,   35.088739,      -19.92,
 139.360721,   35.088739,      -19.87,
 139.365225,   35.088739,      -19.81,
 139.369730,   35.088739,      -19.75,
 139.374234,   35.088739,      -19.69,
 139.378739,   35.088739,      -19.58,
 139.383243,   35.088739,      -19.41,
 139.387748,   35.088739,      -19.18,
 139.392252,   35.088739,      -18.87,
 139.396757,   35.088739,      -18.56,
 139.401261,   35.088739,      -18.25,
 139.405766,   35.088739,      -17.95,
 139.410270,   35.088739,      -17.66,
 139.414775,   35.088739,      -17.36,
 139.419279,   35.088739,      -16.96,
 139.423784,   35.088739,      -16.46,
 139.428288,   35.088739,      -15.93,
 139.432793,   35.088739,      -15.40,
 139.437297,   35.088739,      -14.86,
 139.441802,   35.088739,      -14.33,
 139.446306,   35.088739,      -13.79,
 139.450811,   35.088739,      -13.29,
 139.455315,   35.088739,      -12.92,
 139.459820,   35.088739,      -12.59,
 139.464324,   35.088739,      -12.27,
 139.468829,   35.088739,      -11.96,
 139.473333,   35.088739,      -11.65,
 139.477838,   35.088739,      -11.35,
 139.482342,   35.088739,      -11.08,
 139.486847,   35.088739,      -10.84,
 139.491351,   35.088739,      -10.62,
 139.495856,   35.088739,      -10.41,
 139.500360,   35.088739,      -10.22,
 139.504865,   35.088739,      -10.02,
 139.509369,   35.088739,       -9.83,
 139.513874,   35.088739,       -9.65,
 139.518378,   35.088739,       -9.47,
 139.522883,   35.088739,       -9.30,
 139.527387,   35.088739,       -9.14,
 139.531892,   35.088739,       -9.00,
 139.536396,   35.088739,       -8.86,
 139.540901,   35.088739,       -8.71,
 139.545405,   35.088739,       -8.41,
 139.549910,   35.088739,       -7.93,
 139.554414,   35.088739,       -7.41,
 139.558919,   35.088739,       -6.88,
 139.563423,   35.088739,       -6.34,
 139.567928,   35.088739,       -5.82,
 139.572432,   35.088739,       -5.31,
 139.576937,   35.088739,       -4.80,
 139.581441,   35.088739,       -4.37,
 139.585946,   35.088739,       -4.14,
 139.590450,   35.088739,       -3.91,
 139.594955,   35.088739,       -3.72,
 139.599459,   35.088739,       -3.56,
 139.603964,   35.088739,       -3.40,
 139.608468,   35.088739,       -3.27,
 139.612973,   35.088739,       -3.21,
 139.617477,   35.088739,       -3.12,
 139.621982,   35.088739,       -3.06,
 139.626486,   35.088739,       -3.09,
 139.630991,   35.088739,       -3.11,
 139.635495,   35.088739,       -3.13,
 139.640000,   35.088739,       -3.13,
 139.644505,   35.088739,       -3.16,
 139.649009,   35.088739,       -3.18,
 139.653514,   35.088739,       -3.17,
 139.658018,   35.088739,       -3.14,
 139.662523,   35.088739,       -3.11,
 139.667027,   35.088739,       -3.12,
 139.671532,   35.088739,       -3.13,
 139.676036,   35.088739,       -3.12,
 139.680541,   35.088739,       -3.07,
 139.685045,   35.088739,       -3.07,
 139.689550,   35.088739,       -3.08,
 139.694054,   35.088739,       -3.06,
 139.698559,   35.088739,       -3.03,
 139.703063,   35.088739,       -3.14,
 139.707568,   35.088739,       -3.24,
 139.712072,   35.088739,       -3.33,
 139.716577,   35.088739,       -3.54,
 139.721081,   35.088739,       -3.81,
 139.725586,   35.088739,       -4.08,
 139.730090,   35.088739,       -4.31,
 139.734595,   35.088739,       -4.56,
 139.739099,   35.088739,       -4.81,
 139.743604,   35.088739,       -5.06,
 139.748108,   35.088739,       -5.33,
 139.752613,   35.088739,       -5.57,
 139.757117,   35.088739,       -5.79,
 139.761622,   35.088739,       -6.00,
 139.766126,   35.088739,       -6.11,
 139.770631,   35.088739,       -6.00,
 139.775135,   35.088739,       -5.87,
 139.779640,   35.088739,       -5.73,
 139.784144,   35.088739,       -5.46,
 139.788649,   35.088739,       -5.14,
 139.793153,   35.088739,       -4.85,
 139.797658,   35.088739,       -4.67,
 139.802162,   35.088739,       -4.70,
 139.806667,   35.088739,       -4.88,
 139.811171,   35.088739,       -5.15,
 139.815676,   35.088739,       -5.45,
 139.820180,   35.088739,       -6.14,
 139.824685,   35.088739,       -7.28,
 139.829189,   35.088739,       -8.48,
 139.833694,   35.088739,      -10.80,
 139.838198,   35.088739,      -15.30,
 139.842703,   35.088739,      -18.67,
 139.847207,   35.088739,      -18.15,
 139.851712,   35.088739,      -17.38,
 139.856216,   35.088739,      -16.81,
 139.860721,   35.088739,      -16.39,
 139.865225,   35.088739,      -16.06,
 139.869730,   35.088739,      -15.78,
 139.874234,   35.088739,      -15.56,
 139.878739,   35.088739,      -15.37,
 139.883243,   35.088739,      -15.21,
 139.887748,   35.088739,      -15.08,
 139.892252,   35.088739,      -14.97,
 139.896757,   35.088739,      -14.87,
 139.901261,   35.088739,      -14.80,
 139.905766,   35.088739,      -14.74,
 139.910270,   35.088739,      -14.71,
 139.914775,   35.088739,      -14.69,
 139.919279,   35.088739,      -14.68,
 139.923784,   35.088739,      -14.69,
 139.928288,   35.088739,      -14.71,
 139.932793,   35.088739,      -14.74,
 139.937297,   35.088739,      -14.78,
 139.941802,   35.088739,      -14.83,
 139.946306,   35.088739,      -14.89,
 139.950811,   35.088739,      -14.96,
 139.955315,   35.088739,      -15.03,
 139.959820,   35.088739,      -15.11,
 139.964324,   35.088739,      -15.19,
 139.968829,   35.088739,      -15.28,
 139.973333,   35.088739,      -15.37,
 139.977838,   35.088739,      -15.47,
 139.982342,   35.088739,      -15.57,
 139.986847,   35.088739,      -15.68,
 139.991351,   35.088739,      -15.79,
 139.995856,   35.088739,      -15.90,
 140.000360,   35.088739,      -16.01,
 140.004865,   35.088739,      -16.13,
 140.009369,   35.088739,      -16.25,
 140.013874,   35.088739,      -16.38,
 140.018378,   35.088739,      -16.51,
 140.022883,   35.088739,      -16.66,
 140.027387,   35.088739,      -16.81,
 140.031892,   35.088739,      -16.96,
 140.036396,   35.088739,      -17.13,
 140.040901,   35.088739,      -17.31,
 140.045405,   35.088739,      -17.49,
 140.049910,   35.088739,      -17.69,
 140.054414,   35.088739,      -17.90,
 140.058919,   35.088739,      -18.12,
 140.063423,   35.088739,      -18.35,
 140.067928,   35.088739,      -18.58,
 140.072432,   35.088739,      -18.80,
 140.076937,   35.088739,      -19.01,
 140.081441,   35.088739,      -19.18,
 140.085946,   35.088739,      -19.32,
 140.090450,   35.088739,      -19.35,
 140.094955,   35.088739,      -19.46,
 140.099459,   35.088739,      -19.21,
 140.103964,   35.088739,      -19.73,
 140.108468,   35.088739,      -20.31,
 140.112973,   35.088739,      -20.37,
 140.117477,   35.088739,      -20.35,
 140.121982,   35.088739,      -20.31,
 140.126486,   35.088739,      -19.93,
 140.130991,   35.088739,      -19.49,
 140.135495,   35.088739,      -19.10,
 140.140000,   35.088739,      -18.58,
 140.144505,   35.088739,      -18.06,
 140.149009,   35.088739,      -17.60,
 140.153514,   35.088739,      -17.19,
 140.158018,   35.088739,      -16.81,
 140.162523,   35.088739,      -16.47,
 140.167027,   35.088739,      -16.21,
 140.171532,   35.088739,      -15.99,
 140.176036,   35.088739,      -15.85,
 140.180541,   35.088739,      -15.83,
 140.185045,   35.088739,      -15.75,
 140.189550,   35.088739,      -15.81,
 140.194054,   35.088739,      -15.94,
 140.198559,   35.088739,      -16.00,
 140.203063,   35.088739,      -16.14,
 140.207568,   35.088739,      -16.31,
 140.212072,   35.088739,      -16.44,
 140.216577,   35.088739,      -16.57,
 140.221081,   35.088739,      -16.67,
 140.225586,   35.088739,      -16.69,
 140.230090,   35.088739,      -16.70,
 140.234595,   35.088739,      -16.71,
 140.239099,   35.088739,      -16.72,
 140.243604,   35.088739,      -16.71,
 140.248108,   35.088739,      -16.65,
 140.252613,   35.088739,      -16.60,
 140.257117,   35.088739,      -16.56,
 140.261622,   35.088739,      -16.55,
 140.266126,   35.088739,      -16.53,
 140.270631,   35.088739,      -16.51,
 140.275135,   35.088739,      -16.53,
 140.279640,   35.088739,      -16.56,
 140.284144,   35.088739,      -16.60,
 140.288649,   35.088739,      -16.63,
 140.293153,   35.088739,      -16.67,
 140.297658,   35.088739,      -16.76,
 140.302162,   35.088739,      -16.85,
 140.306667,   35.088739,      -16.93,
 140.311171,   35.088739,      -16.99,
 140.315676,   35.088739,      -17.10,
 140.320180,   35.088739,      -17.21,
 140.324685,   35.088739,      -17.31,
 140.329189,   35.088739,      -17.48,
 140.333694,   35.088739,      -17.71,
 140.338198,   35.088739,      -17.92,
 140.342703,   35.088739,      -17.95,
 140.347207,   35.088739,      -18.02,
 140.351712,   35.088739,      -17.99,
 140.356216,   35.088739,      -17.73,
 140.360721,   35.088739,      -17.46,
 140.365225,   35.088739,      -17.19,
 140.369730,   35.088739,      -16.87,
 140.374234,   35.088739,      -16.52,
 140.378739,   35.088739,      -16.14,
 140.383243,   35.088739,      -15.74,
 140.387748,   35.088739,      -15.31,
 139.140000,   35.093243,      -16.27,
 139.144505,   35.093243,      -16.16,
 139.149009,   35.093243,      -16.05,
 139.153514,   35.093243,      -15.94,
 139.158018,   35.093243,      -15.84,
 139.162523,   35.093243,      -15.74,
 139.167027,   35.093243,      -15.64,
 139.171532,   35.093243,      -15.54,
 139.176036,   35.093243,      -15.48,
 139.180541,   35.093243,      -15.44,
 139.185045,   35.093243,      -15.42,
 139.189550,   35.093243,      -15.43,
 139.194054,   35.093243,      -15.46,
 139.198559,   35.093243,      -15.51,
 139.203063,   35.093243,      -15.61,
 139.207568,   35.093243,      -15.77,
 139.212072,   35.093243,      -15.98,
 139.216577,   35.093243,      -16.19,
 139.221081,   35.093243,      -16.41,
 139.225586,   35.093243,      -16.63,
 139.230090,   35.093243,      -16.86,
 139.234595,   35.093243,      -17.08,
 139.239099,   35.093243,      -17.31,
 139.243604,   35.093243,      -17.52,
 139.248108,   35.093243,      -17.69,
 139.252613,   35.093243,      -17.84,
 139.257117,   35.093243,      -18.00,
 139.261622,   35.093243,      -18.16,
 139.266126,   35.093243,      -18.32,
 139.270631,   35.093243,      -18.47,
 139.275135,   35.093243,      -18.62,
 139.279640,   35.093243,      -18.77,
 139.284144,   35.093243,      -18.91,
 139.288649,   35.093243,      -19.05,
 139.293153,   35.093243,      -19.14,
 139.297658,   35.093243,      -19.23,
 139.302162,   35.093243,      -19.33,
 139.306667,   35.093243,      -19.42,
 139.311171,   35.093243,      -19.50,
 139.315676,   35.093243,      -19.58,
 139.320180,   35.093243,      -19.64,
 139.324685,   35.093243,      -19.69,
 139.329189,   35.093243,      -19.73,
 139.333694,   35.093243,      -19.76,
 139.338198,   35.093243,      -19.78,
 139.342703,   35.093243,      -19.79,
 139.347207,   35.093243,      -19.77,
 139.351712,   35.093243,      -19.72,
 139.356216,   35.093243,      -19.67,
 139.360721,   35.093243,      -19.62,
 139.365225,   35.093243,      -19.56,
 139.369730,   35.093243,      -19.49,
 139.374234,   35.093243,      -19.42,
 139.378739,   35.093243,      -19.32,
 139.383243,   35.093243,      -19.18,
 139.387748,   35.093243,      -18.97,
 139.392252,   35.093243,      -18.69,
 139.396757,   35.093243,      -18.38,
 139.401261,   35.093243,      -18.08,
 139.405766,   35.093243,      -17.79,
 139.410270,   35.093243,      -17.49,
 139.414775,   35.093243,      -17.20,
 139.419279,   35.093243,      -16.83,
 139.423784,   35.093243,      -16.37,
 139.428288,   35.093243,      -15.85,
 139.432793,   35.093243,      -15.31,
 139.437297,   35.093243,      -14.77,
 139.441802,   35.093243,      -14.23,
 139.446306,   35.093243,      -13.69,
 139.450811,   35.093243,      -13.14,
 139.455315,   35.093243,      -12.79,
 139.459820,   35.093243,      -12.48,
 139.464324,   35.093243,      -12.17,
 139.468829,   35.093243,      -11.86,
 139.473333,   35.093243,      -11.56,
 139.477838,   35.093243,      -11.26,
 139.482342,   35.093243,      -10.97,
 139.486847,   35.093243,      -10.71,
 139.491351,   35.093243,      -10.49,
 139.495856,   35.093243,      -10.30,
 139.500360,   35.093243,      -10.11,
 139.504865,   35.093243,       -9.93,
 139.509369,   35.093243,       -9.74,
 139.513874,   35.093243,       -9.55,
 139.518378,   35.093243,       -9.36,
 139.522883,   35.093243,       -9.18,
 139.527387,   35.093243,       -9.03,
 139.531892,   35.093243,       -8.89,
 139.536396,   35.093243,       -8.76,
 139.540901,   35.093243,       -8.63,
 139.545405,   35.093243,       -8.42,
 139.549910,   35.093243,       -7.91,
 139.554414,   35.093243,       -7.35,
 139.558919,   35.093243,       -6.78,
 139.563423,   35.093243,       -6.16,
 139.567928,   35.093243,       -5.52,
 139.572432,   35.093243,       -4.94,
 139.576937,   35.093243,       -4.42,
 139.581441,   35.093243,       -4.02,
 139.585946,   35.093243,       -3.76,
 139.590450,   35.093243,       -3.54,
 139.594955,   35.093243,       -3.36,
 139.599459,   35.093243,       -3.20,
 139.603964,   35.093243,       -3.04,
 139.608468,   35.093243,       -2.94,
 139.612973,   35.093243,       -2.89,
 139.617477,   35.093243,       -2.87,
 139.621982,   35.093243,       -2.91,
 139.626486,   35.093243,       -2.98,
 139.630991,   35.093243,       -3.01,
 139.635495,   35.093243,       -3.05,
 139.640000,   35.093243,       -3.11,
 139.644505,   35.093243,       -3.11,
 139.649009,   35.093243,       -3.10,
 139.653514,   35.093243,       -3.09,
 139.658018,   35.093243,       -3.07,
 139.662523,   35.093243,       -3.03,
 139.667027,   35.093243,       -2.99,
 139.671532,   35.093243,       -2.98,
 139.676036,   35.093243,       -2.98,
 139.680541,   35.093243,       -2.96,
 139.685045,   35.093243,       -2.92,
 139.689550,   35.093243,       -2.90,
 139.694054,   35.093243,       -2.89,
 139.698559,   35.093243,       -2.90,
 139.703063,   35.093243,       -2.96,
 139.707568,   35.093243,       -3.05,
 139.712072,   35.093243,       -3.16,
 139.716577,   35.093243,       -3.37,
 139.721081,   35.093243,       -3.65,
 139.725586,   35.093243,       -3.93,
 139.730090,   35.093243,       -4.19,
 139.734595,   35.093243,       -4.46,
 139.739099,   35.093243,       -4.74,
 139.743604,   35.093243,       -5.00,
 139.748108,   35.093243,       -5.28,
 139.752613,   35.093243,       -5.61,
 139.757117,   35.093243,       -5.84,
 139.761622,   35.093243,       -6.05,
 139.766126,   35.093243,       -6.23,
 139.770631,   35.093243,       -6.12,
 139.775135,   35.093243,       -6.00,
 139.779640,   35.093243,       -5.86,
 139.784144,   35.093243,       -5.57,
 139.788649,   35.093243,       -5.22,
 139.793153,   35.093243,       -4.89,
 139.797658,   35.093243,       -4.78,
 139.802162,   35.093243,       -4.75,
 139.806667,   35.093243,       -4.75,
 139.811171,   35.093243,       -4.88,
 139.815676,   35.093243,       -5.10,
 139.820180,   35.093243,       -5.46,
 139.824685,   35.093243,       -7.06,
 139.829189,   35.093243,       -8.51,
 139.833694,   35.093243,      -11.59,
 139.838198,   35.093243,      -16.43,
 139.842703,   35.093243,      -19.59,
 139.847207,   35.093243,      -18.07,
 139.851712,   35.093243,      -17.21,
 139.856216,   35.093243,      -16.63,
 139.860721,   35.093243,      -16.19,
 139.865225,   35.093243,      -15.84,
 139.869730,   35.093243,      -15.56,
 139.874234,   35.093243,      -15.33,
 139.878739,   35.093243,      -15.13,
 139.883243,   35.093243,      -14.97,
 139.887748,   35.093243,      -14.83,
 139.892252,   35.093243,      -14.71,
 139.896757,   35.093243,      -14.62,
 139.901261,   35.093243,      -14.54,
 139.905766,   35.093243,      -14.49,
 139.910270,   35.093243,      -14.45,
 139.914775,   35.093243,      -14.43,
 139.919279,   35.093243,      -14.43,
 139.923784,   35.093243,      -14.44,
 139.928288,   35.093243,      -14.46,
 139.932793,   35.093243,      -14.50,
 139.937297,   35.093243,      -14.54,
 139.941802,   35.093243,      -14.59,
 139.946306,   35.093243,      -14.65,
 139.950811,   35.093243,      -14.71,
 139.955315,   35.093243,      -14.79,
 139.959820,   35.093243,      -14.87,
 139.964324,   35.093243,      -14.95,
 139.968829,   35.093243,      -15.04,
 139.973333,   35.093243,      -15.14,
 139.977838,   35.093243,      -15.24,
 139.982342,   35.093243,      -15.34,
 139.986847,   35.093243,      -15.45,
 139.991351,   35.093243,      -15.56,
 139.995856,   35.093243,      -15.68,
 140.000360,   35.093243,      -15.79,
 140.004865,   35.093243,      -15.91,
 140.009369,   35.093243,      -16.04,
 140.013874,   35.093243,      -16.17,
 140.018378,   35.093243,      -16.32,
 140.022883,   35.093243,      -16.46,
 140.027387,   35.093243,      -16.62,
 140.031892,   35.093243,      -16.78,
 140.036396,   35.093243,      -16.95,
 140.040901,   35.093243,      -17.13,
 140.045405,   35.093243,      -17.32,
 140.049910,   35.093243,      -17.52,
 140.054414,   35.093243,      -17.73,
 140.058919,   35.093243,      -17.95,
 140.063423,   35.093243,      -18.18,
 140.067928,   35.093243,      -18.42,
 140.072432,   35.093243,      -18.65,
 140.076937,   35.093243,      -18.87,
 140.081441,   35.093243,      -19.08,
 140.085946,   35.093243,      -19.25,
 140.090450,   35.093243,      -19.38,
 140.094955,   35.093243,      -19.36,
 140.099459,   35.093243,      -19.66,
 140.103964,   35.093243,      -20.13,
 140.108468,   35.093243,      -20.28,
 140.112973,   35.093243,      -20.48,
 140.117477,   35.093243,      -20.49,
 140.121982,   35.093243,      -20.53,
 140.126486,   35.093243,      -20.46,
 140.130991,   35.093243,      -20.09,
 140.135495,   35.093243,      -19.75,
 140.140000,   35.093243,      -19.39,
 140.144505,   35.093243,      -18.92,
 140.149009,   35.093243,      -18.45,
 140.153514,   35.093243,      -18.03,
 140.158018,   35.093243,      -17.68,
 140.162523,   35.093243,      -17.29,
 140.167027,   35.093243,      -17.09,
 140.171532,   35.093243,      -16.89,
 140.176036,   35.093243,      -16.82,
 140.180541,   35.093243,      -16.81,
 140.185045,   35.093243,      -16.79,
 140.189550,   35.093243,      -16.88,
 140.194054,   35.093243,      -17.00,
 140.198559,   35.093243,      -17.12,
 140.203063,   35.093243,      -17.26,
 140.207568,   35.093243,      -17.42,
 140.212072,   35.093243,      -17.56,
 140.216577,   35.093243,      -17.68,
 140.221081,   35.093243,      -17.78,
 140.225586,   35.093243,      -17.82,
 140.230090,   35.093243,      -17.86,
 140.234595,   35.093243,      -17.88,
 140.239099,   35.093243,      -17.89,
 140.243604,   35.093243,      -17.89,
 140.248108,   35.093243,      -17.79,
 140.252613,   35.093243,      -17.70,
 140.257117,   35.093243,      -17.62,
 140.261622,   35.093243,      -17.58,
 140.266126,   35.093243,      -17.58,
 140.270631,   35.093243,      -17.57,
 140.275135,   35.093243,      -17.53,
 140.279640,   35.093243,      -17.51,
 140.284144,   35.093243,      -17.51,
 140.288649,   35.093243,      -17.53,
 140.293153,   35.093243,      -17.55,
 140.297658,   35.093243,      -17.61,
 140.302162,   35.093243,      -17.73,
 140.306667,   35.093243,      -17.85,
 140.311171,   35.093243,      -17.86,
 140.315676,   35.093243,      -17.93,
 140.320180,   35.093243,      -18.00,
 140.324685,   35.093243,      -18.08,
 140.329189,   35.093243,      -18.21,
 140.333694,   35.093243,      -18.40,
 140.338198,   35.093243,      -18.53,
 140.342703,   35.093243,      -18.60,
 140.347207,   35.093243,      -18.62,
 140.351712,   35.093243,      -18.58,
 140.356216,   35.093243,      -18.37,
 140.360721,   35.093243,      -18.07,
 140.365225,   35.093243,      -17.68,
 140.369730,   35.093243,      -17.30,
 140.374234,   35.093243,      -16.92,
 140.378739,   35.093243,      -16.52,
 140.383243,   35.093243,      -16.09,
 140.387748,   35.093243,      -15.65,
 139.140000,   35.097748,      -16.16,
 139.144505,   35.097748,      -16.04,
 139.149009,   35.097748,      -15.93,
 139.153514,   35.097748,      -15.82,
 139.158018,   35.097748,      -15.71,
 139.162523,   35.097748,      -15.61,
 139.167027,   35.097748,      -15.53,
 139.171532,   35.097748,      -15.49,
 139.176036,   35.097748,      -15.45,
 139.180541,   35.097748,      -15.42,
 139.185045,   35.097748,      -15.41,
 139.189550,   35.097748,      -15.42,
 139.194054,   35.097748,      -15.45,
 139.198559,   35.097748,      -15.50,
 139.203063,   35.097748,      -15.58,
 139.207568,   35.097748,      -15.74,
 139.212072,   35.097748,      -15.96,
 139.216577,   35.097748,      -16.17,
 139.221081,   35.097748,      -16.39,
 139.225586,   35.097748,      -16.62,
 139.230090,   35.097748,      -16.84,
 139.234595,   35.097748,      -17.06,
 139.239099,   35.097748,      -17.29,
 139.243604,   35.097748,      -17.49,
 139.248108,   35.097748,      -17.66,
 139.252613,   35.097748,      -17.82,
 139.257117,   35.097748,      -17.98,
 139.261622,   35.097748,      -18.14,
 139.266126,   35.097748,      -18.29,
 139.270631,   35.097748,      -18.44,
 139.275135,   35.097748,      -18.58,
 139.279640,   35.097748,      -18.72,
 139.284144,   35.097748,      -18.85,
 139.288649,   35.097748,      -18.97,
 139.293153,   35.097748,      -19.05,
 139.297658,   35.097748,      -19.12,
 139.302162,   35.097748,      -19.20,
 139.306667,   35.097748,      -19.28,
 139.311171,   35.097748,      -19.35,
 139.315676,   35.097748,      -19.41,
 139.320180,   35.097748,      -19.46,
 139.324685,   35.097748,      -19.50,
 139.329189,   35.097748,      -19.52,
 139.333694,   35.097748,      -19.54,
 139.338198,   35.097748,      -19.54,
 139.342703,   35.097748,      -19.54,
 139.347207,   35.097748,      -19.52,
 139.351712,   35.097748,      -19.47,
 139.356216,   35.097748,      -19.42,
 139.360721,   35.097748,      -19.37,
 139.365225,   35.097748,      -19.31,
 139.369730,   35.097748,      -19.24,
 139.374234,   35.097748,      -19.16,
 139.378739,   35.097748,      -19.08,
 139.383243,   35.097748,      -18.95,
 139.387748,   35.097748,      -18.77,
 139.392252,   35.097748,      -18.50,
 139.396757,   35.097748,      -18.20,
 139.401261,   35.097748,      -17.91,
 139.405766,   35.097748,      -17.62,
 139.410270,   35.097748,      -17.34,
 139.414775,   35.097748,      -17.05,
 139.419279,   35.097748,      -16.70,
 139.423784,   35.097748,      -16.27,
 139.428288,   35.097748,      -15.77,
 139.432793,   35.097748,      -15.23,
 139.437297,   35.097748,      -14.69,
 139.441802,   35.097748,      -14.15,
 139.446306,   35.097748,      -13.61,
 139.450811,   35.097748,      -13.09,
 139.455315,   35.097748,      -12.69,
 139.459820,   35.097748,      -12.37,
 139.464324,   35.097748,      -12.07,
 139.468829,   35.097748,      -11.76,
 139.473333,   35.097748,      -11.46,
 139.477838,   35.097748,      -11.16,
 139.482342,   35.097748,      -10.87,
 139.486847,   35.097748,      -10.59,
 139.491351,   35.097748,      -10.37,
 139.495856,   35.097748,      -10.19,
 139.500360,   35.097748,      -10.02,
 139.504865,   35.097748,       -9.84,
 139.509369,   35.097748,       -9.66,
 139.513874,   35.097748,       -9.48,
 139.518378,   35.097748,       -9.28,
 139.522883,   35.097748,       -9.08,
 139.527387,   35.097748,       -8.94,
 139.531892,   35.097748,       -8.82,
 139.536396,   35.097748,       -8.69,
 139.540901,   35.097748,       -8.56,
 139.545405,   35.097748,       -8.41,
 139.549910,   35.097748,       -7.85,
 139.554414,   35.097748,       -7.25,
 139.558919,   35.097748,       -6.64,
 139.563423,   35.097748,       -5.98,
 139.567928,   35.097748,       -5.29,
 139.572432,   35.097748,       -4.62,
 139.576937,   35.097748,       -4.06,
 139.581441,   35.097748,       -3.74,
 139.585946,   35.097748,       -3.44,
 139.590450,   35.097748,       -3.16,
 139.594955,   35.097748,       -3.01,
 139.599459,   35.097748,       -2.86,
 139.603964,   35.097748,       -2.69,
 139.608468,   35.097748,       -2.62,
 139.612973,   35.097748,       -2.57,
 139.617477,   35.097748,       -2.55,
 139.621982,   35.097748,       -2.71,
 139.626486,   35.097748,       -2.86,
 139.630991,   35.097748,       -2.95,
 139.635495,   35.097748,       -3.03,
 139.640000,   35.097748,       -3.12,
 139.644505,   35.097748,       -3.12,
 139.649009,   35.097748,       -3.10,
 139.653514,   35.097748,       -3.08,
 139.658018,   35.097748,       -3.07,
 139.662523,   35.097748,       -3.05,
 139.667027,   35.097748,       -3.00,
 139.671532,   35.097748,       -2.93,
 139.676036,   35.097748,       -2.90,
 139.680541,   35.097748,       -2.85,
 139.685045,   35.097748,       -2.80,
 139.689550,   35.097748,       -2.75,
 139.694054,   35.097748,       -2.78,
 139.698559,   35.097748,       -2.80,
 139.703063,   35.097748,       -2.80,
 139.707568,   35.097748,       -2.90,
 139.712072,   35.097748,       -3.06,
 139.716577,   35.097748,       -3.21,
 139.721081,   35.097748,       -3.46,
 139.725586,   35.097748,       -3.70,
 139.730090,   35.097748,       -3.95,
 139.734595,   35.097748,       -4.24,
 139.739099,   35.097748,       -4.58,
 139.743604,   35.097748,       -4.88,
 139.748108,   35.097748,       -5.23,
 139.752613,   35.097748,       -5.62,
 139.757117,   35.097748,       -5.90,
 139.761622,   35.097748,       -6.10,
 139.766126,   35.097748,       -6.27,
 139.770631,   35.097748,       -6.23,
 139.775135,   35.097748,       -6.13,
 139.779640,   35.097748,       -6.02,
 139.784144,   35.097748,       -5.69,
 139.788649,   35.097748,       -5.32,
 139.793153,   35.097748,       -4.98,
 139.797658,   35.097748,       -4.85,
 139.802162,   35.097748,       -4.79,
 139.806667,   35.097748,       -4.66,
 139.811171,   35.097748,       -4.52,
 139.815676,   35.097748,       -4.62,
 139.820180,   35.097748,       -5.83,
 139.824685,   35.097748,       -7.75,
 139.829189,   35.097748,       -9.68,
 139.833694,   35.097748,      -12.87,
 139.838198,   35.097748,      -17.18,
 139.842703,   35.097748,      -18.98,
 139.847207,   35.097748,      -17.77,
 139.851712,   35.097748,      -16.93,
 139.856216,   35.097748,      -16.36,
 139.860721,   35.097748,      -15.93,
 139.865225,   35.097748,      -15.59,
 139.869730,   35.097748,      -15.30,
 139.874234,   35.097748,      -15.06,
 139.878739,   35.097748,      -14.87,
 139.883243,   35.097748,      -14.70,
 139.887748,   35.097748,      -14.56,
 139.892252,   35.097748,      -14.44,
 139.896757,   35.097748,      -14.34,
 139.901261,   35.097748,      -14.27,
 139.905766,   35.097748,      -14.22,
 139.910270,   35.097748,      -14.18,
 139.914775,   35.097748,      -14.17,
 139.919279,   35.097748,      -14.17,
 139.923784,   35.097748,      -14.18,
 139.928288,   35.097748,      -14.20,
 139.932793,   35.097748,      -14.23,
 139.937297,   35.097748,      -14.28,
 139.941802,   35.097748,      -14.33,
 139.946306,   35.097748,      -14.39,
 139.950811,   35.097748,      -14.46,
 139.955315,   35.097748,      -14.54,
 139.959820,   35.097748,      -14.62,
 139.964324,   35.097748,      -14.70,
 139.968829,   35.097748,      -14.80,
 139.973333,   35.097748,      -14.89,
 139.977838,   35.097748,      -15.00,
 139.982342,   35.097748,      -15.10,
 139.986847,   35.097748,      -15.22,
 139.991351,   35.097748,      -15.33,
 139.995856,   35.097748,      -15.45,
 140.000360,   35.097748,      -15.57,
 140.004865,   35.097748,      -15.70,
 140.009369,   35.097748,      -15.83,
 140.013874,   35.097748,      -15.97,
 140.018378,   35.097748,      -16.11,
 140.022883,   35.097748,      -16.27,
 140.027387,   35.097748,      -16.43,
 140.031892,   35.097748,      -16.59,
 140.036396,   35.097748,      -16.77,
 140.040901,   35.097748,      -16.95,
 140.045405,   35.097748,      -17.14,
 140.049910,   35.097748,      -17.35,
 140.054414,   35.097748,      -17.56,
 140.058919,   35.097748,      -17.78,
 140.063423,   35.097748,      -18.01,
 140.067928,   35.097748,      -18.25,
 140.072432,   35.097748,      -18.49,
 140.076937,   35.097748,      -18.73,
 140.081441,   35.097748,      -18.95,
 140.085946,   35.097748,      -19.16,
 140.090450,   35.097748,      -19.35,
 140.094955,   35.097748,      -19.47,
 140.099459,   35.097748,      -19.35,
 140.103964,   35.097748,      -19.55,
 140.108468,   35.097748,      -19.75,
 140.112973,   35.097748,      -20.24,
 140.117477,   35.097748,      -20.59,
 140.121982,   35.097748,      -20.64,
 140.126486,   35.097748,      -20.75,
 140.130991,   35.097748,      -20.62,
 140.135495,   35.097748,      -20.31,
 140.140000,   35.097748,      -20.08,
 140.144505,   35.097748,      -19.77,
 140.149009,   35.097748,      -19.35,
 140.153514,   35.097748,      -19.04,
 140.158018,   35.097748,      -18.71,
 140.162523,   35.097748,      -18.41,
 140.167027,   35.097748,      -18.18,
 140.171532,   35.097748,      -18.03,
 140.176036,   35.097748,      -17.98,
 140.180541,   35.097748,      -17.94,
 140.185045,   35.097748,      -17.99,
 140.189550,   35.097748,      -18.08,
 140.194054,   35.097748,      -18.17,
 140.198559,   35.097748,      -18.30,
 140.203063,   35.097748,      -18.43,
 140.207568,   35.097748,      -18.56,
 140.212072,   35.097748,      -18.69,
 140.216577,   35.097748,      -18.83,
 140.221081,   35.097748,      -18.94,
 140.225586,   35.097748,      -18.98,
 140.230090,   35.097748,      -19.02,
 140.234595,   35.097748,      -19.02,
 140.239099,   35.097748,      -19.00,
 140.243604,   35.097748,      -18.97,
 140.248108,   35.097748,      -18.88,
 140.252613,   35.097748,      -18.78,
 140.257117,   35.097748,      -18.68,
 140.261622,   35.097748,      -18.61,
 140.266126,   35.097748,      -18.59,
 140.270631,   35.097748,      -18.51,
 140.275135,   35.097748,      -18.45,
 140.279640,   35.097748,      -18.42,
 140.284144,   35.097748,      -18.41,
 140.288649,   35.097748,      -18.42,
 140.293153,   35.097748,      -18.40,
 140.297658,   35.097748,      -18.42,
 140.302162,   35.097748,      -18.52,
 140.306667,   35.097748,      -18.55,
 140.311171,   35.097748,      -18.56,
 140.315676,   35.097748,      -18.58,
 140.320180,   35.097748,      -18.63,
 140.324685,   35.097748,      -18.73,
 140.329189,   35.097748,      -18.83,
 140.333694,   35.097748,      -18.96,
 140.338198,   35.097748,      -19.11,
 140.342703,   35.097748,      -19.19,
 140.347207,   35.097748,      -19.14,
 140.351712,   35.097748,      -19.12,
 140.356216,   35.097748,      -19.01,
 140.360721,   35.097748,      -18.62,
 140.365225,   35.097748,      -18.17,
 140.369730,   35.097748,      -17.75,
 140.374234,   35.097748,      -17.34,
 140.378739,   35.097748,      -16.92,
 140.383243,   35.097748,      -16.47,
 140.387748,   35.097748,      -16.01,
 139.140000,   35.102252,      -16.05,
 139.144505,   35.102252,      -15.93,
 139.149009,   35.102252,      -15.81,
 139.153514,   35.102252,      -15.69,
 139.158018,   35.102252,      -15.58,
 139.162523,   35.102252,      -15.48,
 139.167027,   35.102252,      -15.42,
 139.171532,   35.102252,      -15.41,
 139.176036,   35.102252,      -15.38,
 139.180541,   35.102252,      -15.37,
 139.185045,   35.102252,      -15.36,
 139.189550,   35.102252,      -15.39,
 139.194054,   35.102252,      -15.43,
 139.198559,   35.102252,      -15.50,
 139.203063,   35.102252,      -15.59,
 139.207568,   35.102252,      -15.74,
 139.212072,   35.102252,      -15.95,
 139.216577,   35.102252,      -16.16,
 139.221081,   35.102252,      -16.38,
 139.225586,   35.102252,      -16.60,
 139.230090,   35.102252,      -16.82,
 139.234595,   35.102252,      -17.04,
 139.239099,   35.102252,      -17.25,
 139.243604,   35.102252,      -17.45,
 139.248108,   35.102252,      -17.63,
 139.252613,   35.102252,      -17.79,
 139.257117,   35.102252,      -17.96,
 139.261622,   35.102252,      -18.12,
 139.266126,   35.102252,      -18.26,
 139.270631,   35.102252,      -18.40,
 139.275135,   35.102252,      -18.54,
 139.279640,   35.102252,      -18.66,
 139.284144,   35.102252,      -18.78,
 139.288649,   35.102252,      -18.89,
 139.293153,   35.102252,      -18.97,
 139.297658,   35.102252,      -19.03,
 139.302162,   35.102252,      -19.10,
 139.306667,   35.102252,      -19.16,
 139.311171,   35.102252,      -19.21,
 139.315676,   35.102252,      -19.26,
 139.320180,   35.102252,      -19.30,
 139.324685,   35.102252,      -19.33,
 139.329189,   35.102252,      -19.34,
 139.333694,   35.102252,      -19.34,
 139.338198,   35.102252,      -19.33,
 139.342703,   35.102252,      -19.31,
 139.347207,   35.102252,      -19.28,
 139.351712,   35.102252,      -19.24,
 139.356216,   35.102252,      -19.19,
 139.360721,   35.102252,      -19.14,
 139.365225,   35.102252,      -19.08,
 139.369730,   35.102252,      -19.01,
 139.374234,   35.102252,      -18.93,
 139.378739,   35.102252,      -18.83,
 139.383243,   35.102252,      -18.73,
 139.387748,   35.102252,      -18.58,
 139.392252,   35.102252,      -18.31,
 139.396757,   35.102252,      -18.03,
 139.401261,   35.102252,      -17.75,
 139.405766,   35.102252,      -17.47,
 139.410270,   35.102252,      -17.19,
 139.414775,   35.102252,      -16.91,
 139.419279,   35.102252,      -16.58,
 139.423784,   35.102252,      -16.19,
 139.428288,   35.102252,      -15.69,
 139.432793,   35.102252,      -15.16,
 139.437297,   35.102252,      -14.62,
 139.441802,   35.102252,      -14.09,
 139.446306,   35.102252,      -13.55,
 139.450811,   35.102252,      -13.04,
 139.455315,   35.102252,      -12.61,
 139.459820,   35.102252,      -12.26,
 139.464324,   35.102252,      -11.96,
 139.468829,   35.102252,      -11.66,
 139.473333,   35.102252,      -11.36,
 139.477838,   35.102252,      -11.07,
 139.482342,   35.102252,      -10.78,
 139.486847,   35.102252,      -10.49,
 139.491351,   35.102252,      -10.27,
 139.495856,   35.102252,      -10.11,
 139.500360,   35.102252,       -9.95,
 139.504865,   35.102252,       -9.78,
 139.509369,   35.102252,       -9.60,
 139.513874,   35.102252,       -9.42,
 139.518378,   35.102252,       -9.23,
 139.522883,   35.102252,       -9.06,
 139.527387,   35.102252,       -8.91,
 139.531892,   35.102252,       -8.77,
 139.536396,   35.102252,       -8.64,
 139.540901,   35.102252,       -8.50,
 139.545405,   35.102252,       -8.24,
 139.549910,   35.102252,       -7.70,
 139.554414,   35.102252,       -7.10,
 139.558919,   35.102252,       -6.49,
 139.563423,   35.102252,       -5.82,
 139.567928,   35.102252,       -5.09,
 139.572432,   35.102252,       -4.36,
 139.576937,   35.102252,       -3.78,
 139.581441,   35.102252,       -3.48,
 139.585946,   35.102252,       -3.18,
 139.590450,   35.102252,       -2.90,
 139.594955,   35.102252,       -2.70,
 139.599459,   35.102252,       -2.54,
 139.603964,   35.102252,       -2.41,
 139.608468,   35.102252,       -2.33,
 139.612973,   35.102252,       -2.27,
 139.617477,   35.102252,       -2.35,
 139.621982,   35.102252,       -2.63,
 139.626486,   35.102252,       -2.83,
 139.630991,   35.102252,       -2.90,
 139.635495,   35.102252,       -2.97,
 139.640000,   35.102252,       -3.06,
 139.644505,   35.102252,       -3.13,
 139.649009,   35.102252,       -3.13,
 139.653514,   35.102252,       -3.12,
 139.658018,   35.102252,       -3.11,
 139.662523,   35.102252,       -3.09,
 139.667027,   35.102252,       -3.06,
 139.671532,   35.102252,       -3.00,
 139.676036,   35.102252,       -2.85,
 139.680541,   35.102252,       -2.71,
 139.685045,   35.102252,       -2.65,
 139.689550,   35.102252,       -2.67,
 139.694054,   35.102252,       -2.77,
 139.698559,   35.102252,       -2.79,
 139.703063,   35.102252,       -2.80,
 139.707568,   35.102252,       -2.87,
 139.712072,   35.102252,       -3.01,
 139.716577,   35.102252,       -3.13,
 139.721081,   35.102252,       -3.27,
 139.725586,   35.102252,       -3.50,
 139.730090,   35.102252,       -3.73,
 139.734595,   35.102252,       -4.02,
 139.739099,   35.102252,       -4.36,
 139.743604,   35.102252,       -4.74,
 139.748108,   35.102252,       -5.16,
 139.752613,   35.102252,       -5.56,
 139.757117,   35.102252,       -5.91,
 139.761622,   35.102252,       -6.15,
 139.766126,   35.102252,       -6.33,
 139.770631,   35.102252,       -6.32,
 139.775135,   35.102252,       -6.21,
 139.779640,   35.102252,       -6.10,
 139.784144,   35.102252,       -5.79,
 139.788649,   35.102252,       -5.40,
 139.793153,   35.102252,       -5.09,
 139.797658,   35.102252,       -4.91,
 139.802162,   35.102252,       -4.78,
 139.806667,   35.102252,       -4.54,
 139.811171,   35.102252,       -4.28,
 139.815676,   35.102252,       -4.20,
 139.820180,   35.102252,       -6.08,
 139.824685,   35.102252,       -8.22,
 139.829189,   35.102252,      -10.49,
 139.833694,   35.102252,      -13.61,
 139.838198,   35.102252,      -16.82,
 139.842703,   35.102252,      -17.83,
 139.847207,   35.102252,      -17.33,
 139.851712,   35.102252,      -16.58,
 139.856216,   35.102252,      -16.05,
 139.860721,   35.102252,      -15.63,
 139.865225,   35.102252,      -15.29,
 139.869730,   35.102252,      -15.01,
 139.874234,   35.102252,      -14.77,
 139.878739,   35.102252,      -14.57,
 139.883243,   35.102252,      -14.40,
 139.887748,   35.102252,      -14.26,
 139.892252,   35.102252,      -14.14,
 139.896757,   35.102252,      -14.05,
 139.901261,   35.102252,      -13.98,
 139.905766,   35.102252,      -13.93,
 139.910270,   35.102252,      -13.90,
 139.914775,   35.102252,      -13.89,
 139.919279,   35.102252,      -13.89,
 139.923784,   35.102252,      -13.90,
 139.928288,   35.102252,      -13.93,
 139.932793,   35.102252,      -13.96,
 139.937297,   35.102252,      -14.01,
 139.941802,   35.102252,      -14.06,
 139.946306,   35.102252,      -14.13,
 139.950811,   35.102252,      -14.20,
 139.955315,   35.102252,      -14.27,
 139.959820,   35.102252,      -14.36,
 139.964324,   35.102252,      -14.45,
 139.968829,   35.102252,      -14.54,
 139.973333,   35.102252,      -14.64,
 139.977838,   35.102252,      -14.75,
 139.982342,   35.102252,      -14.86,
 139.986847,   35.102252,      -14.98,
 139.991351,   35.102252,      -15.10,
 139.995856,   35.102252,      -15.22,
 140.000360,   35.102252,      -15.34,
 140.004865,   35.102252,      -15.47,
 140.009369,   35.102252,      -15.61,
 140.013874,   35.102252,      -15.76,
 140.018378,   35.102252,      -15.91,
 140.022883,   35.102252,      -16.07,
 140.027387,   35.102252,      -16.23,
 140.031892,   35.102252,      -16.41,
 140.036396,   35.102252,      -16.59,
 140.040901,   35.102252,      -16.78,
 140.045405,   35.102252,      -16.97,
 140.049910,   35.102252,      -17.18,
 140.054414,   35.102252,      -17.39,
 140.058919,   35.102252,      -17.62,
 140.063423,   35.102252,      -17.85,
 140.067928,   35.102252,      -18.09,
 140.072432,   35.102252,      -18.34,
 140.076937,   35.102252,      -18.58,
 140.081441,   35.102252,      -18.82,
 140.085946,   35.102252,      -19.05,
 140.090450,   35.102252,      -19.27,
 140.094955,   35.102252,      -19.47,
 140.099459,   35.102252,      -19.58,
 140.103964,   35.102252,      -19.06,
 140.108468,   35.102252,      -19.33,
 140.112973,   35.102252,      -20.06,
 140.117477,   35.102252,      -20.60,
 140.121982,   35.102252,      -20.76,
 140.126486,   35.102252,      -20.91,
 140.130991,   35.102252,      -21.04,
 140.135495,   35.102252,      -20.85,
 140.140000,   35.102252,      -20.64,
 140.144505,   35.102252,      -20.49,
 140.149009,   35.102252,      -20.24,
 140.153514,   35.102252,      -19.95,
 140.158018,   35.102252,      -19.75,
 140.162523,   35.102252,      -19.54,
 140.167027,   35.102252,      -19.31,
 140.171532,   35.102252,      -19.21,
 140.176036,   35.102252,      -19.18,
 140.180541,   35.102252,      -19.16,
 140.185045,   35.102252,      -19.23,
 140.189550,   35.102252,      -19.31,
 140.194054,   35.102252,      -19.40,
 140.198559,   35.102252,      -19.50,
 140.203063,   35.102252,      -19.62,
 140.207568,   35.102252,      -19.65,
 140.212072,   35.102252,      -19.73,
 140.216577,   35.102252,      -19.93,
 140.221081,   35.102252,      -20.03,
 140.225586,   35.102252,      -19.99,
 140.230090,   35.102252,      -20.02,
 140.234595,   35.102252,      -20.01,
 140.239099,   35.102252,      -20.00,
 140.243604,   35.102252,      -19.96,
 140.248108,   35.102252,      -19.88,
 140.252613,   35.102252,      -19.83,
 140.257117,   35.102252,      -19.65,
 140.261622,   35.102252,      -19.58,
 140.266126,   35.102252,      -19.47,
 140.270631,   35.102252,      -19.35,
 140.275135,   35.102252,      -19.29,
 140.279640,   35.102252,      -19.22,
 140.284144,   35.102252,      -19.21,
 140.288649,   35.102252,      -19.18,
 140.293153,   35.102252,      -19.15,
 140.297658,   35.102252,      -19.16,
 140.302162,   35.102252,      -19.14,
 140.306667,   35.102252,      -19.13,
 140.311171,   35.102252,      -19.14,
 140.315676,   35.102252,      -19.13,
 140.320180,   35.102252,      -19.17,
 140.324685,   35.102252,      -19.24,
 140.329189,   35.102252,      -19.34,
 140.333694,   35.102252,      -19.44,
 140.338198,   35.102252,      -19.54,
 140.342703,   35.102252,      -19.58,
 140.347207,   35.102252,      -19.54,
 140.351712,   35.102252,      -19.52,
 140.356216,   35.102252,      -19.46,
 140.360721,   35.102252,      -19.09,
 140.365225,   35.102252,      -18.64,
 140.369730,   35.102252,      -18.18,
 140.374234,   35.102252,      -17.71,
 140.378739,   35.102252,      -17.25,
 140.383243,   35.102252,      -16.79,
 140.387748,   35.102252,      -16.33,
 139.140000,   35.106757,      -15.93,
 139.144505,   35.106757,      -15.81,
 139.149009,   35.106757,      -15.68,
 139.153514,   35.106757,      -15.57,
 139.158018,   35.106757,      -15.45,
 139.162523,   35.106757,      -15.34,
 139.167027,   35.106757,      -15.32,
 139.171532,   35.106757,      -15.31,
 139.176036,   35.106757,      -15.30,
 139.180541,   35.106757,      -15.29,
 139.185045,   35.106757,      -15.30,
 139.189550,   35.106757,      -15.34,
 139.194054,   35.106757,      -15.41,
 139.198559,   35.106757,      -15.49,
 139.203063,   35.106757,      -15.60,
 139.207568,   35.106757,      -15.76,
 139.212072,   35.106757,      -15.95,
 139.216577,   35.106757,      -16.15,
 139.221081,   35.106757,      -16.36,
 139.225586,   35.106757,      -16.58,
 139.230090,   35.106757,      -16.80,
 139.234595,   35.106757,      -17.01,
 139.239099,   35.106757,      -17.21,
 139.243604,   35.106757,      -17.41,
 139.248108,   35.106757,      -17.59,
 139.252613,   35.106757,      -17.77,
 139.257117,   35.106757,      -17.93,
 139.261622,   35.106757,      -18.09,
 139.266126,   35.106757,      -18.23,
 139.270631,   35.106757,      -18.37,
 139.275135,   35.106757,      -18.49,
 139.279640,   35.106757,      -18.61,
 139.284144,   35.106757,      -18.72,
 139.288649,   35.106757,      -18.82,
 139.293153,   35.106757,      -18.90,
 139.297658,   35.106757,      -18.95,
 139.302162,   35.106757,      -19.01,
 139.306667,   35.106757,      -19.06,
 139.311171,   35.106757,      -19.10,
 139.315676,   35.106757,      -19.13,
 139.320180,   35.106757,      -19.16,
 139.324685,   35.106757,      -19.18,
 139.329189,   35.106757,      -19.18,
 139.333694,   35.106757,      -19.18,
 139.338198,   35.106757,      -19.17,
 139.342703,   35.106757,      -19.15,
 139.347207,   35.106757,      -19.09,
 139.351712,   35.106757,      -19.04,
 139.356216,   35.106757,      -18.98,
 139.360721,   35.106757,      -18.93,
 139.365225,   35.106757,      -18.86,
 139.369730,   35.106757,      -18.79,
 139.374234,   35.106757,      -18.70,
 139.378739,   35.106757,      -18.61,
 139.383243,   35.106757,      -18.50,
 139.387748,   35.106757,      -18.38,
 139.392252,   35.106757,      -18.16,
 139.396757,   35.106757,      -17.89,
 139.401261,   35.106757,      -17.61,
 139.405766,   35.106757,      -17.33,
 139.410270,   35.106757,      -17.05,
 139.414775,   35.106757,      -16.77,
 139.419279,   35.106757,      -16.47,
 139.423784,   35.106757,      -16.11,
 139.428288,   35.106757,      -15.62,
 139.432793,   35.106757,      -15.09,
 139.437297,   35.106757,      -14.55,
 139.441802,   35.106757,      -14.02,
 139.446306,   35.106757,      -13.49,
 139.450811,   35.106757,      -12.97,
 139.455315,   35.106757,      -12.53,
 139.459820,   35.106757,      -12.16,
 139.464324,   35.106757,      -11.85,
 139.468829,   35.106757,      -11.56,
 139.473333,   35.106757,      -11.27,
 139.477838,   35.106757,      -10.98,
 139.482342,   35.106757,      -10.69,
 139.486847,   35.106757,      -10.42,
 139.491351,   35.106757,      -10.21,
 139.495856,   35.106757,      -10.05,
 139.500360,   35.106757,       -9.89,
 139.504865,   35.106757,       -9.72,
 139.509369,   35.106757,       -9.56,
 139.513874,   35.106757,       -9.38,
 139.518378,   35.106757,       -9.21,
 139.522883,   35.106757,       -9.05,
 139.527387,   35.106757,       -8.90,
 139.531892,   35.106757,       -8.75,
 139.536396,   35.106757,       -8.61,
 139.540901,   35.106757,       -8.45,
 139.545405,   35.106757,       -8.12,
 139.549910,   35.106757,       -7.53,
 139.554414,   35.106757,       -6.91,
 139.558919,   35.106757,       -6.30,
 139.563423,   35.106757,       -5.60,
 139.567928,   35.106757,       -4.87,
 139.572432,   35.106757,       -4.13,
 139.576937,   35.106757,       -3.60,
 139.581441,   35.106757,       -3.26,
 139.585946,   35.106757,       -2.94,
 139.590450,   35.106757,       -2.71,
 139.594955,   35.106757,       -2.46,
 139.599459,   35.106757,       -2.23,
 139.603964,   35.106757,       -2.13,
 139.608468,   35.106757,       -2.06,
 139.612973,   35.106757,       -2.05,
 139.617477,   35.106757,       -2.29,
 139.621982,   35.106757,       -2.69,
 139.626486,   35.106757,       -2.78,
 139.630991,   35.106757,       -2.74,
 139.635495,   35.106757,       -2.87,
 139.640000,   35.106757,       -2.97,
 139.644505,   35.106757,       -3.07,
 139.649009,   35.106757,       -3.16,
 139.653514,   35.106757,       -3.18,
 139.658018,   35.106757,       -3.21,
 139.662523,   35.106757,       -3.21,
 139.667027,   35.106757,       -3.19,
 139.671532,   35.106757,       -3.13,
 139.676036,   35.106757,       -2.88,
 139.680541,   35.106757,       -2.60,
 139.685045,   35.106757,       -2.51,
 139.689550,   35.106757,       -2.67,
 139.694054,   35.106757,       -2.81,
 139.698559,   35.106757,       -2.87,
 139.703063,   35.106757,       -2.90,
 139.707568,   35.106757,       -2.93,
 139.712072,   35.106757,       -3.02,
 139.716577,   35.106757,       -3.11,
 139.721081,   35.106757,       -3.17,
 139.725586,   35.106757,       -3.34,
 139.730090,   35.106757,       -3.57,
 139.734595,   35.106757,       -3.81,
 139.739099,   35.106757,       -4.14,
 139.743604,   35.106757,       -4.58,
 139.748108,   35.106757,       -5.05,
 139.752613,   35.106757,       -5.47,
 139.757117,   35.106757,       -5.83,
 139.761622,   35.106757,       -6.15,
 139.766126,   35.106757,       -6.43,
 139.770631,   35.106757,       -6.39,
 139.775135,   35.106757,       -6.26,
 139.779640,   35.106757,       -6.13,
 139.784144,   35.106757,       -5.89,
 139.788649,   35.106757,       -5.50,
 139.793153,   35.106757,       -5.14,
 139.797658,   35.106757,       -4.92,
 139.802162,   35.106757,       -4.70,
 139.806667,   35.106757,       -4.43,
 139.811171,   35.106757,       -4.26,
 139.815676,   35.106757,       -4.65,
 139.820180,   35.106757,       -6.01,
 139.824685,   35.106757,       -8.28,
 139.829189,   35.106757,      -10.66,
 139.833694,   35.106757,      -13.44,
 139.838198,   35.106757,      -16.29,
 139.842703,   35.106757,      -16.77,
 139.847207,   35.106757,      -16.62,
 139.851712,   35.106757,      -16.15,
 139.856216,   35.106757,      -15.67,
 139.860721,   35.106757,      -15.28,
 139.865225,   35.106757,      -14.96,
 139.869730,   35.106757,      -14.69,
 139.874234,   35.106757,      -14.45,
 139.878739,   35.106757,      -14.26,
 139.883243,   35.106757,      -14.09,
 139.887748,   35.106757,      -13.94,
 139.892252,   35.106757,      -13.83,
 139.896757,   35.106757,      -13.74,
 139.901261,   35.106757,      -13.68,
 139.905766,   35.106757,      -13.63,
 139.910270,   35.106757,      -13.61,
 139.914775,   35.106757,      -13.60,
 139.919279,   35.106757,      -13.60,
 139.923784,   35.106757,      -13.61,
 139.928288,   35.106757,      -13.64,
 139.932793,   35.106757,      -13.68,
 139.937297,   35.106757,      -13.73,
 139.941802,   35.106757,      -13.78,
 139.946306,   35.106757,      -13.85,
 139.950811,   35.106757,      -13.92,
 139.955315,   35.106757,      -14.00,
 139.959820,   35.106757,      -14.09,
 139.964324,   35.106757,      -14.18,
 139.968829,   35.106757,      -14.28,
 139.973333,   35.106757,      -14.39,
 139.977838,   35.106757,      -14.50,
 139.982342,   35.106757,      -14.61,
 139.986847,   35.106757,      -14.73,
 139.991351,   35.106757,      -14.85,
 139.995856,   35.106757,      -14.98,
 140.000360,   35.106757,      -15.11,
 140.004865,   35.106757,      -15.25,
 140.009369,   35.106757,      -15.40,
 140.013874,   35.106757,      -15.55,
 140.018378,   35.106757,      -15.71,
 140.022883,   35.106757,      -15.87,
 140.027387,   35.106757,      -16.05,
 140.031892,   35.106757,      -16.22,
 140.036396,   35.106757,      -16.41,
 140.040901,   35.106757,      -16.60,
 140.045405,   35.106757,      -16.80,
 140.049910,   35.106757,      -17.01,
 140.054414,   35.106757,      -17.23,
 140.058919,   35.106757,      -17.46,
 140.063423,   35.106757,      -17.69,
 140.067928,   35.106757,      -17.93,
 140.072432,   35.106757,      -18.18,
 140.076937,   35.106757,      -18.43,
 140.081441,   35.106757,      -18.68,
 140.085946,   35.106757,      -18.92,
 140.090450,   35.106757,      -19.16,
 140.094955,   35.106757,      -19.39,
 140.099459,   35.106757,      -19.60,
 140.103964,   35.106757,      -19.73,
 140.108468,   35.106757,      -19.57,
 140.112973,   35.106757,      -20.22,
 140.117477,   35.106757,      -20.65,
 140.121982,   35.106757,      -20.86,
 140.126486,   35.106757,      -21.01,
 140.130991,   35.106757,      -21.15,
 140.135495,   35.106757,      -21.18,
 140.140000,   35.106757,      -21.08,
 140.144505,   35.106757,      -20.93,
 140.149009,   35.106757,      -20.87,
 140.153514,   35.106757,      -20.69,
 140.158018,   35.106757,      -20.61,
 140.162523,   35.106757,      -20.62,
 140.167027,   35.106757,      -20.47,
 140.171532,   35.106757,      -20.41,
 140.176036,   35.106757,      -20.40,
 140.180541,   35.106757,      -20.39,
 140.185045,   35.106757,      -20.47,
 140.189550,   35.106757,      -20.55,
 140.194054,   35.106757,      -20.59,
 140.198559,   35.106757,      -20.71,
 140.203063,   35.106757,      -20.77,
 140.207568,   35.106757,      -20.71,
 140.212072,   35.106757,      -20.68,
 140.216577,   35.106757,      -20.77,
 140.221081,   35.106757,      -20.71,
 140.225586,   35.106757,      -20.67,
 140.230090,   35.106757,      -20.64,
 140.234595,   35.106757,      -20.64,
 140.239099,   35.106757,      -20.68,
 140.243604,   35.106757,      -20.62,
 140.248108,   35.106757,      -20.49,
 140.252613,   35.106757,      -20.41,
 140.257117,   35.106757,      -20.31,
 140.261622,   35.106757,      -20.21,
 140.266126,   35.106757,      -20.12,
 140.270631,   35.106757,      -20.03,
 140.275135,   35.106757,      -19.94,
 140.279640,   35.106757,      -19.89,
 140.284144,   35.106757,      -19.83,
 140.288649,   35.106757,      -19.77,
 140.293153,   35.106757,      -19.74,
 140.297658,   35.106757,      -19.69,
 140.302162,   35.106757,      -19.65,
 140.306667,   35.106757,      -19.63,
 140.311171,   35.106757,      -19.58,
 140.315676,   35.106757,      -19.56,
 140.320180,   35.106757,      -19.56,
 140.324685,   35.106757,      -19.59,
 140.329189,   35.106757,      -19.68,
 140.333694,   35.106757,      -19.74,
 140.338198,   35.106757,      -19.78,
 140.342703,   35.106757,      -19.81,
 140.347207,   35.106757,      -19.83,
 140.351712,   35.106757,      -19.79,
 140.356216,   35.106757,      -19.72,
 140.360721,   35.106757,      -19.49,
 140.365225,   35.106757,      -19.04,
 140.369730,   35.106757,      -18.52,
 140.374234,   35.106757,      -18.03,
 140.378739,   35.106757,      -17.57,
 140.383243,   35.106757,      -17.11,
 140.387748,   35.106757,      -16.66,
 139.140000,   35.111261,      -15.80,
 139.144505,   35.111261,      -15.68,
 139.149009,   35.111261,      -15.56,
 139.153514,   35.111261,      -15.43,
 139.158018,   35.111261,      -15.32,
 139.162523,   35.111261,      -15.22,
 139.167027,   35.111261,      -15.20,
 139.171532,   35.111261,      -15.18,
 139.176036,   35.111261,      -15.18,
 139.180541,   35.111261,      -15.19,
 139.185045,   35.111261,      -15.21,
 139.189550,   35.111261,      -15.29,
 139.194054,   35.111261,      -15.38,
 139.198559,   35.111261,      -15.49,
 139.203063,   35.111261,      -15.63,
 139.207568,   35.111261,      -15.78,
 139.212072,   35.111261,      -15.96,
 139.216577,   35.111261,      -16.15,
 139.221081,   35.111261,      -16.35,
 139.225586,   35.111261,      -16.56,
 139.230090,   35.111261,      -16.77,
 139.234595,   35.111261,      -16.97,
 139.239099,   35.111261,      -17.17,
 139.243604,   35.111261,      -17.37,
 139.248108,   35.111261,      -17.56,
 139.252613,   35.111261,      -17.74,
 139.257117,   35.111261,      -17.91,
 139.261622,   35.111261,      -18.07,
 139.266126,   35.111261,      -18.20,
 139.270631,   35.111261,      -18.33,
 139.275135,   35.111261,      -18.44,
 139.279640,   35.111261,      -18.55,
 139.284144,   35.111261,      -18.65,
 139.288649,   35.111261,      -18.74,
 139.293153,   35.111261,      -18.82,
 139.297658,   35.111261,      -18.89,
 139.302162,   35.111261,      -18.94,
 139.306667,   35.111261,      -18.98,
 139.311171,   35.111261,      -19.01,
 139.315676,   35.111261,      -19.03,
 139.320180,   35.111261,      -19.04,
 139.324685,   35.111261,      -19.05,
 139.329189,   35.111261,      -19.05,
 139.333694,   35.111261,      -19.05,
 139.338198,   35.111261,      -19.05,
 139.342703,   35.111261,      -19.02,
 139.347207,   35.111261,      -18.95,
 139.351712,   35.111261,      -18.87,
 139.356216,   35.111261,      -18.80,
 139.360721,   35.111261,      -18.73,
 139.365225,   35.111261,      -18.66,
 139.369730,   35.111261,      -18.59,
 139.374234,   35.111261,      -18.50,
 139.378739,   35.111261,      -18.41,
 139.383243,   35.111261,      -18.30,
 139.387748,   35.111261,      -18.20,
 139.392252,   35.111261,      -18.01,
 139.396757,   35.111261,      -17.76,
 139.401261,   35.111261,      -17.48,
 139.405766,   35.111261,      -17.20,
 139.410270,   35.111261,      -16.92,
 139.414775,   35.111261,      -16.63,
 139.419279,   35.111261,      -16.34,
 139.423784,   35.111261,      -16.04,
 139.428288,   35.111261,      -15.55,
 139.432793,   35.111261,      -15.01,
 139.437297,   35.111261,      -14.47,
 139.441802,   35.111261,      -13.94,
 139.446306,   35.111261,      -13.42,
 139.450811,   35.111261,      -12.90,
 139.455315,   35.111261,      -12.43,
 139.459820,   35.111261,      -12.04,
 139.464324,   35.111261,      -11.74,
 139.468829,   35.111261,      -11.45,
 139.473333,   35.111261,      -11.17,
 139.477838,   35.111261,      -10.89,
 139.482342,   35.111261,      -10.61,
 139.486847,   35.111261,      -10.36,
 139.491351,   35.111261,      -10.16,
 139.495856,   35.111261,       -9.99,
 139.500360,   35.111261,       -9.83,
 139.504865,   35.111261,       -9.68,
 139.509369,   35.111261,       -9.52,
 139.513874,   35.111261,       -9.36,
 139.518378,   35.111261,       -9.19,
 139.522883,   35.111261,       -9.03,
 139.527387,   35.111261,       -8.88,
 139.531892,   35.111261,       -8.74,
 139.536396,   35.111261,       -8.58,
 139.540901,   35.111261,       -8.43,
 139.545405,   35.111261,       -7.97,
 139.549910,   35.111261,       -7.32,
 139.554414,   35.111261,       -6.67,
 139.558919,   35.111261,       -6.02,
 139.563423,   35.111261,       -5.32,
 139.567928,   35.111261,       -4.60,
 139.572432,   35.111261,       -3.88,
 139.576937,   35.111261,       -3.44,
 139.581441,   35.111261,       -3.11,
 139.585946,   35.111261,       -2.83,
 139.590450,   35.111261,       -2.64,
 139.594955,   35.111261,       -2.41,
 139.599459,   35.111261,       -2.05,
 139.603964,   35.111261,       -1.81,
 139.608468,   35.111261,       -1.72,
 139.612973,   35.111261,       -1.68,
 139.617477,   35.111261,       -1.87,
 139.621982,   35.111261,       -2.13,
 139.626486,   35.111261,       -2.09,
 139.630991,   35.111261,       -2.05,
 139.635495,   35.111261,       -2.37,
 139.640000,   35.111261,       -2.86,
 139.644505,   35.111261,       -3.00,
 139.649009,   35.111261,       -3.09,
 139.653514,   35.111261,       -3.18,
 139.658018,   35.111261,       -3.29,
 139.662523,   35.111261,       -3.33,
 139.667027,   35.111261,       -3.32,
 139.671532,   35.111261,       -3.21,
 139.676036,   35.111261,       -2.87,
 139.680541,   35.111261,       -2.57,
 139.685045,   35.111261,       -2.72,
 139.689550,   35.111261,       -3.02,
 139.694054,   35.111261,       -3.15,
 139.698559,   35.111261,       -3.08,
 139.703063,   35.111261,       -3.09,
 139.707568,   35.111261,       -3.10,
 139.712072,   35.111261,       -3.09,
 139.716577,   35.111261,       -3.16,
 139.721081,   35.111261,       -3.19,
 139.725586,   35.111261,       -3.19,
 139.730090,   35.111261,       -3.38,
 139.734595,   35.111261,       -3.62,
 139.739099,   35.111261,       -3.94,
 139.743604,   35.111261,       -4.39,
 139.748108,   35.111261,       -4.88,
 139.752613,   35.111261,       -5.40,
 139.757117,   35.111261,       -5.80,
 139.761622,   35.111261,       -6.13,
 139.766126,   35.111261,       -6.38,
 139.770631,   35.111261,       -6.41,
 139.775135,   35.111261,       -6.31,
 139.779640,   35.111261,       -6.18,
 139.784144,   35.111261,       -5.97,
 139.788649,   35.111261,       -5.55,
 139.793153,   35.111261,       -5.17,
 139.797658,   35.111261,       -4.87,
 139.802162,   35.111261,       -4.60,
 139.806667,   35.111261,       -4.34,
 139.811171,   35.111261,       -4.39,
 139.815676,   35.111261,       -5.06,
 139.820180,   35.111261,       -5.91,
 139.824685,   35.111261,       -8.18,
 139.829189,   35.111261,      -10.61,
 139.833694,   35.111261,      -13.10,
 139.838198,   35.111261,      -15.51,
 139.842703,   35.111261,      -15.80,
 139.847207,   35.111261,      -15.76,
 139.851712,   35.111261,      -15.59,
 139.856216,   35.111261,      -15.24,
 139.860721,   35.111261,      -14.89,
 139.865225,   35.111261,      -14.59,
 139.869730,   35.111261,      -14.33,
 139.874234,   35.111261,      -14.11,
 139.878739,   35.111261,      -13.91,
 139.883243,   35.111261,      -13.74,
 139.887748,   35.111261,      -13.61,
 139.892252,   35.111261,      -13.50,
 139.896757,   35.111261,      -13.42,
 139.901261,   35.111261,      -13.36,
 139.905766,   35.111261,      -13.32,
 139.910270,   35.111261,      -13.30,
 139.914775,   35.111261,      -13.29,
 139.919279,   35.111261,      -13.30,
 139.923784,   35.111261,      -13.32,
 139.928288,   35.111261,      -13.35,
 139.932793,   35.111261,      -13.39,
 139.937297,   35.111261,      -13.44,
 139.941802,   35.111261,      -13.50,
 139.946306,   35.111261,      -13.56,
 139.950811,   35.111261,      -13.64,
 139.955315,   35.111261,      -13.72,
 139.959820,   35.111261,      -13.82,
 139.964324,   35.111261,      -13.91,
 139.968829,   35.111261,      -14.02,
 139.973333,   35.111261,      -14.13,
 139.977838,   35.111261,      -14.24,
 139.982342,   35.111261,      -14.36,
 139.986847,   35.111261,      -14.49,
 139.991351,   35.111261,      -14.62,
 139.995856,   35.111261,      -14.75,
 140.000360,   35.111261,      -14.89,
 140.004865,   35.111261,      -15.04,
 140.009369,   35.111261,      -15.19,
 140.013874,   35.111261,      -15.35,
 140.018378,   35.111261,      -15.51,
 140.022883,   35.111261,      -15.68,
 140.027387,   35.111261,      -15.86,
 140.031892,   35.111261,      -16.04,
 140.036396,   35.111261,      -16.24,
 140.040901,   35.111261,      -16.43,
 140.045405,   35.111261,      -16.64,
 140.049910,   35.111261,      -16.85,
 140.054414,   35.111261,      -17.07,
 140.058919,   35.111261,      -17.30,
 140.063423,   35.111261,      -17.54,
 140.067928,   35.111261,      -17.78,
 140.072432,   35.111261,      -18.03,
 140.076937,   35.111261,      -18.28,
 140.081441,   35.111261,      -18.54,
 140.085946,   35.111261,      -18.79,
 140.090450,   35.111261,      -19.03,
 140.094955,   35.111261,      -19.28,
 140.099459,   35.111261,      -19.52,
 140.103964,   35.111261,      -19.75,
 140.108468,   35.111261,      -20.05,
 140.112973,   35.111261,      -20.45,
 140.117477,   35.111261,      -20.65,
 140.121982,   35.111261,      -20.88,
 140.126486,   35.111261,      -21.01,
 140.130991,   35.111261,      -21.12,
 140.135495,   35.111261,      -21.20,
 140.140000,   35.111261,      -21.27,
 140.144505,   35.111261,      -21.33,
 140.149009,   35.111261,      -21.29,
 140.153514,   35.111261,      -21.29,
 140.158018,   35.111261,      -21.22,
 140.162523,   35.111261,      -21.28,
 140.167027,   35.111261,      -21.36,
 140.171532,   35.111261,      -21.30,
 140.176036,   35.111261,      -21.31,
 140.180541,   35.111261,      -21.36,
 140.185045,   35.111261,      -21.40,
 140.189550,   35.111261,      -21.46,
 140.194054,   35.111261,      -21.52,
 140.198559,   35.111261,      -21.66,
 140.203063,   35.111261,      -21.84,
 140.207568,   35.111261,      -21.80,
 140.212072,   35.111261,      -21.66,
 140.216577,   35.111261,      -21.51,
 140.221081,   35.111261,      -21.42,
 140.225586,   35.111261,      -21.34,
 140.230090,   35.111261,      -21.34,
 140.234595,   35.111261,      -21.28,
 140.239099,   35.111261,      -21.15,
 140.243604,   35.111261,      -21.07,
 140.248108,   35.111261,      -20.97,
 140.252613,   35.111261,      -20.87,
 140.257117,   35.111261,      -20.86,
 140.261622,   35.111261,      -20.71,
 140.266126,   35.111261,      -20.61,
 140.270631,   35.111261,      -20.57,
 140.275135,   35.111261,      -20.46,
 140.279640,   35.111261,      -20.39,
 140.284144,   35.111261,      -20.29,
 140.288649,   35.111261,      -20.23,
 140.293153,   35.111261,      -20.17,
 140.297658,   35.111261,      -20.11,
 140.302162,   35.111261,      -20.08,
 140.306667,   35.111261,      -20.01,
 140.311171,   35.111261,      -19.95,
 140.315676,   35.111261,      -19.92,
 140.320180,   35.111261,      -19.88,
 140.324685,   35.111261,      -19.88,
 140.329189,   35.111261,      -19.91,
 140.333694,   35.111261,      -19.96,
 140.338198,   35.111261,      -19.99,
 140.342703,   35.111261,      -20.01,
 140.347207,   35.111261,      -20.04,
 140.351712,   35.111261,      -19.99,
 140.356216,   35.111261,      -19.93,
 140.360721,   35.111261,      -19.89,
 140.365225,   35.111261,      -19.38,
 140.369730,   35.111261,      -18.85,
 140.374234,   35.111261,      -18.35,
 140.378739,   35.111261,      -17.89,
 140.383243,   35.111261,      -17.44,
 140.387748,   35.111261,      -16.98,
 139.140000,   35.115766,      -15.67,
 139.144505,   35.115766,      -15.50,
 139.149009,   35.115766,      -15.36,
 139.153514,   35.115766,      -15.26,
 139.158018,   35.115766,      -15.18,
 139.162523,   35.115766,      -15.09,
 139.167027,   35.115766,      -15.03,
 139.171532,   35.115766,      -15.01,
 139.176036,   35.115766,      -15.01,
 139.180541,   35.115766,      -15.04,
 139.185045,   35.115766,      -15.11,
 139.189550,   35.115766,      -15.21,
 139.194054,   35.115766,      -15.34,
 139.198559,   35.115766,      -15.48,
 139.203063,   35.115766,      -15.64,
 139.207568,   35.115766,      -15.80,
 139.212072,   35.115766,      -15.98,
 139.216577,   35.115766,      -16.17,
 139.221081,   35.115766,      -16.35,
 139.225586,   35.115766,      -16.54,
 139.230090,   35.115766,      -16.74,
 139.234595,   35.115766,      -16.95,
 139.239099,   35.115766,      -17.14,
 139.243604,   35.115766,      -17.34,
 139.248108,   35.115766,      -17.53,
 139.252613,   35.115766,      -17.72,
 139.257117,   35.115766,      -17.89,
 139.261622,   35.115766,      -18.05,
 139.266126,   35.115766,      -18.17,
 139.270631,   35.115766,      -18.28,
 139.275135,   35.115766,      -18.39,
 139.279640,   35.115766,      -18.49,
 139.284144,   35.115766,      -18.58,
 139.288649,   35.115766,      -18.67,
 139.293153,   35.115766,      -18.75,
 139.297658,   35.115766,      -18.82,
 139.302162,   35.115766,      -18.88,
 139.306667,   35.115766,      -18.92,
 139.311171,   35.115766,      -18.94,
 139.315676,   35.115766,      -18.94,
 139.320180,   35.115766,      -18.95,
 139.324685,   35.115766,      -18.95,
 139.329189,   35.115766,      -18.95,
 139.333694,   35.115766,      -18.95,
 139.338198,   35.115766,      -18.93,
 139.342703,   35.115766,      -18.88,
 139.347207,   35.115766,      -18.81,
 139.351712,   35.115766,      -18.73,
 139.356216,   35.115766,      -18.64,
 139.360721,   35.115766,      -18.57,
 139.365225,   35.115766,      -18.49,
 139.369730,   35.115766,      -18.41,
 139.374234,   35.115766,      -18.32,
 139.378739,   35.115766,      -18.23,
 139.383243,   35.115766,      -18.13,
 139.387748,   35.115766,      -18.01,
 139.392252,   35.115766,      -17.84,
 139.396757,   35.115766,      -17.62,
 139.401261,   35.115766,      -17.36,
 139.405766,   35.115766,      -17.08,
 139.410270,   35.115766,      -16.79,
 139.414775,   35.115766,      -16.50,
 139.419279,   35.115766,      -16.20,
 139.423784,   35.115766,      -15.89,
 139.428288,   35.115766,      -15.44,
 139.432793,   35.115766,      -14.91,
 139.437297,   35.115766,      -14.38,
 139.441802,   35.115766,      -13.85,
 139.446306,   35.115766,      -13.33,
 139.450811,   35.115766,      -12.82,
 139.455315,   35.115766,      -12.32,
 139.459820,   35.115766,      -11.92,
 139.464324,   35.115766,      -11.63,
 139.468829,   35.115766,      -11.35,
 139.473333,   35.115766,      -11.08,
 139.477838,   35.115766,      -10.80,
 139.482342,   35.115766,      -10.53,
 139.486847,   35.115766,      -10.29,
 139.491351,   35.115766,      -10.09,
 139.495856,   35.115766,       -9.92,
 139.500360,   35.115766,       -9.78,
 139.504865,   35.115766,       -9.63,
 139.509369,   35.115766,       -9.48,
 139.513874,   35.115766,       -9.33,
 139.518378,   35.115766,       -9.17,
 139.522883,   35.115766,       -9.03,
 139.527387,   35.115766,       -8.89,
 139.531892,   35.115766,       -8.74,
 139.536396,   35.115766,       -8.58,
 139.540901,   35.115766,       -8.38,
 139.545405,   35.115766,       -7.79,
 139.549910,   35.115766,       -7.13,
 139.554414,   35.115766,       -6.44,
 139.558919,   35.115766,       -5.73,
 139.563423,   35.115766,       -5.03,
 139.567928,   35.115766,       -4.38,
 139.572432,   35.115766,       -3.76,
 139.576937,   35.115766,       -3.33,
 139.581441,   35.115766,       -3.01,
 139.585946,   35.115766,       -2.80,
 139.590450,   35.115766,       -2.67,
 139.594955,   35.115766,       -2.41,
 139.599459,   35.115766,       -1.92,
 139.603964,   35.115766,       -1.50,
 139.608468,   35.115766,       -1.38,
 139.612973,   35.115766,       -1.33,
 139.617477,   35.115766,       -1.24,
 139.621982,   35.115766,       -1.35,
 139.626486,   35.115766,       -1.25,
 139.630991,   35.115766,       -1.09,
 139.635495,   35.115766,       -1.99,
 139.640000,   35.115766,       -2.67,
 139.644505,   35.115766,       -2.93,
 139.649009,   35.115766,       -3.01,
 139.653514,   35.115766,       -3.09,
 139.658018,   35.115766,       -3.23,
 139.662523,   35.115766,       -3.37,
 139.667027,   35.115766,       -3.34,
 139.671532,   35.115766,       -3.12,
 139.676036,   35.115766,       -2.81,
 139.680541,   35.115766,       -2.81,
 139.685045,   35.115766,       -3.33,
 139.689550,   35.115766,       -3.77,
 139.694054,   35.115766,       -3.78,
 139.698559,   35.115766,       -3.54,
 139.703063,   35.115766,       -3.37,
 139.707568,   35.115766,       -3.36,
 139.712072,   35.115766,       -3.31,
 139.716577,   35.115766,       -3.30,
 139.721081,   35.115766,       -3.29,
 139.725586,   35.115766,       -3.18,
 139.730090,   35.115766,       -3.17,
 139.734595,   35.115766,       -3.44,
 139.739099,   35.115766,       -3.78,
 139.743604,   35.115766,       -4.17,
 139.748108,   35.115766,       -4.69,
 139.752613,   35.115766,       -5.28,
 139.757117,   35.115766,       -5.81,
 139.761622,   35.115766,       -6.12,
 139.766126,   35.115766,       -6.30,
 139.770631,   35.115766,       -6.39,
 139.775135,   35.115766,       -6.36,
 139.779640,   35.115766,       -6.16,
 139.784144,   35.115766,       -5.87,
 139.788649,   35.115766,       -5.52,
 139.793153,   35.115766,       -5.15,
 139.797658,   35.115766,       -4.79,
 139.802162,   35.115766,       -4.49,
 139.806667,   35.115766,       -4.32,
 139.811171,   35.115766,       -4.64,
 139.815676,   35.115766,       -5.20,
 139.820180,   35.115766,       -6.27,
 139.824685,   35.115766,       -8.45,
 139.829189,   35.115766,      -10.62,
 139.833694,   35.115766,      -12.68,
 139.838198,   35.115766,      -14.66,
 139.842703,   35.115766,      -14.91,
 139.847207,   35.115766,      -14.94,
 139.851712,   35.115766,      -14.89,
 139.856216,   35.115766,      -14.71,
 139.860721,   35.115766,      -14.44,
 139.865225,   35.115766,      -14.18,
 139.869730,   35.115766,      -13.94,
 139.874234,   35.115766,      -13.73,
 139.878739,   35.115766,      -13.54,
 139.883243,   35.115766,      -13.38,
 139.887748,   35.115766,      -13.26,
 139.892252,   35.115766,      -13.16,
 139.896757,   35.115766,      -13.08,
 139.901261,   35.115766,      -13.03,
 139.905766,   35.115766,      -12.99,
 139.910270,   35.115766,      -12.98,
 139.914775,   35.115766,      -12.97,
 139.919279,   35.115766,      -12.98,
 139.923784,   35.115766,      -13.00,
 139.928288,   35.115766,      -13.04,
 139.932793,   35.115766,      -13.08,
 139.937297,   35.115766,      -13.14,
 139.941802,   35.115766,      -13.20,
 139.946306,   35.115766,      -13.27,
 139.950811,   35.115766,      -13.35,
 139.955315,   35.115766,      -13.44,
 139.959820,   35.115766,      -13.54,
 139.964324,   35.115766,      -13.64,
 139.968829,   35.115766,      -13.75,
 139.973333,   35.115766,      -13.86,
 139.977838,   35.115766,      -13.99,
 139.982342,   35.115766,      -14.11,
 139.986847,   35.115766,      -14.24,
 139.991351,   35.115766,      -14.38,
 139.995856,   35.115766,      -14.52,
 140.000360,   35.115766,      -14.67,
 140.004865,   35.115766,      -14.82,
 140.009369,   35.115766,      -14.98,
 140.013874,   35.115766,      -15.15,
 140.018378,   35.115766,      -15.32,
 140.022883,   35.115766,      -15.49,
 140.027387,   35.115766,      -15.68,
 140.031892,   35.115766,      -15.87,
 140.036396,   35.115766,      -16.06,
 140.040901,   35.115766,      -16.27,
 140.045405,   35.115766,      -16.48,
 140.049910,   35.115766,      -16.69,
 140.054414,   35.115766,      -16.92,
 140.058919,   35.115766,      -17.15,
 140.063423,   35.115766,      -17.39,
 140.067928,   35.115766,      -17.64,
 140.072432,   35.115766,      -17.89,
 140.076937,   35.115766,      -18.14,
 140.081441,   35.115766,      -18.40,
 140.085946,   35.115766,      -18.65,
 140.090450,   35.115766,      -18.91,
 140.094955,   35.115766,      -19.16,
 140.099459,   35.115766,      -19.41,
 140.103964,   35.115766,      -19.66,
 140.108468,   35.115766,      -19.94,
 140.112973,   35.115766,      -20.34,
 140.117477,   35.115766,      -20.60,
 140.121982,   35.115766,      -20.79,
 140.126486,   35.115766,      -20.95,
 140.130991,   35.115766,      -21.10,
 140.135495,   35.115766,      -21.24,
 140.140000,   35.115766,      -21.39,
 140.144505,   35.115766,      -21.53,
 140.149009,   35.115766,      -21.55,
 140.153514,   35.115766,      -21.53,
 140.158018,   35.115766,      -21.52,
 140.162523,   35.115766,      -21.65,
 140.167027,   35.115766,      -21.86,
 140.171532,   35.115766,      -21.95,
 140.176036,   35.115766,      -22.01,
 140.180541,   35.115766,      -22.09,
 140.185045,   35.115766,      -22.13,
 140.189550,   35.115766,      -22.15,
 140.194054,   35.115766,      -22.28,
 140.198559,   35.115766,      -22.52,
 140.203063,   35.115766,      -22.81,
 140.207568,   35.115766,      -22.89,
 140.212072,   35.115766,      -22.62,
 140.216577,   35.115766,      -22.37,
 140.221081,   35.115766,      -22.26,
 140.225586,   35.115766,      -22.23,
 140.230090,   35.115766,      -22.21,
 140.234595,   35.115766,      -21.96,
 140.239099,   35.115766,      -21.61,
 140.243604,   35.115766,      -21.45,
 140.248108,   35.115766,      -21.23,
 140.252613,   35.115766,      -21.11,
 140.257117,   35.115766,      -21.03,
 140.261622,   35.115766,      -20.94,
 140.266126,   35.115766,      -20.85,
 140.270631,   35.115766,      -20.80,
 140.275135,   35.115766,      -20.80,
 140.279640,   35.115766,      -20.67,
 140.284144,   35.115766,      -20.59,
 140.288649,   35.115766,      -20.51,
 140.293153,   35.115766,      -20.44,
 140.297658,   35.115766,      -20.38,
 140.302162,   35.115766,      -20.32,
 140.306667,   35.115766,      -20.27,
 140.311171,   35.115766,      -20.21,
 140.315676,   35.115766,      -20.15,
 140.320180,   35.115766,      -20.11,
 140.324685,   35.115766,      -20.11,
 140.329189,   35.115766,      -20.13,
 140.333694,   35.115766,      -20.15,
 140.338198,   35.115766,      -20.14,
 140.342703,   35.115766,      -20.15,
 140.347207,   35.115766,      -20.14,
 140.351712,   35.115766,      -20.12,
 140.356216,   35.115766,      -20.06,
 140.360721,   35.115766,      -19.98,
 140.365225,   35.115766,      -19.67,
 140.369730,   35.115766,      -19.16,
 140.374234,   35.115766,      -18.66,
 140.378739,   35.115766,      -18.19,
 140.383243,   35.115766,      -17.67,
 140.387748,   35.115766,      -17.16,
 139.140000,   35.120270,      -15.51,
 139.144505,   35.120270,      -15.29,
 139.149009,   35.120270,      -15.11,
 139.153514,   35.120270,      -14.96,
 139.158018,   35.120270,      -14.84,
 139.162523,   35.120270,      -14.81,
 139.167027,   35.120270,      -14.78,
 139.171532,   35.120270,      -14.76,
 139.176036,   35.120270,      -14.76,
 139.180541,   35.120270,      -14.79,
 139.185045,   35.120270,      -14.91,
 139.189550,   35.120270,      -15.08,
 139.194054,   35.120270,      -15.25,
 139.198559,   35.120270,      -15.43,
 139.203063,   35.120270,      -15.63,
 139.207568,   35.120270,      -15.81,
 139.212072,   35.120270,      -16.00,
 139.216577,   35.120270,      -16.18,
 139.221081,   35.120270,      -16.37,
 139.225586,   35.120270,      -16.55,
 139.230090,   35.120270,      -16.74,
 139.234595,   35.120270,      -16.93,
 139.239099,   35.120270,      -17.13,
 139.243604,   35.120270,      -17.32,
 139.248108,   35.120270,      -17.51,
 139.252613,   35.120270,      -17.69,
 139.257117,   35.120270,      -17.87,
 139.261622,   35.120270,      -18.03,
 139.266126,   35.120270,      -18.14,
 139.270631,   35.120270,      -18.24,
 139.275135,   35.120270,      -18.34,
 139.279640,   35.120270,      -18.43,
 139.284144,   35.120270,      -18.52,
 139.288649,   35.120270,      -18.60,
 139.293153,   35.120270,      -18.67,
 139.297658,   35.120270,      -18.75,
 139.302162,   35.120270,      -18.81,
 139.306667,   35.120270,      -18.86,
 139.311171,   35.120270,      -18.88,
 139.315676,   35.120270,      -18.87,
 139.320180,   35.120270,      -18.87,
 139.324685,   35.120270,      -18.86,
 139.329189,   35.120270,      -18.85,
 139.333694,   35.120270,      -18.84,
 139.338198,   35.120270,      -18.81,
 139.342703,   35.120270,      -18.76,
 139.347207,   35.120270,      -18.68,
 139.351712,   35.120270,      -18.59,
 139.356216,   35.120270,      -18.50,
 139.360721,   35.120270,      -18.42,
 139.365225,   35.120270,      -18.33,
 139.369730,   35.120270,      -18.25,
 139.374234,   35.120270,      -18.16,
 139.378739,   35.120270,      -18.06,
 139.383243,   35.120270,      -17.96,
 139.387748,   35.120270,      -17.83,
 139.392252,   35.120270,      -17.68,
 139.396757,   35.120270,      -17.49,
 139.401261,   35.120270,      -17.25,
 139.405766,   35.120270,      -16.97,
 139.410270,   35.120270,      -16.66,
 139.414775,   35.120270,      -16.36,
 139.419279,   35.120270,      -16.04,
 139.423784,   35.120270,      -15.69,
 139.428288,   35.120270,      -15.27,
 139.432793,   35.120270,      -14.79,
 139.437297,   35.120270,      -14.27,
 139.441802,   35.120270,      -13.75,
 139.446306,   35.120270,      -13.24,
 139.450811,   35.120270,      -12.73,
 139.455315,   35.120270,      -12.23,
 139.459820,   35.120270,      -11.79,
 139.464324,   35.120270,      -11.52,
 139.468829,   35.120270,      -11.25,
 139.473333,   35.120270,      -10.98,
 139.477838,   35.120270,      -10.72,
 139.482342,   35.120270,      -10.46,
 139.486847,   35.120270,      -10.22,
 139.491351,   35.120270,      -10.01,
 139.495856,   35.120270,       -9.85,
 139.500360,   35.120270,       -9.72,
 139.504865,   35.120270,       -9.58,
 139.509369,   35.120270,       -9.45,
 139.513874,   35.120270,       -9.31,
 139.518378,   35.120270,       -9.17,
 139.522883,   35.120270,       -9.04,
 139.527387,   35.120270,       -8.90,
 139.531892,   35.120270,       -8.75,
 139.536396,   35.120270,       -8.56,
 139.540901,   35.120270,       -8.24,
 139.545405,   35.120270,       -7.62,
 139.549910,   35.120270,       -6.95,
 139.554414,   35.120270,       -6.24,
 139.558919,   35.120270,       -5.51,
 139.563423,   35.120270,       -4.84,
 139.567928,   35.120270,       -4.26,
 139.572432,   35.120270,       -3.70,
 139.576937,   35.120270,       -3.24,
 139.581441,   35.120270,       -2.95,
 139.585946,   35.120270,       -2.73,
 139.590450,   35.120270,       -2.55,
 139.594955,   35.120270,       -2.17,
 139.599459,   35.120270,       -1.71,
 139.603964,   35.120270,       -1.38,
 139.608468,   35.120270,       -1.37,
 139.612973,   35.120270,       -1.31,
 139.617477,   35.120270,       -1.31,
 139.621982,   35.120270,       -1.42,
 139.626486,   35.120270,       -1.41,
 139.630991,   35.120270,       -1.61,
 139.635495,   35.120270,       -2.25,
 139.640000,   35.120270,       -2.87,
 139.644505,   35.120270,       -2.95,
 139.649009,   35.120270,       -3.00,
 139.653514,   35.120270,       -2.99,
 139.658018,   35.120270,       -3.08,
 139.662523,   35.120270,       -3.28,
 139.667027,   35.120270,       -3.30,
 139.671532,   35.120270,       -3.03,
 139.676036,   35.120270,       -2.76,
 139.680541,   35.120270,       -3.21,
 139.685045,   35.120270,       -3.83,
 139.689550,   35.120270,       -4.45,
 139.694054,   35.120270,       -4.24,
 139.698559,   35.120270,       -3.93,
 139.703063,   35.120270,       -3.69,
 139.707568,   35.120270,       -3.59,
 139.712072,   35.120270,       -3.54,
 139.716577,   35.120270,       -3.49,
 139.721081,   35.120270,       -3.42,
 139.725586,   35.120270,       -3.30,
 139.730090,   35.120270,       -3.12,
 139.734595,   35.120270,       -3.28,
 139.739099,   35.120270,       -3.63,
 139.743604,   35.120270,       -3.99,
 139.748108,   35.120270,       -4.56,
 139.752613,   35.120270,       -5.17,
 139.757117,   35.120270,       -5.76,
 139.761622,   35.120270,       -6.13,
 139.766126,   35.120270,       -6.28,
 139.770631,   35.120270,       -6.38,
 139.775135,   35.120270,       -6.38,
 139.779640,   35.120270,       -6.08,
 139.784144,   35.120270,       -5.77,
 139.788649,   35.120270,       -5.44,
 139.793153,   35.120270,       -5.07,
 139.797658,   35.120270,       -4.71,
 139.802162,   35.120270,       -4.39,
 139.806667,   35.120270,       -4.36,
 139.811171,   35.120270,       -4.71,
 139.815676,   35.120270,       -5.23,
 139.820180,   35.120270,       -6.41,
 139.824685,   35.120270,       -8.60,
 139.829189,   35.120270,      -10.91,
 139.833694,   35.120270,      -12.22,
 139.838198,   35.120270,      -13.84,
 139.842703,   35.120270,      -14.09,
 139.847207,   35.120270,      -14.17,
 139.851712,   35.120270,      -14.16,
 139.856216,   35.120270,      -14.09,
 139.860721,   35.120270,      -13.93,
 139.865225,   35.120270,      -13.72,
 139.869730,   35.120270,      -13.51,
 139.874234,   35.120270,      -13.32,
 139.878739,   35.120270,      -13.14,
 139.883243,   35.120270,      -13.00,
 139.887748,   35.120270,      -12.89,
 139.892252,   35.120270,      -12.80,
 139.896757,   35.120270,      -12.73,
 139.901261,   35.120270,      -12.68,
 139.905766,   35.120270,      -12.65,
 139.910270,   35.120270,      -12.64,
 139.914775,   35.120270,      -12.64,
 139.919279,   35.120270,      -12.65,
 139.923784,   35.120270,      -12.68,
 139.928288,   35.120270,      -12.72,
 139.932793,   35.120270,      -12.77,
 139.937297,   35.120270,      -12.83,
 139.941802,   35.120270,      -12.89,
 139.946306,   35.120270,      -12.97,
 139.950811,   35.120270,      -13.06,
 139.955315,   35.120270,      -13.15,
 139.959820,   35.120270,      -13.25,
 139.964324,   35.120270,      -13.36,
 139.968829,   35.120270,      -13.48,
 139.973333,   35.120270,      -13.60,
 139.977838,   35.120270,      -13.73,
 139.982342,   35.120270,      -13.87,
 139.986847,   35.120270,      -14.00,
 139.991351,   35.120270,      -14.15,
 139.995856,   35.120270,      -14.29,
 140.000360,   35.120270,      -14.45,
 140.004865,   35.120270,      -14.61,
 140.009369,   35.120270,      -14.78,
 140.013874,   35.120270,      -14.95,
 140.018378,   35.120270,      -15.12,
 140.022883,   35.120270,      -15.31,
 140.027387,   35.120270,      -15.50,
 140.031892,   35.120270,      -15.69,
 140.036396,   35.120270,      -15.89,
 140.040901,   35.120270,      -16.10,
 140.045405,   35.120270,      -16.32,
 140.049910,   35.120270,      -16.54,
 140.054414,   35.120270,      -16.77,
 140.058919,   35.120270,      -17.00,
 140.063423,   35.120270,      -17.24,
 140.067928,   35.120270,      -17.49,
 140.072432,   35.120270,      -17.74,
 140.076937,   35.120270,      -18.00,
 140.081441,   35.120270,      -18.26,
 140.085946,   35.120270,      -18.52,
 140.090450,   35.120270,      -18.78,
 140.094955,   35.120270,      -19.04,
 140.099459,   35.120270,      -19.30,
 140.103964,   35.120270,      -19.56,
 140.108468,   35.120270,      -19.84,
 140.112973,   35.120270,      -20.17,
 140.117477,   35.120270,      -20.47,
 140.121982,   35.120270,      -20.74,
 140.126486,   35.120270,      -20.97,
 140.130991,   35.120270,      -21.15,
 140.135495,   35.120270,      -21.33,
 140.140000,   35.120270,      -21.51,
 140.144505,   35.120270,      -21.69,
 140.149009,   35.120270,      -21.79,
 140.153514,   35.120270,      -21.80,
 140.158018,   35.120270,      -21.80,
 140.162523,   35.120270,      -21.95,
 140.167027,   35.120270,      -22.20,
 140.171532,   35.120270,      -22.49,
 140.176036,   35.120270,      -22.67,
 140.180541,   35.120270,      -22.56,
 140.185045,   35.120270,      -21.88,
 140.189550,   35.120270,      -21.83,
 140.194054,   35.120270,      -21.99,
 140.198559,   35.120270,      -22.17,
 140.203063,   35.120270,      -22.34,
 140.207568,   35.120270,      -22.49,
 140.212072,   35.120270,      -22.62,
 140.216577,   35.120270,      -22.76,
 140.221081,   35.120270,      -22.85,
 140.225586,   35.120270,      -22.74,
 140.230090,   35.120270,      -22.66,
 140.234595,   35.120270,      -22.34,
 140.239099,   35.120270,      -21.97,
 140.243604,   35.120270,      -21.67,
 140.248108,   35.120270,      -21.44,
 140.252613,   35.120270,      -21.29,
 140.257117,   35.120270,      -21.20,
 140.261622,   35.120270,      -21.11,
 140.266126,   35.120270,      -21.02,
 140.270631,   35.120270,      -20.93,
 140.275135,   35.120270,      -20.85,
 140.279640,   35.120270,      -20.77,
 140.284144,   35.120270,      -20.69,
 140.288649,   35.120270,      -20.63,
 140.293153,   35.120270,      -20.57,
 140.297658,   35.120270,      -20.52,
 140.302162,   35.120270,      -20.46,
 140.306667,   35.120270,      -20.43,
 140.311171,   35.120270,      -20.38,
 140.315676,   35.120270,      -20.32,
 140.320180,   35.120270,      -20.29,
 140.324685,   35.120270,      -20.29,
 140.329189,   35.120270,      -20.30,
 140.333694,   35.120270,      -20.29,
 140.338198,   35.120270,      -20.27,
 140.342703,   35.120270,      -20.25,
 140.347207,   35.120270,      -20.22,
 140.351712,   35.120270,      -20.20,
 140.356216,   35.120270,      -20.14,
 140.360721,   35.120270,      -20.06,
 140.365225,   35.120270,      -19.92,
 140.369730,   35.120270,      -19.39,
 140.374234,   35.120270,      -18.84,
 140.378739,   35.120270,      -18.31,
 140.383243,   35.120270,      -17.79,
 140.387748,   35.120270,      -17.27,
 139.140000,   35.124775,      -15.32,
 139.144505,   35.124775,      -15.05,
 139.149009,   35.124775,      -14.82,
 139.153514,   35.124775,      -14.62,
 139.158018,   35.124775,      -14.48,
 139.162523,   35.124775,      -14.46,
 139.167027,   35.124775,      -14.44,
 139.171532,   35.124775,      -14.42,
 139.176036,   35.124775,      -14.45,
 139.180541,   35.124775,      -14.53,
 139.185045,   35.124775,      -14.67,
 139.189550,   35.124775,      -14.86,
 139.194054,   35.124775,      -15.08,
 139.198559,   35.124775,      -15.31,
 139.203063,   35.124775,      -15.54,
 139.207568,   35.124775,      -15.79,
 139.212072,   35.124775,      -15.99,
 139.216577,   35.124775,      -16.19,
 139.221081,   35.124775,      -16.38,
 139.225586,   35.124775,      -16.57,
 139.230090,   35.124775,      -16.75,
 139.234595,   35.124775,      -16.93,
 139.239099,   35.124775,      -17.12,
 139.243604,   35.124775,      -17.31,
 139.248108,   35.124775,      -17.49,
 139.252613,   35.124775,      -17.67,
 139.257117,   35.124775,      -17.85,
 139.261622,   35.124775,      -18.01,
 139.266126,   35.124775,      -18.10,
 139.270631,   35.124775,      -18.19,
 139.275135,   35.124775,      -18.28,
 139.279640,   35.124775,      -18.37,
 139.284144,   35.124775,      -18.45,
 139.288649,   35.124775,      -18.53,
 139.293153,   35.124775,      -18.61,
 139.297658,   35.124775,      -18.68,
 139.302162,   35.124775,      -18.75,
 139.306667,   35.124775,      -18.81,
 139.311171,   35.124775,      -18.81,
 139.315676,   35.124775,      -18.80,
 139.320180,   35.124775,      -18.78,
 139.324685,   35.124775,      -18.76,
 139.329189,   35.124775,      -18.74,
 139.333694,   35.124775,      -18.72,
 139.338198,   35.124775,      -18.68,
 139.342703,   35.124775,      -18.63,
 139.347207,   35.124775,      -18.55,
 139.351712,   35.124775,      -18.46,
 139.356216,   35.124775,      -18.37,
 139.360721,   35.124775,      -18.28,
 139.365225,   35.124775,      -18.19,
 139.369730,   35.124775,      -18.10,
 139.374234,   35.124775,      -18.01,
 139.378739,   35.124775,      -17.90,
 139.383243,   35.124775,      -17.78,
 139.387748,   35.124775,      -17.66,
 139.392252,   35.124775,      -17.52,
 139.396757,   35.124775,      -17.35,
 139.401261,   35.124775,      -17.14,
 139.405766,   35.124775,      -16.85,
 139.410270,   35.124775,      -16.53,
 139.414775,   35.124775,      -16.20,
 139.419279,   35.124775,      -15.86,
 139.423784,   35.124775,      -15.51,
 139.428288,   35.124775,      -15.10,
 139.432793,   35.124775,      -14.64,
 139.437297,   35.124775,      -14.14,
 139.441802,   35.124775,      -13.63,
 139.446306,   35.124775,      -13.13,
 139.450811,   35.124775,      -12.63,
 139.455315,   35.124775,      -12.13,
 139.459820,   35.124775,      -11.70,
 139.464324,   35.124775,      -11.41,
 139.468829,   35.124775,      -11.15,
 139.473333,   35.124775,      -10.89,
 139.477838,   35.124775,      -10.63,
 139.482342,   35.124775,      -10.38,
 139.486847,   35.124775,      -10.13,
 139.491351,   35.124775,       -9.93,
 139.495856,   35.124775,       -9.78,
 139.500360,   35.124775,       -9.66,
 139.504865,   35.124775,       -9.54,
 139.509369,   35.124775,       -9.42,
 139.513874,   35.124775,       -9.31,
 139.518378,   35.124775,       -9.19,
 139.522883,   35.124775,       -9.05,
 139.527387,   35.124775,       -8.92,
 139.531892,   35.124775,       -8.78,
 139.536396,   35.124775,       -8.54,
 139.540901,   35.124775,       -8.10,
 139.545405,   35.124775,       -7.47,
 139.549910,   35.124775,       -6.81,
 139.554414,   35.124775,       -6.11,
 139.558919,   35.124775,       -5.41,
 139.563423,   35.124775,       -4.75,
 139.567928,   35.124775,       -4.15,
 139.572432,   35.124775,       -3.62,
 139.576937,   35.124775,       -3.21,
 139.581441,   35.124775,       -2.95,
 139.585946,   35.124775,       -2.68,
 139.590450,   35.124775,       -2.37,
 139.594955,   35.124775,       -1.93,
 139.599459,   35.124775,       -1.42,
 139.603964,   35.124775,       -1.46,
 139.608468,   35.124775,       -1.53,
 139.612973,   35.124775,       -1.54,
 139.617477,   35.124775,       -1.71,
 139.621982,   35.124775,       -1.93,
 139.626486,   35.124775,       -2.10,
 139.630991,   35.124775,       -2.40,
 139.635495,   35.124775,       -2.83,
 139.640000,   35.124775,       -2.95,
 139.644505,   35.124775,       -2.99,
 139.649009,   35.124775,       -2.97,
 139.653514,   35.124775,       -2.87,
 139.658018,   35.124775,       -2.86,
 139.662523,   35.124775,       -3.02,
 139.667027,   35.124775,       -3.11,
 139.671532,   35.124775,       -2.99,
 139.676036,   35.124775,       -3.13,
 139.680541,   35.124775,       -3.63,
 139.685045,   35.124775,       -4.17,
 139.689550,   35.124775,       -4.45,
 139.694054,   35.124775,       -4.43,
 139.698559,   35.124775,       -4.19,
 139.703063,   35.124775,       -3.99,
 139.707568,   35.124775,       -3.83,
 139.712072,   35.124775,       -3.76,
 139.716577,   35.124775,       -3.71,
 139.721081,   35.124775,       -3.65,
 139.725586,   35.124775,       -3.53,
 139.730090,   35.124775,       -3.35,
 139.734595,   35.124775,       -3.25,
 139.739099,   35.124775,       -3.49,
 139.743604,   35.124775,       -3.95,
 139.748108,   35.124775,       -4.50,
 139.752613,   35.124775,       -5.08,
 139.757117,   35.124775,       -5.66,
 139.761622,   35.124775,       -6.14,
 139.766126,   35.124775,       -6.36,
 139.770631,   35.124775,       -6.39,
 139.775135,   35.124775,       -6.26,
 139.779640,   35.124775,       -6.00,
 139.784144,   35.124775,       -5.69,
 139.788649,   35.124775,       -5.33,
 139.793153,   35.124775,       -4.94,
 139.797658,   35.124775,       -4.58,
 139.802162,   35.124775,       -4.28,
 139.806667,   35.124775,       -4.22,
 139.811171,   35.124775,       -4.46,
 139.815676,   35.124775,       -5.05,
 139.820180,   35.124775,       -6.25,
 139.824685,   35.124775,       -8.12,
 139.829189,   35.124775,      -10.34,
 139.833694,   35.124775,      -11.75,
 139.838198,   35.124775,      -13.05,
 139.842703,   35.124775,      -13.32,
 139.847207,   35.124775,      -13.43,
 139.851712,   35.124775,      -13.46,
 139.856216,   35.124775,      -13.42,
 139.860721,   35.124775,      -13.34,
 139.865225,   35.124775,      -13.20,
 139.869730,   35.124775,      -13.04,
 139.874234,   35.124775,      -12.87,
 139.878739,   35.124775,      -12.72,
 139.883243,   35.124775,      -12.60,
 139.887748,   35.124775,      -12.49,
 139.892252,   35.124775,      -12.42,
 139.896757,   35.124775,      -12.36,
 139.901261,   35.124775,      -12.32,
 139.905766,   35.124775,      -12.30,
 139.910270,   35.124775,      -12.29,
 139.914775,   35.124775,      -12.30,
 139.919279,   35.124775,      -12.31,
 139.923784,   35.124775,      -12.35,
 139.928288,   35.124775,      -12.39,
 139.932793,   35.124775,      -12.44,
 139.937297,   35.124775,      -12.51,
 139.941802,   35.124775,      -12.58,
 139.946306,   35.124775,      -12.67,
 139.950811,   35.124775,      -12.76,
 139.955315,   35.124775,      -12.86,
 139.959820,   35.124775,      -12.97,
 139.964324,   35.124775,      -13.09,
 139.968829,   35.124775,      -13.22,
 139.973333,   35.124775,      -13.35,
 139.977838,   35.124775,      -13.48,
 139.982342,   35.124775,      -13.62,
 139.986847,   35.124775,      -13.77,
 139.991351,   35.124775,      -13.92,
 139.995856,   35.124775,      -14.07,
 140.000360,   35.124775,      -14.23,
 140.004865,   35.124775,      -14.40,
 140.009369,   35.124775,      -14.57,
 140.013874,   35.124775,      -14.75,
 140.018378,   35.124775,      -14.94,
 140.022883,   35.124775,      -15.13,
 140.027387,   35.124775,      -15.32,
 140.031892,   35.124775,      -15.52,
 140.036396,   35.124775,      -15.73,
 140.040901,   35.124775,      -15.94,
 140.045405,   35.124775,      -16.16,
 140.049910,   35.124775,      -16.38,
 140.054414,   35.124775,      -16.61,
 140.058919,   35.124775,      -16.85,
 140.063423,   35.124775,      -17.09,
 140.067928,   35.124775,      -17.34,
 140.072432,   35.124775,      -17.60,
 140.076937,   35.124775,      -17.86,
 140.081441,   35.124775,      -18.12,
 140.085946,   35.124775,      -18.38,
 140.090450,   35.124775,      -18.64,
 140.094955,   35.124775,      -18.90,
 140.099459,   35.124775,      -19.17,
 140.103964,   35.124775,      -19.43,
 140.108468,   35.124775,      -19.71,
 140.112973,   35.124775,      -20.02,
 140.117477,   35.124775,      -20.33,
 140.121982,   35.124775,      -20.61,
 140.126486,   35.124775,      -20.88,
 140.130991,   35.124775,      -21.16,
 140.135495,   35.124775,      -21.41,
 140.140000,   35.124775,      -21.56,
 140.144505,   35.124775,      -21.71,
 140.149009,   35.124775,      -21.85,
 140.153514,   35.124775,      -21.99,
 140.158018,   35.124775,      -22.09,
 140.162523,   35.124775,      -22.23,
 140.167027,   35.124775,      -22.55,
 140.171532,   35.124775,      -22.77,
 140.176036,   35.124775,      -23.15,
 140.180541,   35.124775,      -22.46,
 140.185045,   35.124775,      -21.15,
 140.189550,   35.124775,      -21.10,
 140.194054,   35.124775,      -21.24,
 140.198559,   35.124775,      -21.39,
 140.203063,   35.124775,      -21.54,
 140.207568,   35.124775,      -21.69,
 140.212072,   35.124775,      -21.82,
 140.216577,   35.124775,      -21.94,
 140.221081,   35.124775,      -22.04,
 140.225586,   35.124775,      -22.10,
 140.230090,   35.124775,      -22.15,
 140.234595,   35.124775,      -22.15,
 140.239099,   35.124775,      -21.89,
 140.243604,   35.124775,      -21.66,
 140.248108,   35.124775,      -21.53,
 140.252613,   35.124775,      -21.43,
 140.257117,   35.124775,      -21.34,
 140.261622,   35.124775,      -21.23,
 140.266126,   35.124775,      -21.09,
 140.270631,   35.124775,      -20.98,
 140.275135,   35.124775,      -20.88,
 140.279640,   35.124775,      -20.81,
 140.284144,   35.124775,      -20.74,
 140.288649,   35.124775,      -20.64,
 140.293153,   35.124775,      -20.59,
 140.297658,   35.124775,      -20.55,
 140.302162,   35.124775,      -20.49,
 140.306667,   35.124775,      -20.47,
 140.311171,   35.124775,      -20.45,
 140.315676,   35.124775,      -20.41,
 140.320180,   35.124775,      -20.39,
 140.324685,   35.124775,      -20.40,
 140.329189,   35.124775,      -20.38,
 140.333694,   35.124775,      -20.37,
 140.338198,   35.124775,      -20.35,
 140.342703,   35.124775,      -20.31,
 140.347207,   35.124775,      -20.27,
 140.351712,   35.124775,      -20.23,
 140.356216,   35.124775,      -20.17,
 140.360721,   35.124775,      -20.09,
 140.365225,   35.124775,      -19.97,
 140.369730,   35.124775,      -19.50,
 140.374234,   35.124775,      -18.96,
 140.378739,   35.124775,      -18.43,
 140.383243,   35.124775,      -17.91,
 140.387748,   35.124775,      -17.40,
 139.140000,   35.129279,      -14.11,
 139.144505,   35.129279,      -14.47,
 139.149009,   35.129279,      -14.50,
 139.153514,   35.129279,      -14.26,
 139.158018,   35.129279,      -14.12,
 139.162523,   35.129279,      -14.06,
 139.167027,   35.129279,      -14.05,
 139.171532,   35.129279,      -14.07,
 139.176036,   35.129279,      -14.16,
 139.180541,   35.129279,      -14.29,
 139.185045,   35.129279,      -14.43,
 139.189550,   35.129279,      -14.60,
 139.194054,   35.129279,      -14.87,
 139.198559,   35.129279,      -15.13,
 139.203063,   35.129279,      -15.40,
 139.207568,   35.129279,      -15.68,
 139.212072,   35.129279,      -15.92,
 139.216577,   35.129279,      -16.15,
 139.221081,   35.129279,      -16.38,
 139.225586,   35.129279,      -16.58,
 139.230090,   35.129279,      -16.76,
 139.234595,   35.129279,      -16.94,
 139.239099,   35.129279,      -17.12,
 139.243604,   35.129279,      -17.30,
 139.248108,   35.129279,      -17.48,
 139.252613,   35.129279,      -17.67,
 139.257117,   35.129279,      -17.83,
 139.261622,   35.129279,      -17.96,
 139.266126,   35.129279,      -18.05,
 139.270631,   35.129279,      -18.14,
 139.275135,   35.129279,      -18.23,
 139.279640,   35.129279,      -18.31,
 139.284144,   35.129279,      -18.40,
 139.288649,   35.129279,      -18.47,
 139.293153,   35.129279,      -18.55,
 139.297658,   35.129279,      -18.62,
 139.302162,   35.129279,      -18.69,
 139.306667,   35.129279,      -18.75,
 139.311171,   35.129279,      -18.73,
 139.315676,   35.129279,      -18.71,
 139.320180,   35.129279,      -18.69,
 139.324685,   35.129279,      -18.66,
 139.329189,   35.129279,      -18.63,
 139.333694,   35.129279,      -18.60,
 139.338198,   35.129279,      -18.56,
 139.342703,   35.129279,      -18.51,
 139.347207,   35.129279,      -18.42,
 139.351712,   35.129279,      -18.33,
 139.356216,   35.129279,      -18.24,
 139.360721,   35.129279,      -18.15,
 139.365225,   35.129279,      -18.05,
 139.369730,   35.129279,      -17.96,
 139.374234,   35.129279,      -17.85,
 139.378739,   35.129279,      -17.73,
 139.383243,   35.129279,      -17.61,
 139.387748,   35.129279,      -17.49,
 139.392252,   35.129279,      -17.36,
 139.396757,   35.129279,      -17.22,
 139.401261,   35.129279,      -17.03,
 139.405766,   35.129279,      -16.72,
 139.410270,   35.129279,      -16.38,
 139.414775,   35.129279,      -16.04,
 139.419279,   35.129279,      -15.68,
 139.423784,   35.129279,      -15.33,
 139.428288,   35.129279,      -14.94,
 139.432793,   35.129279,      -14.50,
 139.437297,   35.129279,      -14.01,
 139.441802,   35.129279,      -13.51,
 139.446306,   35.129279,      -13.01,
 139.450811,   35.129279,      -12.52,
 139.455315,   35.129279,      -12.04,
 139.459820,   35.129279,      -11.62,
 139.464324,   35.129279,      -11.29,
 139.468829,   35.129279,      -11.03,
 139.473333,   35.129279,      -10.78,
 139.477838,   35.129279,      -10.53,
 139.482342,   35.129279,      -10.28,
 139.486847,   35.129279,      -10.04,
 139.491351,   35.129279,       -9.84,
 139.495856,   35.129279,       -9.73,
 139.500360,   35.129279,       -9.63,
 139.504865,   35.129279,       -9.52,
 139.509369,   35.129279,       -9.42,
 139.513874,   35.129279,       -9.32,
 139.518378,   35.129279,       -9.20,
 139.522883,   35.129279,       -9.07,
 139.527387,   35.129279,       -8.94,
 139.531892,   35.129279,       -8.81,
 139.536396,   35.129279,       -8.53,
 139.540901,   35.129279,       -7.95,
 139.545405,   35.129279,       -7.33,
 139.549910,   35.129279,       -6.69,
 139.554414,   35.129279,       -6.01,
 139.558919,   35.129279,       -5.32,
 139.563423,   35.129279,       -4.65,
 139.567928,   35.129279,       -4.03,
 139.572432,   35.129279,       -3.59,
 139.576937,   35.129279,       -3.24,
 139.581441,   35.129279,       -2.94,
 139.585946,   35.129279,       -2.67,
 139.590450,   35.129279,       -2.35,
 139.594955,   35.129279,       -1.93,
 139.599459,   35.129279,       -1.75,
 139.603964,   35.129279,       -1.79,
 139.608468,   35.129279,       -1.85,
 139.612973,   35.129279,       -1.87,
 139.617477,   35.129279,       -2.02,
 139.621982,   35.129279,       -2.27,
 139.626486,   35.129279,       -2.44,
 139.630991,   35.129279,       -2.56,
 139.635495,   35.129279,       -2.69,
 139.640000,   35.129279,       -2.78,
 139.644505,   35.129279,       -2.77,
 139.649009,   35.129279,       -2.72,
 139.653514,   35.129279,       -2.65,
 139.658018,   35.129279,       -2.61,
 139.662523,   35.129279,       -2.71,
 139.667027,   35.129279,       -2.86,
 139.671532,   35.129279,       -3.04,
 139.676036,   35.129279,       -3.42,
 139.680541,   35.129279,       -3.98,
 139.685045,   35.129279,       -4.36,
 139.689550,   35.129279,       -4.41,
 139.694054,   35.129279,       -4.46,
 139.698559,   35.129279,       -4.76,
 139.703063,   35.129279,       -4.87,
 139.707568,   35.129279,       -4.54,
 139.712072,   35.129279,       -3.97,
 139.716577,   35.129279,       -3.91,
 139.721081,   35.129279,       -3.87,
 139.725586,   35.129279,       -3.70,
 139.730090,   35.129279,       -3.45,
 139.734595,   35.129279,       -3.29,
 139.739099,   35.129279,       -3.42,
 139.743604,   35.129279,       -3.95,
 139.748108,   35.129279,       -4.48,
 139.752613,   35.129279,       -5.05,
 139.757117,   35.129279,       -5.63,
 139.761622,   35.129279,       -6.15,
 139.766126,   35.129279,       -6.46,
 139.770631,   35.129279,       -6.32,
 139.775135,   35.129279,       -6.14,
 139.779640,   35.129279,       -5.92,
 139.784144,   35.129279,       -5.61,
 139.788649,   35.129279,       -5.21,
 139.793153,   35.129279,       -4.79,
 139.797658,   35.129279,       -4.40,
 139.802162,   35.129279,       -4.17,
 139.806667,   35.129279,       -4.04,
 139.811171,   35.129279,       -4.04,
 139.815676,   35.129279,       -4.87,
 139.820180,   35.129279,       -6.05,
 139.824685,   35.129279,       -7.41,
 139.829189,   35.129279,       -9.25,
 139.833694,   35.129279,      -10.99,
 139.838198,   35.129279,      -12.30,
 139.842703,   35.129279,      -12.59,
 139.847207,   35.129279,      -12.72,
 139.851712,   35.129279,      -12.77,
 139.856216,   35.129279,      -12.76,
 139.860721,   35.129279,      -12.72,
 139.865225,   35.129279,      -12.64,
 139.869730,   35.129279,      -12.52,
 139.874234,   35.129279,      -12.40,
 139.878739,   35.129279,      -12.27,
 139.883243,   35.129279,      -12.17,
 139.887748,   35.129279,      -12.08,
 139.892252,   35.129279,      -12.02,
 139.896757,   35.129279,      -11.97,
 139.901261,   35.129279,      -11.94,
 139.905766,   35.129279,      -11.93,
 139.910270,   35.129279,      -11.93,
 139.914775,   35.129279,      -11.94,
 139.919279,   35.129279,      -11.96,
 139.923784,   35.129279,      -12.00,
 139.928288,   35.129279,      -12.05,
 139.932793,   35.129279,      -12.11,
 139.937297,   35.129279,      -12.18,
 139.941802,   35.129279,      -12.27,
 139.946306,   35.129279,      -12.36,
 139.950811,   35.129279,      -12.46,
 139.955315,   35.129279,      -12.57,
 139.959820,   35.129279,      -12.69,
 139.964324,   35.129279,      -12.82,
 139.968829,   35.129279,      -12.95,
 139.973333,   35.129279,      -13.09,
 139.977838,   35.129279,      -13.23,
 139.982342,   35.129279,      -13.38,
 139.986847,   35.129279,      -13.53,
 139.991351,   35.129279,      -13.69,
 139.995856,   35.129279,      -13.85,
 140.000360,   35.129279,      -14.02,
 140.004865,   35.129279,      -14.20,
 140.009369,   35.129279,      -14.38,
 140.013874,   35.129279,      -14.56,
 140.018378,   35.129279,      -14.75,
 140.022883,   35.129279,      -14.94,
 140.027387,   35.129279,      -15.14,
 140.031892,   35.129279,      -15.35,
 140.036396,   35.129279,      -15.56,
 140.040901,   35.129279,      -15.77,
 140.045405,   35.129279,      -15.99,
 140.049910,   35.129279,      -16.22,
 140.054414,   35.129279,      -16.46,
 140.058919,   35.129279,      -16.70,
 140.063423,   35.129279,      -16.94,
 140.067928,   35.129279,      -17.19,
 140.072432,   35.129279,      -17.44,
 140.076937,   35.129279,      -17.70,
 140.081441,   35.129279,      -17.97,
 140.085946,   35.129279,      -18.23,
 140.090450,   35.129279,      -18.49,
 140.094955,   35.129279,      -18.76,
 140.099459,   35.129279,      -19.02,
 140.103964,   35.129279,      -19.28,
 140.108468,   35.129279,      -19.55,
 140.112973,   35.129279,      -19.84,
 140.117477,   35.129279,      -20.13,
 140.121982,   35.129279,      -20.39,
 140.126486,   35.129279,      -20.64,
 140.130991,   35.129279,      -20.88,
 140.135495,   35.129279,      -21.10,
 140.140000,   35.129279,      -21.29,
 140.144505,   35.129279,      -21.41,
 140.149009,   35.129279,      -21.46,
 140.153514,   35.129279,      -21.48,
 140.158018,   35.129279,      -21.48,
 140.162523,   35.129279,      -21.45,
 140.167027,   35.129279,      -21.41,
 140.171532,   35.129279,      -21.32,
 140.176036,   35.129279,      -21.18,
 140.180541,   35.129279,      -20.99,
 140.185045,   35.129279,      -20.83,
 140.189550,   35.129279,      -20.77,
 140.194054,   35.129279,      -20.76,
 140.198559,   35.129279,      -20.83,
 140.203063,   35.129279,      -20.98,
 140.207568,   35.129279,      -21.13,
 140.212072,   35.129279,      -21.28,
 140.216577,   35.129279,      -21.42,
 140.221081,   35.129279,      -21.55,
 140.225586,   35.129279,      -21.65,
 140.230090,   35.129279,      -21.74,
 140.234595,   35.129279,      -21.78,
 140.239099,   35.129279,      -21.75,
 140.243604,   35.129279,      -21.70,
 140.248108,   35.129279,      -21.63,
 140.252613,   35.129279,      -21.58,
 140.257117,   35.129279,      -21.47,
 140.261622,   35.129279,      -21.31,
 140.266126,   35.129279,      -21.14,
 140.270631,   35.129279,      -21.02,
 140.275135,   35.129279,      -20.98,
 140.279640,   35.129279,      -20.94,
 140.284144,   35.129279,      -20.86,
 140.288649,   35.129279,      -20.76,
 140.293153,   35.129279,      -20.68,
 140.297658,   35.129279,      -20.62,
 140.302162,   35.129279,      -20.55,
 140.306667,   35.129279,      -20.52,
 140.311171,   35.129279,      -20.50,
 140.315676,   35.129279,      -20.42,
 140.320180,   35.129279,      -20.40,
 140.324685,   35.129279,      -20.40,
 140.329189,   35.129279,      -20.39,
 140.333694,   35.129279,      -20.39,
 140.338198,   35.129279,      -20.40,
 140.342703,   35.129279,      -20.37,
 140.347207,   35.129279,      -20.32,
 140.351712,   35.129279,      -20.27,
 140.356216,   35.129279,      -20.21,
 140.360721,   35.129279,      -20.10,
 140.365225,   35.129279,      -19.99,
 140.369730,   35.129279,      -19.58,
 140.374234,   35.129279,      -19.04,
 140.378739,   35.129279,      -18.51,
 140.383243,   35.129279,      -18.01,
 140.387748,   35.129279,      -17.52,
 139.140000,   35.133784,      -11.68,
 139.144505,   35.133784,      -12.30,
 139.149009,   35.133784,      -12.78,
 139.153514,   35.133784,      -13.11,
 139.158018,   35.133784,      -13.47,
 139.162523,   35.133784,      -13.53,
 139.167027,   35.133784,      -13.50,
 139.171532,   35.133784,      -13.58,
 139.176036,   35.133784,      -13.83,
 139.180541,   35.133784,      -14.02,
 139.185045,   35.133784,      -14.17,
 139.189550,   35.133784,      -14.42,
 139.194054,   35.133784,      -14.71,
 139.198559,   35.133784,      -14.99,
 139.203063,   35.133784,      -15.27,
 139.207568,   35.133784,      -15.56,
 139.212072,   35.133784,      -15.84,
 139.216577,   35.133784,      -16.10,
 139.221081,   35.133784,      -16.36,
 139.225586,   35.133784,      -16.59,
 139.230090,   35.133784,      -16.77,
 139.234595,   35.133784,      -16.94,
 139.239099,   35.133784,      -17.12,
 139.243604,   35.133784,      -17.31,
 139.248108,   35.133784,      -17.49,
 139.252613,   35.133784,      -17.65,
 139.257117,   35.133784,      -17.80,
 139.261622,   35.133784,      -17.92,
 139.266126,   35.133784,      -18.01,
 139.270631,   35.133784,      -18.09,
 139.275135,   35.133784,      -18.18,
 139.279640,   35.133784,      -18.26,
 139.284144,   35.133784,      -18.34,
 139.288649,   35.133784,      -18.42,
 139.293153,   35.133784,      -18.50,
 139.297658,   35.133784,      -18.56,
 139.302162,   35.133784,      -18.62,
 139.306667,   35.133784,      -18.65,
 139.311171,   35.133784,      -18.64,
 139.315676,   35.133784,      -18.62,
 139.320180,   35.133784,      -18.59,
 139.324685,   35.133784,      -18.56,
 139.329189,   35.133784,      -18.53,
 139.333694,   35.133784,      -18.49,
 139.338198,   35.133784,      -18.45,
 139.342703,   35.133784,      -18.39,
 139.347207,   35.133784,      -18.30,
 139.351712,   35.133784,      -18.22,
 139.356216,   35.133784,      -18.13,
 139.360721,   35.133784,      -18.03,
 139.365225,   35.133784,      -17.94,
 139.369730,   35.133784,      -17.83,
 139.374234,   35.133784,      -17.70,
 139.378739,   35.133784,      -17.58,
 139.383243,   35.133784,      -17.46,
 139.387748,   35.133784,      -17.33,
 139.392252,   35.133784,      -17.20,
 139.396757,   35.133784,      -17.05,
 139.401261,   35.133784,      -16.90,
 139.405766,   35.133784,      -16.56,
 139.410270,   35.133784,      -16.21,
 139.414775,   35.133784,      -15.86,
 139.419279,   35.133784,      -15.50,
 139.423784,   35.133784,      -15.15,
 139.428288,   35.133784,      -14.77,
 139.432793,   35.133784,      -14.35,
 139.437297,   35.133784,      -13.87,
 139.441802,   35.133784,      -13.39,
 139.446306,   35.133784,      -12.90,
 139.450811,   35.133784,      -12.42,
 139.455315,   35.133784,      -11.95,
 139.459820,   35.133784,      -11.53,
 139.464324,   35.133784,      -11.18,
 139.468829,   35.133784,      -10.90,
 139.473333,   35.133784,      -10.66,
 139.477838,   35.133784,      -10.43,
 139.482342,   35.133784,      -10.20,
 139.486847,   35.133784,       -9.97,
 139.491351,   35.133784,       -9.81,
 139.495856,   35.133784,       -9.71,
 139.500360,   35.133784,       -9.62,
 139.504865,   35.133784,       -9.52,
 139.509369,   35.133784,       -9.43,
 139.513874,   35.133784,       -9.33,
 139.518378,   35.133784,       -9.22,
 139.522883,   35.133784,       -9.07,
 139.527387,   35.133784,       -8.93,
 139.531892,   35.133784,       -8.79,
 139.536396,   35.133784,       -8.44,
 139.540901,   35.133784,       -7.84,
 139.545405,   35.133784,       -7.23,
 139.549910,   35.133784,       -6.59,
 139.554414,   35.133784,       -5.90,
 139.558919,   35.133784,       -5.21,
 139.563423,   35.133784,       -4.53,
 139.567928,   35.133784,       -3.85,
 139.572432,   35.133784,       -3.38,
 139.576937,   35.133784,       -3.07,
 139.581441,   35.133784,       -2.80,
 139.585946,   35.133784,       -2.51,
 139.590450,   35.133784,       -2.31,
 139.594955,   35.133784,       -2.20,
 139.599459,   35.133784,       -2.18,
 139.603964,   35.133784,       -2.25,
 139.608468,   35.133784,       -2.29,
 139.612973,   35.133784,       -2.25,
 139.617477,   35.133784,       -2.25,
 139.621982,   35.133784,       -2.36,
 139.626486,   35.133784,       -2.40,
 139.630991,   35.133784,       -2.47,
 139.635495,   35.133784,       -2.55,
 139.640000,   35.133784,       -2.56,
 139.644505,   35.133784,       -2.50,
 139.649009,   35.133784,       -2.41,
 139.653514,   35.133784,       -2.37,
 139.658018,   35.133784,       -2.36,
 139.662523,   35.133784,       -2.39,
 139.667027,   35.133784,       -2.54,
 139.671532,   35.133784,       -2.79,
 139.676036,   35.133784,       -3.22,
 139.680541,   35.133784,       -3.72,
 139.685045,   35.133784,       -4.18,
 139.689550,   35.133784,       -4.34,
 139.694054,   35.133784,       -4.94,
 139.698559,   35.133784,       -6.15,
 139.703063,   35.133784,       -6.61,
 139.707568,   35.133784,       -6.02,
 139.712072,   35.133784,       -4.79,
 139.716577,   35.133784,       -4.11,
 139.721081,   35.133784,       -3.96,
 139.725586,   35.133784,       -3.64,
 139.730090,   35.133784,       -3.36,
 139.734595,   35.133784,       -3.32,
 139.739099,   35.133784,       -3.56,
 139.743604,   35.133784,       -3.96,
 139.748108,   35.133784,       -4.53,
 139.752613,   35.133784,       -5.16,
 139.757117,   35.133784,       -5.72,
 139.761622,   35.133784,       -6.15,
 139.766126,   35.133784,       -6.36,
 139.770631,   35.133784,       -6.23,
 139.775135,   35.133784,       -6.03,
 139.779640,   35.133784,       -5.82,
 139.784144,   35.133784,       -5.49,
 139.788649,   35.133784,       -5.04,
 139.793153,   35.133784,       -4.61,
 139.797658,   35.133784,       -4.20,
 139.802162,   35.133784,       -3.93,
 139.806667,   35.133784,       -3.77,
 139.811171,   35.133784,       -3.92,
 139.815676,   35.133784,       -4.83,
 139.820180,   35.133784,       -5.94,
 139.824685,   35.133784,       -7.16,
 139.829189,   35.133784,       -8.69,
 139.833694,   35.133784,      -10.34,
 139.838198,   35.133784,      -11.57,
 139.842703,   35.133784,      -11.88,
 139.847207,   35.133784,      -12.04,
 139.851712,   35.133784,      -12.12,
 139.856216,   35.133784,      -12.13,
 139.860721,   35.133784,      -12.11,
 139.865225,   35.133784,      -12.05,
 139.869730,   35.133784,      -11.98,
 139.874234,   35.133784,      -11.88,
 139.878739,   35.133784,      -11.79,
 139.883243,   35.133784,      -11.72,
 139.887748,   35.133784,      -11.65,
 139.892252,   35.133784,      -11.60,
 139.896757,   35.133784,      -11.56,
 139.901261,   35.133784,      -11.54,
 139.905766,   35.133784,      -11.54,
 139.910270,   35.133784,      -11.55,
 139.914775,   35.133784,      -11.57,
 139.919279,   35.133784,      -11.60,
 139.923784,   35.133784,      -11.65,
 139.928288,   35.133784,      -11.71,
 139.932793,   35.133784,      -11.77,
 139.937297,   35.133784,      -11.86,
 139.941802,   35.133784,      -11.95,
 139.946306,   35.133784,      -12.05,
 139.950811,   35.133784,      -12.17,
 139.955315,   35.133784,      -12.29,
 139.959820,   35.133784,      -12.42,
 139.964324,   35.133784,      -12.55,
 139.968829,   35.133784,      -12.69,
 139.973333,   35.133784,      -12.84,
 139.977838,   35.133784,      -12.99,
 139.982342,   35.133784,      -13.14,
 139.986847,   35.133784,      -13.30,
 139.991351,   35.133784,      -13.47,
 139.995856,   35.133784,      -13.64,
 140.000360,   35.133784,      -13.81,
 140.004865,   35.133784,      -13.99,
 140.009369,   35.133784,      -14.18,
 140.013874,   35.133784,      -14.37,
 140.018378,   35.133784,      -14.56,
 140.022883,   35.133784,      -14.76,
 140.027387,   35.133784,      -14.97,
 140.031892,   35.133784,      -15.17,
 140.036396,   35.133784,      -15.39,
 140.040901,   35.133784,      -15.61,
 140.045405,   35.133784,      -15.83,
 140.049910,   35.133784,      -16.06,
 140.054414,   35.133784,      -16.29,
 140.058919,   35.133784,      -16.54,
 140.063423,   35.133784,      -16.78,
 140.067928,   35.133784,      -17.03,
 140.072432,   35.133784,      -17.29,
 140.076937,   35.133784,      -17.55,
 140.081441,   35.133784,      -17.81,
 140.085946,   35.133784,      -18.07,
 140.090450,   35.133784,      -18.33,
 140.094955,   35.133784,      -18.58,
 140.099459,   35.133784,      -18.84,
 140.103964,   35.133784,      -19.10,
 140.108468,   35.133784,      -19.36,
 140.112973,   35.133784,      -19.63,
 140.117477,   35.133784,      -19.89,
 140.121982,   35.133784,      -20.12,
 140.126486,   35.133784,      -20.32,
 140.130991,   35.133784,      -20.50,
 140.135495,   35.133784,      -20.66,
 140.140000,   35.133784,      -20.80,
 140.144505,   35.133784,      -20.91,
 140.149009,   35.133784,      -20.98,
 140.153514,   35.133784,      -21.00,
 140.158018,   35.133784,      -21.01,
 140.162523,   35.133784,      -21.02,
 140.167027,   35.133784,      -21.02,
 140.171532,   35.133784,      -21.02,
 140.176036,   35.133784,      -21.01,
 140.180541,   35.133784,      -20.99,
 140.185045,   35.133784,      -20.99,
 140.189550,   35.133784,      -20.98,
 140.194054,   35.133784,      -20.96,
 140.198559,   35.133784,      -20.96,
 140.203063,   35.133784,      -20.96,
 140.207568,   35.133784,      -20.98,
 140.212072,   35.133784,      -21.02,
 140.216577,   35.133784,      -21.09,
 140.221081,   35.133784,      -21.19,
 140.225586,   35.133784,      -21.30,
 140.230090,   35.133784,      -21.42,
 140.234595,   35.133784,      -21.52,
 140.239099,   35.133784,      -21.60,
 140.243604,   35.133784,      -21.65,
 140.248108,   35.133784,      -21.71,
 140.252613,   35.133784,      -21.68,
 140.257117,   35.133784,      -21.59,
 140.261622,   35.133784,      -21.42,
 140.266126,   35.133784,      -21.24,
 140.270631,   35.133784,      -21.12,
 140.275135,   35.133784,      -21.10,
 140.279640,   35.133784,      -21.09,
 140.284144,   35.133784,      -21.00,
 140.288649,   35.133784,      -20.88,
 140.293153,   35.133784,      -20.80,
 140.297658,   35.133784,      -20.72,
 140.302162,   35.133784,      -20.64,
 140.306667,   35.133784,      -20.60,
 140.311171,   35.133784,      -20.54,
 140.315676,   35.133784,      -20.44,
 140.320180,   35.133784,      -20.36,
 140.324685,   35.133784,      -20.38,
 140.329189,   35.133784,      -20.35,
 140.333694,   35.133784,      -20.37,
 140.338198,   35.133784,      -20.41,
 140.342703,   35.133784,      -20.41,
 140.347207,   35.133784,      -20.35,
 140.351712,   35.133784,      -20.31,
 140.356216,   35.133784,      -20.24,
 140.360721,   35.133784,      -20.10,
 140.365225,   35.133784,      -19.97,
 140.369730,   35.133784,      -19.60,
 140.374234,   35.133784,      -19.09,
 140.378739,   35.133784,      -18.59,
 140.383243,   35.133784,      -18.10,
 140.387748,   35.133784,      -17.62,
 139.140000,   35.138288,       -9.40,
 139.144505,   35.138288,      -10.29,
 139.149009,   35.138288,      -11.03,
 139.153514,   35.138288,      -11.63,
 139.158018,   35.138288,      -12.29,
 139.162523,   35.138288,      -12.71,
 139.167027,   35.138288,      -12.88,
 139.171532,   35.138288,      -13.08,
 139.176036,   35.138288,      -13.42,
 139.180541,   35.138288,      -13.71,
 139.185045,   35.138288,      -13.92,
 139.189550,   35.138288,      -14.24,
 139.194054,   35.138288,      -14.56,
 139.198559,   35.138288,      -14.85,
 139.203063,   35.138288,      -15.14,
 139.207568,   35.138288,      -15.45,
 139.212072,   35.138288,      -15.75,
 139.216577,   35.138288,      -16.04,
 139.221081,   35.138288,      -16.32,
 139.225586,   35.138288,      -16.58,
 139.230090,   35.138288,      -16.77,
 139.234595,   35.138288,      -16.95,
 139.239099,   35.138288,      -17.13,
 139.243604,   35.138288,      -17.31,
 139.248108,   35.138288,      -17.48,
 139.252613,   35.138288,      -17.63,
 139.257117,   35.138288,      -17.76,
 139.261622,   35.138288,      -17.88,
 139.266126,   35.138288,      -17.97,
 139.270631,   35.138288,      -18.05,
 139.275135,   35.138288,      -18.14,
 139.279640,   35.138288,      -18.22,
 139.284144,   35.138288,      -18.30,
 139.288649,   35.138288,      -18.38,
 139.293153,   35.138288,      -18.44,
 139.297658,   35.138288,      -18.50,
 139.302162,   35.138288,      -18.54,
 139.306667,   35.138288,      -18.56,
 139.311171,   35.138288,      -18.55,
 139.315676,   35.138288,      -18.53,
 139.320180,   35.138288,      -18.50,
 139.324685,   35.138288,      -18.47,
 139.329189,   35.138288,      -18.44,
 139.333694,   35.138288,      -18.40,
 139.338198,   35.138288,      -18.35,
 139.342703,   35.138288,      -18.28,
 139.347207,   35.138288,      -18.19,
 139.351712,   35.138288,      -18.11,
 139.356216,   35.138288,      -18.02,
 139.360721,   35.138288,      -17.93,
 139.365225,   35.138288,      -17.82,
 139.369730,   35.138288,      -17.70,
 139.374234,   35.138288,      -17.57,
 139.378739,   35.138288,      -17.44,
 139.383243,   35.138288,      -17.31,
 139.387748,   35.138288,      -17.18,
 139.392252,   35.138288,      -17.04,
 139.396757,   35.138288,      -16.88,
 139.401261,   35.138288,      -16.69,
 139.405766,   35.138288,      -16.39,
 139.410270,   35.138288,      -16.05,
 139.414775,   35.138288,      -15.69,
 139.419279,   35.138288,      -15.33,
 139.423784,   35.138288,      -14.97,
 139.428288,   35.138288,      -14.61,
 139.432793,   35.138288,      -14.22,
 139.437297,   35.138288,      -13.74,
 139.441802,   35.138288,      -13.26,
 139.446306,   35.138288,      -12.79,
 139.450811,   35.138288,      -12.32,
 139.455315,   35.138288,      -11.86,
 139.459820,   35.138288,      -11.42,
 139.464324,   35.138288,      -11.05,
 139.468829,   35.138288,      -10.77,
 139.473333,   35.138288,      -10.55,
 139.477838,   35.138288,      -10.34,
 139.482342,   35.138288,      -10.13,
 139.486847,   35.138288,       -9.94,
 139.491351,   35.138288,       -9.80,
 139.495856,   35.138288,       -9.70,
 139.500360,   35.138288,       -9.61,
 139.504865,   35.138288,       -9.52,
 139.509369,   35.138288,       -9.44,
 139.513874,   35.138288,       -9.35,
 139.518378,   35.138288,       -9.21,
 139.522883,   35.138288,       -9.04,
 139.527387,   35.138288,       -8.86,
 139.531892,   35.138288,       -8.67,
 139.536396,   35.138288,       -8.32,
 139.540901,   35.138288,       -7.76,
 139.545405,   35.138288,       -7.17,
 139.549910,   35.138288,       -6.50,
 139.554414,   35.138288,       -5.78,
 139.558919,   35.138288,       -5.07,
 139.563423,   35.138288,       -4.38,
 139.567928,   35.138288,       -3.67,
 139.572432,   35.138288,       -3.02,
 139.576937,   35.138288,       -2.70,
 139.581441,   35.138288,       -2.43,
 139.585946,   35.138288,       -2.16,
 139.590450,   35.138288,       -2.17,
 139.594955,   35.138288,       -2.40,
 139.599459,   35.138288,       -2.47,
 139.603964,   35.138288,       -2.55,
 139.608468,   35.138288,       -2.57,
 139.612973,   35.138288,       -2.56,
 139.617477,   35.138288,       -2.53,
 139.621982,   35.138288,       -2.45,
 139.626486,   35.138288,       -2.39,
 139.630991,   35.138288,       -2.40,
 139.635495,   35.138288,       -2.40,
 139.640000,   35.138288,       -2.37,
 139.644505,   35.138288,       -2.30,
 139.649009,   35.138288,       -2.25,
 139.653514,   35.138288,       -2.23,
 139.658018,   35.138288,       -2.18,
 139.662523,   35.138288,       -2.08,
 139.667027,   35.138288,       -2.24,
 139.671532,   35.138288,       -2.47,
 139.676036,   35.138288,       -2.83,
 139.680541,   35.138288,       -3.36,
 139.685045,   35.138288,       -3.87,
 139.689550,   35.138288,       -4.35,
 139.694054,   35.138288,       -5.47,
 139.698559,   35.138288,       -6.96,
 139.703063,   35.138288,       -8.77,
 139.707568,   35.138288,       -6.87,
 139.712072,   35.138288,       -5.38,
 139.716577,   35.138288,       -4.36,
 139.721081,   35.138288,       -3.87,
 139.725586,   35.138288,       -3.50,
 139.730090,   35.138288,       -3.22,
 139.734595,   35.138288,       -3.41,
 139.739099,   35.138288,       -3.70,
 139.743604,   35.138288,       -4.03,
 139.748108,   35.138288,       -4.62,
 139.752613,   35.138288,       -5.26,
 139.757117,   35.138288,       -5.77,
 139.761622,   35.138288,       -6.03,
 139.766126,   35.138288,       -6.24,
 139.770631,   35.138288,       -6.15,
 139.775135,   35.138288,       -5.90,
 139.779640,   35.138288,       -5.63,
 139.784144,   35.138288,       -5.27,
 139.788649,   35.138288,       -4.83,
 139.793153,   35.138288,       -4.38,
 139.797658,   35.138288,       -3.97,
 139.802162,   35.138288,       -3.60,
 139.806667,   35.138288,       -3.39,
 139.811171,   35.138288,       -4.03,
 139.815676,   35.138288,       -4.86,
 139.820180,   35.138288,       -5.80,
 139.824685,   35.138288,       -7.11,
 139.829189,   35.138288,       -8.54,
 139.833694,   35.138288,       -9.89,
 139.838198,   35.138288,      -10.91,
 139.842703,   35.138288,      -11.23,
 139.847207,   35.138288,      -11.41,
 139.851712,   35.138288,      -11.49,
 139.856216,   35.138288,      -11.52,
 139.860721,   35.138288,      -11.50,
 139.865225,   35.138288,      -11.46,
 139.869730,   35.138288,      -11.41,
 139.874234,   35.138288,      -11.35,
 139.878739,   35.138288,      -11.29,
 139.883243,   35.138288,      -11.24,
 139.887748,   35.138288,      -11.19,
 139.892252,   35.138288,      -11.16,
 139.896757,   35.138288,      -11.14,
 139.901261,   35.138288,      -11.13,
 139.905766,   35.138288,      -11.14,
 139.910270,   35.138288,      -11.15,
 139.914775,   35.138288,      -11.18,
 139.919279,   35.138288,      -11.23,
 139.923784,   35.138288,      -11.29,
 139.928288,   35.138288,      -11.35,
 139.932793,   35.138288,      -11.43,
 139.937297,   35.138288,      -11.53,
 139.941802,   35.138288,      -11.64,
 139.946306,   35.138288,      -11.75,
 139.950811,   35.138288,      -11.88,
 139.955315,   35.138288,      -12.01,
 139.959820,   35.138288,      -12.14,
 139.964324,   35.138288,      -12.29,
 139.968829,   35.138288,      -12.44,
 139.973333,   35.138288,      -12.59,
 139.977838,   35.138288,      -12.75,
 139.982342,   35.138288,      -12.91,
 139.986847,   35.138288,      -13.08,
 139.991351,   35.138288,      -13.25,
 139.995856,   35.138288,      -13.43,
 140.000360,   35.138288,      -13.61,
 140.004865,   35.138288,      -13.79,
 140.009369,   35.138288,      -13.98,
 140.013874,   35.138288,      -14.18,
 140.018378,   35.138288,      -14.38,
 140.022883,   35.138288,      -14.58,
 140.027387,   35.138288,      -14.79,
 140.031892,   35.138288,      -15.00,
 140.036396,   35.138288,      -15.21,
 140.040901,   35.138288,      -15.43,
 140.045405,   35.138288,      -15.66,
 140.049910,   35.138288,      -15.89,
 140.054414,   35.138288,      -16.13,
 140.058919,   35.138288,      -16.37,
 140.063423,   35.138288,      -16.62,
 140.067928,   35.138288,      -16.87,
 140.072432,   35.138288,      -17.12,
 140.076937,   35.138288,      -17.38,
 140.081441,   35.138288,      -17.63,
 140.085946,   35.138288,      -17.89,
 140.090450,   35.138288,      -18.14,
 140.094955,   35.138288,      -18.40,
 140.099459,   35.138288,      -18.65,
 140.103964,   35.138288,      -18.89,
 140.108468,   35.138288,      -19.12,
 140.112973,   35.138288,      -19.35,
 140.117477,   35.138288,      -19.58,
 140.121982,   35.138288,      -19.78,
 140.126486,   35.138288,      -19.96,
 140.130991,   35.138288,      -20.12,
 140.135495,   35.138288,      -20.27,
 140.140000,   35.138288,      -20.40,
 140.144505,   35.138288,      -20.51,
 140.149009,   35.138288,      -20.60,
 140.153514,   35.138288,      -20.67,
 140.158018,   35.138288,      -20.71,
 140.162523,   35.138288,      -20.73,
 140.167027,   35.138288,      -20.75,
 140.171532,   35.138288,      -20.77,
 140.176036,   35.138288,      -20.79,
 140.180541,   35.138288,      -20.81,
 140.185045,   35.138288,      -20.83,
 140.189550,   35.138288,      -20.85,
 140.194054,   35.138288,      -20.87,
 140.198559,   35.138288,      -20.90,
 140.203063,   35.138288,      -20.92,
 140.207568,   35.138288,      -20.93,
 140.212072,   35.138288,      -20.95,
 140.216577,   35.138288,      -20.98,
 140.221081,   35.138288,      -21.03,
 140.225586,   35.138288,      -21.08,
 140.230090,   35.138288,      -21.16,
 140.234595,   35.138288,      -21.26,
 140.239099,   35.138288,      -21.37,
 140.243604,   35.138288,      -21.49,
 140.248108,   35.138288,      -21.59,
 140.252613,   35.138288,      -21.69,
 140.257117,   35.138288,      -21.71,
 140.261622,   35.138288,      -21.56,
 140.266126,   35.138288,      -21.41,
 140.270631,   35.138288,      -21.27,
 140.275135,   35.138288,      -21.22,
 140.279640,   35.138288,      -21.15,
 140.284144,   35.138288,      -21.06,
 140.288649,   35.138288,      -20.96,
 140.293153,   35.138288,      -20.85,
 140.297658,   35.138288,      -20.74,
 140.302162,   35.138288,      -20.68,
 140.306667,   35.138288,      -20.66,
 140.311171,   35.138288,      -20.63,
 140.315676,   35.138288,      -20.58,
 140.320180,   35.138288,      -20.55,
 140.324685,   35.138288,      -20.48,
 140.329189,   35.138288,      -20.37,
 140.333694,   35.138288,      -20.33,
 140.338198,   35.138288,      -20.36,
 140.342703,   35.138288,      -20.39,
 140.347207,   35.138288,      -20.35,
 140.351712,   35.138288,      -20.31,
 140.356216,   35.138288,      -20.23,
 140.360721,   35.138288,      -20.08,
 140.365225,   35.138288,      -19.93,
 140.369730,   35.138288,      -19.58,
 140.374234,   35.138288,      -19.11,
 140.378739,   35.138288,      -18.63,
 140.383243,   35.138288,      -18.16,
 140.387748,   35.138288,      -17.73,
 139.140000,   35.142793,       -7.26,
 139.144505,   35.142793,       -8.42,
 139.149009,   35.142793,       -9.43,
 139.153514,   35.142793,      -10.27,
 139.158018,   35.142793,      -11.02,
 139.162523,   35.142793,      -11.73,
 139.167027,   35.142793,      -12.25,
 139.171532,   35.142793,      -12.65,
 139.176036,   35.142793,      -13.01,
 139.180541,   35.142793,      -13.36,
 139.185045,   35.142793,      -13.77,
 139.189550,   35.142793,      -14.12,
 139.194054,   35.142793,      -14.44,
 139.198559,   35.142793,      -14.75,
 139.203063,   35.142793,      -15.07,
 139.207568,   35.142793,      -15.39,
 139.212072,   35.142793,      -15.69,
 139.216577,   35.142793,      -15.99,
 139.221081,   35.142793,      -16.27,
 139.225586,   35.142793,      -16.53,
 139.230090,   35.142793,      -16.75,
 139.234595,   35.142793,      -16.94,
 139.239099,   35.142793,      -17.13,
 139.243604,   35.142793,      -17.31,
 139.248108,   35.142793,      -17.47,
 139.252613,   35.142793,      -17.61,
 139.257117,   35.142793,      -17.73,
 139.261622,   35.142793,      -17.84,
 139.266126,   35.142793,      -17.93,
 139.270631,   35.142793,      -18.02,
 139.275135,   35.142793,      -18.10,
 139.279640,   35.142793,      -18.19,
 139.284144,   35.142793,      -18.27,
 139.288649,   35.142793,      -18.33,
 139.293153,   35.142793,      -18.39,
 139.297658,   35.142793,      -18.43,
 139.302162,   35.142793,      -18.46,
 139.306667,   35.142793,      -18.46,
 139.311171,   35.142793,      -18.46,
 139.315676,   35.142793,      -18.44,
 139.320180,   35.142793,      -18.42,
 139.324685,   35.142793,      -18.39,
 139.329189,   35.142793,      -18.36,
 139.333694,   35.142793,      -18.31,
 139.338198,   35.142793,      -18.25,
 139.342703,   35.142793,      -18.17,
 139.347207,   35.142793,      -18.09,
 139.351712,   35.142793,      -18.01,
 139.356216,   35.142793,      -17.92,
 139.360721,   35.142793,      -17.82,
 139.365225,   35.142793,      -17.71,
 139.369730,   35.142793,      -17.58,
 139.374234,   35.142793,      -17.45,
 139.378739,   35.142793,      -17.31,
 139.383243,   35.142793,      -17.18,
 139.387748,   35.142793,      -17.04,
 139.392252,   35.142793,      -16.87,
 139.396757,   35.142793,      -16.70,
 139.401261,   35.142793,      -16.49,
 139.405766,   35.142793,      -16.21,
 139.410270,   35.142793,      -15.89,
 139.414775,   35.142793,      -15.53,
 139.419279,   35.142793,      -15.17,
 139.423784,   35.142793,      -14.80,
 139.428288,   35.142793,      -14.43,
 139.432793,   35.142793,      -14.05,
 139.437297,   35.142793,      -13.61,
 139.441802,   35.142793,      -13.14,
 139.446306,   35.142793,      -12.67,
 139.450811,   35.142793,      -12.21,
 139.455315,   35.142793,      -11.75,
 139.459820,   35.142793,      -11.31,
 139.464324,   35.142793,      -10.91,
 139.468829,   35.142793,      -10.64,
 139.473333,   35.142793,      -10.45,
 139.477838,   35.142793,      -10.26,
 139.482342,   35.142793,      -10.09,
 139.486847,   35.142793,       -9.92,
 139.491351,   35.142793,       -9.79,
 139.495856,   35.142793,       -9.68,
 139.500360,   35.142793,       -9.59,
 139.504865,   35.142793,       -9.51,
 139.509369,   35.142793,       -9.42,
 139.513874,   35.142793,       -9.34,
 139.518378,   35.142793,       -9.18,
 139.522883,   35.142793,       -8.98,
 139.527387,   35.142793,       -8.77,
 139.531892,   35.142793,       -8.55,
 139.536396,   35.142793,       -8.22,
 139.540901,   35.142793,       -7.65,
 139.545405,   35.142793,       -7.04,
 139.549910,   35.142793,       -6.37,
 139.554414,   35.142793,       -5.65,
 139.558919,   35.142793,       -4.98,
 139.563423,   35.142793,       -4.32,
 139.567928,   35.142793,       -3.60,
 139.572432,   35.142793,       -2.91,
 139.576937,   35.142793,       -2.51,
 139.581441,   35.142793,       -2.22,
 139.585946,   35.142793,       -2.01,
 139.590450,   35.142793,       -2.23,
 139.594955,   35.142793,       -2.48,
 139.599459,   35.142793,       -2.57,
 139.603964,   35.142793,       -2.62,
 139.608468,   35.142793,       -2.70,
 139.612973,   35.142793,       -2.78,
 139.617477,   35.142793,       -2.81,
 139.621982,   35.142793,       -2.82,
 139.626486,   35.142793,       -2.92,
 139.630991,   35.142793,       -2.79,
 139.635495,   35.142793,       -2.57,
 139.640000,   35.142793,       -2.31,
 139.644505,   35.142793,       -2.17,
 139.649009,   35.142793,       -2.17,
 139.653514,   35.142793,       -2.19,
 139.658018,   35.142793,       -2.09,
 139.662523,   35.142793,       -2.04,
 139.667027,   35.142793,       -2.11,
 139.671532,   35.142793,       -2.27,
 139.676036,   35.142793,       -2.53,
 139.680541,   35.142793,       -3.07,
 139.685045,   35.142793,       -3.66,
 139.689550,   35.142793,       -4.44,
 139.694054,   35.142793,       -5.59,
 139.698559,   35.142793,       -6.84,
 139.703063,   35.142793,       -7.16,
 139.707568,   35.142793,       -6.47,
 139.712072,   35.142793,       -5.15,
 139.716577,   35.142793,       -4.19,
 139.721081,   35.142793,       -3.63,
 139.725586,   35.142793,       -3.26,
 139.730090,   35.142793,       -3.25,
 139.734595,   35.142793,       -3.49,
 139.739099,   35.142793,       -3.78,
 139.743604,   35.142793,       -4.21,
 139.748108,   35.142793,       -4.75,
 139.752613,   35.142793,       -5.35,
 139.757117,   35.142793,       -5.70,
 139.761622,   35.142793,       -5.95,
 139.766126,   35.142793,       -6.16,
 139.770631,   35.142793,       -6.05,
 139.775135,   35.142793,       -5.74,
 139.779640,   35.142793,       -5.42,
 139.784144,   35.142793,       -5.06,
 139.788649,   35.142793,       -4.60,
 139.793153,   35.142793,       -4.07,
 139.797658,   35.142793,       -3.58,
 139.802162,   35.142793,       -3.26,
 139.806667,   35.142793,       -3.44,
 139.811171,   35.142793,       -4.15,
 139.815676,   35.142793,       -4.96,
 139.820180,   35.142793,       -6.01,
 139.824685,   35.142793,       -7.54,
 139.829189,   35.142793,       -8.90,
 139.833694,   35.142793,      -10.04,
 139.838198,   35.142793,      -10.40,
 139.842703,   35.142793,      -10.65,
 139.847207,   35.142793,      -10.80,
 139.851712,   35.142793,      -10.87,
 139.856216,   35.142793,      -10.90,
 139.860721,   35.142793,      -10.90,
 139.865225,   35.142793,      -10.88,
 139.869730,   35.142793,      -10.84,
 139.874234,   35.142793,      -10.80,
 139.878739,   35.142793,      -10.77,
 139.883243,   35.142793,      -10.74,
 139.887748,   35.142793,      -10.72,
 139.892252,   35.142793,      -10.70,
 139.896757,   35.142793,      -10.70,
 139.901261,   35.142793,      -10.70,
 139.905766,   35.142793,      -10.72,
 139.910270,   35.142793,      -10.75,
 139.914775,   35.142793,      -10.79,
 139.919279,   35.142793,      -10.85,
 139.923784,   35.142793,      -10.92,
 139.928288,   35.142793,      -11.00,
 139.932793,   35.142793,      -11.10,
 139.937297,   35.142793,      -11.21,
 139.941802,   35.142793,      -11.33,
 139.946306,   35.142793,      -11.45,
 139.950811,   35.142793,      -11.59,
 139.955315,   35.142793,      -11.73,
 139.959820,   35.142793,      -11.87,
 139.964324,   35.142793,      -12.02,
 139.968829,   35.142793,      -12.18,
 139.973333,   35.142793,      -12.34,
 139.977838,   35.142793,      -12.51,
 139.982342,   35.142793,      -12.68,
 139.986847,   35.142793,      -12.85,
 139.991351,   35.142793,      -13.03,
 139.995856,   35.142793,      -13.22,
 140.000360,   35.142793,      -13.40,
 140.004865,   35.142793,      -13.59,
 140.009369,   35.142793,      -13.79,
 140.013874,   35.142793,      -13.99,
 140.018378,   35.142793,      -14.19,
 140.022883,   35.142793,      -14.39,
 140.027387,   35.142793,      -14.61,
 140.031892,   35.142793,      -14.82,
 140.036396,   35.142793,      -15.04,
 140.040901,   35.142793,      -15.26,
 140.045405,   35.142793,      -15.49,
 140.049910,   35.142793,      -15.72,
 140.054414,   35.142793,      -15.96,
 140.058919,   35.142793,      -16.21,
 140.063423,   35.142793,      -16.45,
 140.067928,   35.142793,      -16.70,
 140.072432,   35.142793,      -16.95,
 140.076937,   35.142793,      -17.20,
 140.081441,   35.142793,      -17.45,
 140.085946,   35.142793,      -17.70,
 140.090450,   35.142793,      -17.95,
 140.094955,   35.142793,      -18.18,
 140.099459,   35.142793,      -18.41,
 140.103964,   35.142793,      -18.63,
 140.108468,   35.142793,      -18.85,
 140.112973,   35.142793,      -19.06,
 140.117477,   35.142793,      -19.26,
 140.121982,   35.142793,      -19.45,
 140.126486,   35.142793,      -19.62,
 140.130991,   35.142793,      -19.77,
 140.135495,   35.142793,      -19.91,
 140.140000,   35.142793,      -20.05,
 140.144505,   35.142793,      -20.16,
 140.149009,   35.142793,      -20.26,
 140.153514,   35.142793,      -20.35,
 140.158018,   35.142793,      -20.42,
 140.162523,   35.142793,      -20.46,
 140.167027,   35.142793,      -20.50,
 140.171532,   35.142793,      -20.52,
 140.176036,   35.142793,      -20.55,
 140.180541,   35.142793,      -20.58,
 140.185045,   35.142793,      -20.61,
 140.189550,   35.142793,      -20.64,
 140.194054,   35.142793,      -20.67,
 140.198559,   35.142793,      -20.70,
 140.203063,   35.142793,      -20.73,
 140.207568,   35.142793,      -20.76,
 140.212072,   35.142793,      -20.78,
 140.216577,   35.142793,      -20.81,
 140.221081,   35.142793,      -20.83,
 140.225586,   35.142793,      -20.87,
 140.230090,   35.142793,      -20.91,
 140.234595,   35.142793,      -20.97,
 140.239099,   35.142793,      -21.03,
 140.243604,   35.142793,      -21.12,
 140.248108,   35.142793,      -21.23,
 140.252613,   35.142793,      -21.35,
 140.257117,   35.142793,      -21.49,
 140.261622,   35.142793,      -21.62,
 140.266126,   35.142793,      -21.54,
 140.270631,   35.142793,      -21.40,
 140.275135,   35.142793,      -21.27,
 140.279640,   35.142793,      -21.15,
 140.284144,   35.142793,      -21.06,
 140.288649,   35.142793,      -20.97,
 140.293153,   35.142793,      -20.85,
 140.297658,   35.142793,      -20.72,
 140.302162,   35.142793,      -20.66,
 140.306667,   35.142793,      -20.70,
 140.311171,   35.142793,      -20.72,
 140.315676,   35.142793,      -20.72,
 140.320180,   35.142793,      -20.67,
 140.324685,   35.142793,      -20.49,
 140.329189,   35.142793,      -20.35,
 140.333694,   35.142793,      -20.25,
 140.338198,   35.142793,      -20.24,
 140.342703,   35.142793,      -20.29,
 140.347207,   35.142793,      -20.30,
 140.351712,   35.142793,      -20.23,
 140.356216,   35.142793,      -20.23,
 140.360721,   35.142793,      -20.01,
 140.365225,   35.142793,      -19.80,
 140.369730,   35.142793,      -19.47,
 140.374234,   35.142793,      -19.07,
 140.378739,   35.142793,      -18.66,
 140.383243,   35.142793,      -18.20,
 140.387748,   35.142793,      -17.82,
 139.140000,   35.147297,       -6.12,
 139.144505,   35.147297,       -7.13,
 139.149009,   35.147297,       -8.11,
 139.153514,   35.147297,       -9.07,
 139.158018,   35.147297,       -9.98,
 139.162523,   35.147297,      -10.81,
 139.167027,   35.147297,      -11.64,
 139.171532,   35.147297,      -12.25,
 139.176036,   35.147297,      -12.66,
 139.180541,   35.147297,      -13.13,
 139.185045,   35.147297,      -13.65,
 139.189550,   35.147297,      -14.05,
 139.194054,   35.147297,      -14.38,
 139.198559,   35.147297,      -14.71,
 139.203063,   35.147297,      -15.04,
 139.207568,   35.147297,      -15.35,
 139.212072,   35.147297,      -15.66,
 139.216577,   35.147297,      -15.95,
 139.221081,   35.147297,      -16.22,
 139.225586,   35.147297,      -16.47,
 139.230090,   35.147297,      -16.71,
 139.234595,   35.147297,      -16.92,
 139.239099,   35.147297,      -17.12,
 139.243604,   35.147297,      -17.31,
 139.248108,   35.147297,      -17.45,
 139.252613,   35.147297,      -17.58,
 139.257117,   35.147297,      -17.69,
 139.261622,   35.147297,      -17.80,
 139.266126,   35.147297,      -17.89,
 139.270631,   35.147297,      -17.98,
 139.275135,   35.147297,      -18.06,
 139.279640,   35.147297,      -18.15,
 139.284144,   35.147297,      -18.23,
 139.288649,   35.147297,      -18.29,
 139.293153,   35.147297,      -18.33,
 139.297658,   35.147297,      -18.36,
 139.302162,   35.147297,      -18.37,
 139.306667,   35.147297,      -18.37,
 139.311171,   35.147297,      -18.37,
 139.315676,   35.147297,      -18.36,
 139.320180,   35.147297,      -18.34,
 139.324685,   35.147297,      -18.32,
 139.329189,   35.147297,      -18.27,
 139.333694,   35.147297,      -18.21,
 139.338198,   35.147297,      -18.14,
 139.342703,   35.147297,      -18.07,
 139.347207,   35.147297,      -17.99,
 139.351712,   35.147297,      -17.91,
 139.356216,   35.147297,      -17.82,
 139.360721,   35.147297,      -17.72,
 139.365225,   35.147297,      -17.60,
 139.369730,   35.147297,      -17.46,
 139.374234,   35.147297,      -17.32,
 139.378739,   35.147297,      -17.18,
 139.383243,   35.147297,      -17.05,
 139.387748,   35.147297,      -16.88,
 139.392252,   35.147297,      -16.69,
 139.396757,   35.147297,      -16.50,
 139.401261,   35.147297,      -16.30,
 139.405766,   35.147297,      -16.04,
 139.410270,   35.147297,      -15.73,
 139.414775,   35.147297,      -15.37,
 139.419279,   35.147297,      -15.00,
 139.423784,   35.147297,      -14.63,
 139.428288,   35.147297,      -14.26,
 139.432793,   35.147297,      -13.87,
 139.437297,   35.147297,      -13.45,
 139.441802,   35.147297,      -13.00,
 139.446306,   35.147297,      -12.54,
 139.450811,   35.147297,      -12.08,
 139.455315,   35.147297,      -11.63,
 139.459820,   35.147297,      -11.19,
 139.464324,   35.147297,      -10.76,
 139.468829,   35.147297,      -10.54,
 139.473333,   35.147297,      -10.37,
 139.477838,   35.147297,      -10.21,
 139.482342,   35.147297,      -10.05,
 139.486847,   35.147297,       -9.91,
 139.491351,   35.147297,       -9.77,
 139.495856,   35.147297,       -9.65,
 139.500360,   35.147297,       -9.56,
 139.504865,   35.147297,       -9.48,
 139.509369,   35.147297,       -9.39,
 139.513874,   35.147297,       -9.29,
 139.518378,   35.147297,       -9.14,
 139.522883,   35.147297,       -8.93,
 139.527387,   35.147297,       -8.71,
 139.531892,   35.147297,       -8.47,
 139.536396,   35.147297,       -8.12,
 139.540901,   35.147297,       -7.48,
 139.545405,   35.147297,       -6.85,
 139.549910,   35.147297,       -6.21,
 139.554414,   35.147297,       -5.54,
 139.558919,   35.147297,       -4.92,
 139.563423,   35.147297,       -4.31,
 139.567928,   35.147297,       -3.65,
 139.572432,   35.147297,       -3.08,
 139.576937,   35.147297,       -2.59,
 139.581441,   35.147297,       -2.26,
 139.585946,   35.147297,       -2.26,
 139.590450,   35.147297,       -2.39,
 139.594955,   35.147297,       -2.57,
 139.599459,   35.147297,       -2.68,
 139.603964,   35.147297,       -2.69,
 139.608468,   35.147297,       -3.07,
 139.612973,   35.147297,       -3.32,
 139.617477,   35.147297,       -3.65,
 139.621982,   35.147297,       -3.94,
 139.626486,   35.147297,       -3.59,
 139.630991,   35.147297,       -3.18,
 139.635495,   35.147297,       -2.78,
 139.640000,   35.147297,       -2.43,
 139.644505,   35.147297,       -2.16,
 139.649009,   35.147297,       -1.96,
 139.653514,   35.147297,       -1.95,
 139.658018,   35.147297,       -1.94,
 139.662523,   35.147297,       -1.94,
 139.667027,   35.147297,       -2.02,
 139.671532,   35.147297,       -2.19,
 139.676036,   35.147297,       -2.46,
 139.680541,   35.147297,       -2.86,
 139.685045,   35.147297,       -3.55,
 139.689550,   35.147297,       -4.38,
 139.694054,   35.147297,       -5.37,
 139.698559,   35.147297,       -5.97,
 139.703063,   35.147297,       -5.82,
 139.707568,   35.147297,       -5.37,
 139.712072,   35.147297,       -4.63,
 139.716577,   35.147297,       -3.96,
 139.721081,   35.147297,       -3.36,
 139.725586,   35.147297,       -3.10,
 139.730090,   35.147297,       -3.34,
 139.734595,   35.147297,       -3.57,
 139.739099,   35.147297,       -3.89,
 139.743604,   35.147297,       -4.40,
 139.748108,   35.147297,       -4.92,
 139.752613,   35.147297,       -5.39,
 139.757117,   35.147297,       -5.71,
 139.761622,   35.147297,       -5.97,
 139.766126,   35.147297,       -6.08,
 139.770631,   35.147297,       -5.90,
 139.775135,   35.147297,       -5.59,
 139.779640,   35.147297,       -5.24,
 139.784144,   35.147297,       -4.84,
 139.788649,   35.147297,       -4.26,
 139.793153,   35.147297,       -3.68,
 139.797658,   35.147297,       -3.11,
 139.802162,   35.147297,       -3.28,
 139.806667,   35.147297,       -3.84,
 139.811171,   35.147297,       -4.30,
 139.815676,   35.147297,       -5.32,
 139.820180,   35.147297,       -7.07,
 139.824685,   35.147297,       -8.54,
 139.829189,   35.147297,       -9.83,
 139.833694,   35.147297,      -10.68,
 139.838198,   35.147297,       -9.94,
 139.842703,   35.147297,      -10.02,
 139.847207,   35.147297,      -10.14,
 139.851712,   35.147297,      -10.22,
 139.856216,   35.147297,      -10.27,
 139.860721,   35.147297,      -10.29,
 139.865225,   35.147297,      -10.28,
 139.869730,   35.147297,      -10.26,
 139.874234,   35.147297,      -10.25,
 139.878739,   35.147297,      -10.24,
 139.883243,   35.147297,      -10.23,
 139.887748,   35.147297,      -10.23,
 139.892252,   35.147297,      -10.23,
 139.896757,   35.147297,      -10.24,
 139.901261,   35.147297,      -10.26,
 139.905766,   35.147297,      -10.29,
 139.910270,   35.147297,      -10.34,
 139.914775,   35.147297,      -10.40,
 139.919279,   35.147297,      -10.47,
 139.923784,   35.147297,      -10.55,
 139.928288,   35.147297,      -10.65,
 139.932793,   35.147297,      -10.76,
 139.937297,   35.147297,      -10.89,
 139.941802,   35.147297,      -11.02,
 139.946306,   35.147297,      -11.16,
 139.950811,   35.147297,      -11.30,
 139.955315,   35.147297,      -11.45,
 139.959820,   35.147297,      -11.60,
 139.964324,   35.147297,      -11.77,
 139.968829,   35.147297,      -11.93,
 139.973333,   35.147297,      -12.10,
 139.977838,   35.147297,      -12.27,
 139.982342,   35.147297,      -12.45,
 139.986847,   35.147297,      -12.63,
 139.991351,   35.147297,      -12.82,
 139.995856,   35.147297,      -13.01,
 140.000360,   35.147297,      -13.20,
 140.004865,   35.147297,      -13.39,
 140.009369,   35.147297,      -13.59,
 140.013874,   35.147297,      -13.79,
 140.018378,   35.147297,      -14.00,
 140.022883,   35.147297,      -14.21,
 140.027387,   35.147297,      -14.42,
 140.031892,   35.147297,      -14.64,
 140.036396,   35.147297,      -14.86,
 140.040901,   35.147297,      -15.09,
 140.045405,   35.147297,      -15.32,
 140.049910,   35.147297,      -15.55,
 140.054414,   35.147297,      -15.79,
 140.058919,   35.147297,      -16.03,
 140.063423,   35.147297,      -16.27,
 140.067928,   35.147297,      -16.52,
 140.072432,   35.147297,      -16.77,
 140.076937,   35.147297,      -17.02,
 140.081441,   35.147297,      -17.26,
 140.085946,   35.147297,      -17.49,
 140.090450,   35.147297,      -17.72,
 140.094955,   35.147297,      -17.94,
 140.099459,   35.147297,      -18.15,
 140.103964,   35.147297,      -18.36,
 140.108468,   35.147297,      -18.56,
 140.112973,   35.147297,      -18.76,
 140.117477,   35.147297,      -18.95,
 140.121982,   35.147297,      -19.14,
 140.126486,   35.147297,      -19.30,
 140.130991,   35.147297,      -19.45,
 140.135495,   35.147297,      -19.59,
 140.140000,   35.147297,      -19.72,
 140.144505,   35.147297,      -19.84,
 140.149009,   35.147297,      -19.94,
 140.153514,   35.147297,      -20.03,
 140.158018,   35.147297,      -20.11,
 140.162523,   35.147297,      -20.18,
 140.167027,   35.147297,      -20.23,
 140.171532,   35.147297,      -20.26,
 140.176036,   35.147297,      -20.30,
 140.180541,   35.147297,      -20.33,
 140.185045,   35.147297,      -20.36,
 140.189550,   35.147297,      -20.39,
 140.194054,   35.147297,      -20.42,
 140.198559,   35.147297,      -20.45,
 140.203063,   35.147297,      -20.48,
 140.207568,   35.147297,      -20.51,
 140.212072,   35.147297,      -20.54,
 140.216577,   35.147297,      -20.57,
 140.221081,   35.147297,      -20.60,
 140.225586,   35.147297,      -20.63,
 140.230090,   35.147297,      -20.66,
 140.234595,   35.147297,      -20.69,
 140.239099,   35.147297,      -20.73,
 140.243604,   35.147297,      -20.78,
 140.248108,   35.147297,      -20.85,
 140.252613,   35.147297,      -20.92,
 140.257117,   35.147297,      -21.01,
 140.261622,   35.147297,      -21.11,
 140.266126,   35.147297,      -21.20,
 140.270631,   35.147297,      -21.26,
 140.275135,   35.147297,      -21.26,
 140.279640,   35.147297,      -21.19,
 140.284144,   35.147297,      -21.06,
 140.288649,   35.147297,      -20.94,
 140.293153,   35.147297,      -20.84,
 140.297658,   35.147297,      -20.72,
 140.302162,   35.147297,      -20.70,
 140.306667,   35.147297,      -20.75,
 140.311171,   35.147297,      -20.79,
 140.315676,   35.147297,      -20.73,
 140.320180,   35.147297,      -20.55,
 140.324685,   35.147297,      -20.37,
 140.329189,   35.147297,      -20.22,
 140.333694,   35.147297,      -20.08,
 140.338198,   35.147297,      -20.02,
 140.342703,   35.147297,      -20.03,
 140.347207,   35.147297,      -20.00,
 140.351712,   35.147297,      -19.97,
 140.356216,   35.147297,      -19.90,
 140.360721,   35.147297,      -19.77,
 140.365225,   35.147297,      -19.55,
 140.369730,   35.147297,      -19.29,
 140.374234,   35.147297,      -18.96,
 140.378739,   35.147297,      -18.63,
 140.383243,   35.147297,      -18.22,
 140.387748,   35.147297,      -17.88,
 139.140000,   35.151802,       -5.35,
 139.144505,   35.151802,       -6.41,
 139.149009,   35.151802,       -7.44,
 139.153514,   35.151802,       -8.37,
 139.158018,   35.151802,       -9.26,
 139.162523,   35.151802,      -10.12,
 139.167027,   35.151802,      -10.94,
 139.171532,   35.151802,      -11.73,
 139.176036,   35.151802,      -12.37,
 139.180541,   35.151802,      -12.95,
 139.185045,   35.151802,      -13.52,
 139.189550,   35.151802,      -14.00,
 139.194054,   35.151802,      -14.34,
 139.198559,   35.151802,      -14.68,
 139.203063,   35.151802,      -15.01,
 139.207568,   35.151802,      -15.33,
 139.212072,   35.151802,      -15.65,
 139.216577,   35.151802,      -15.92,
 139.221081,   35.151802,      -16.18,
 139.225586,   35.151802,      -16.42,
 139.230090,   35.151802,      -16.66,
 139.234595,   35.151802,      -16.89,
 139.239099,   35.151802,      -17.11,
 139.243604,   35.151802,      -17.31,
 139.248108,   35.151802,      -17.44,
 139.252613,   35.151802,      -17.56,
 139.257117,   35.151802,      -17.66,
 139.261622,   35.151802,      -17.75,
 139.266126,   35.151802,      -17.84,
 139.270631,   35.151802,      -17.93,
 139.275135,   35.151802,      -18.03,
 139.279640,   35.151802,      -18.12,
 139.284144,   35.151802,      -18.20,
 139.288649,   35.151802,      -18.24,
 139.293153,   35.151802,      -18.27,
 139.297658,   35.151802,      -18.28,
 139.302162,   35.151802,      -18.28,
 139.306667,   35.151802,      -18.28,
 139.311171,   35.151802,      -18.28,
 139.315676,   35.151802,      -18.27,
 139.320180,   35.151802,      -18.26,
 139.324685,   35.151802,      -18.24,
 139.329189,   35.151802,      -18.19,
 139.333694,   35.151802,      -18.12,
 139.338198,   35.151802,      -18.04,
 139.342703,   35.151802,      -17.96,
 139.347207,   35.151802,      -17.88,
 139.351712,   35.151802,      -17.80,
 139.356216,   35.151802,      -17.72,
 139.360721,   35.151802,      -17.61,
 139.365225,   35.151802,      -17.47,
 139.369730,   35.151802,      -17.33,
 139.374234,   35.151802,      -17.19,
 139.378739,   35.151802,      -17.05,
 139.383243,   35.151802,      -16.90,
 139.387748,   35.151802,      -16.71,
 139.392252,   35.151802,      -16.51,
 139.396757,   35.151802,      -16.31,
 139.401261,   35.151802,      -16.11,
 139.405766,   35.151802,      -15.89,
 139.410270,   35.151802,      -15.58,
 139.414775,   35.151802,      -15.21,
 139.419279,   35.151802,      -14.84,
 139.423784,   35.151802,      -14.46,
 139.428288,   35.151802,      -14.08,
 139.432793,   35.151802,      -13.69,
 139.437297,   35.151802,      -13.27,
 139.441802,   35.151802,      -12.84,
 139.446306,   35.151802,      -12.39,
 139.450811,   35.151802,      -11.94,
 139.455315,   35.151802,      -11.51,
 139.459820,   35.151802,      -11.09,
 139.464324,   35.151802,      -10.69,
 139.468829,   35.151802,      -10.46,
 139.473333,   35.151802,      -10.30,
 139.477838,   35.151802,      -10.15,
 139.482342,   35.151802,      -10.01,
 139.486847,   35.151802,       -9.88,
 139.491351,   35.151802,       -9.75,
 139.495856,   35.151802,       -9.62,
 139.500360,   35.151802,       -9.53,
 139.504865,   35.151802,       -9.44,
 139.509369,   35.151802,       -9.35,
 139.513874,   35.151802,       -9.25,
 139.518378,   35.151802,       -9.11,
 139.522883,   35.151802,       -8.92,
 139.527387,   35.151802,       -8.64,
 139.531892,   35.151802,       -8.31,
 139.536396,   35.151802,       -7.86,
 139.540901,   35.151802,       -7.28,
 139.545405,   35.151802,       -6.65,
 139.549910,   35.151802,       -6.03,
 139.554414,   35.151802,       -5.45,
 139.558919,   35.151802,       -4.84,
 139.563423,   35.151802,       -4.25,
 139.567928,   35.151802,       -3.70,
 139.572432,   35.151802,       -3.17,
 139.576937,   35.151802,       -2.66,
 139.581441,   35.151802,       -2.35,
 139.585946,   35.151802,       -2.32,
 139.590450,   35.151802,       -2.44,
 139.594955,   35.151802,       -2.79,
 139.599459,   35.151802,       -3.04,
 139.603964,   35.151802,       -3.31,
 139.608468,   35.151802,       -3.86,
 139.612973,   35.151802,       -4.29,
 139.617477,   35.151802,       -5.11,
 139.621982,   35.151802,       -4.53,
 139.626486,   35.151802,       -3.88,
 139.630991,   35.151802,       -3.34,
 139.635495,   35.151802,       -2.87,
 139.640000,   35.151802,       -2.48,
 139.644505,   35.151802,       -2.15,
 139.649009,   35.151802,       -1.88,
 139.653514,   35.151802,       -1.73,
 139.658018,   35.151802,       -1.72,
 139.662523,   35.151802,       -1.76,
 139.667027,   35.151802,       -1.87,
 139.671532,   35.151802,       -2.07,
 139.676036,   35.151802,       -2.38,
 139.680541,   35.151802,       -2.77,
 139.685045,   35.151802,       -3.37,
 139.689550,   35.151802,       -4.11,
 139.694054,   35.151802,       -4.84,
 139.698559,   35.151802,       -5.10,
 139.703063,   35.151802,       -5.00,
 139.707568,   35.151802,       -4.64,
 139.712072,   35.151802,       -4.17,
 139.716577,   35.151802,       -3.59,
 139.721081,   35.151802,       -3.16,
 139.725586,   35.151802,       -3.22,
 139.730090,   35.151802,       -3.43,
 139.734595,   35.151802,       -3.71,
 139.739099,   35.151802,       -4.11,
 139.743604,   35.151802,       -4.58,
 139.748108,   35.151802,       -5.07,
 139.752613,   35.151802,       -5.45,
 139.757117,   35.151802,       -5.78,
 139.761622,   35.151802,       -6.01,
 139.766126,   35.151802,       -5.95,
 139.770631,   35.151802,       -5.74,
 139.775135,   35.151802,       -5.47,
 139.779640,   35.151802,       -5.04,
 139.784144,   35.151802,       -4.48,
 139.788649,   35.151802,       -3.88,
 139.793153,   35.151802,       -3.36,
 139.797658,   35.151802,       -3.42,
 139.802162,   35.151802,       -4.11,
 139.806667,   35.151802,       -4.63,
 139.811171,   35.151802,       -5.23,
 139.815676,   35.151802,       -6.90,
 139.820180,   35.151802,       -8.72,
 139.824685,   35.151802,      -10.04,
 139.829189,   35.151802,      -11.01,
 139.833694,   35.151802,       -9.70,
 139.838198,   35.151802,       -9.27,
 139.842703,   35.151802,       -9.32,
 139.847207,   35.151802,       -9.46,
 139.851712,   35.151802,       -9.56,
 139.856216,   35.151802,       -9.63,
 139.860721,   35.151802,       -9.67,
 139.865225,   35.151802,       -9.68,
 139.869730,   35.151802,       -9.69,
 139.874234,   35.151802,       -9.70,
 139.878739,   35.151802,       -9.71,
 139.883243,   35.151802,       -9.72,
 139.887748,   35.151802,       -9.73,
 139.892252,   35.151802,       -9.75,
 139.896757,   35.151802,       -9.77,
 139.901261,   35.151802,       -9.81,
 139.905766,   35.151802,       -9.86,
 139.910270,   35.151802,       -9.92,
 139.914775,   35.151802,       -9.99,
 139.919279,   35.151802,      -10.08,
 139.923784,   35.151802,      -10.19,
 139.928288,   35.151802,      -10.31,
 139.932793,   35.151802,      -10.43,
 139.937297,   35.151802,      -10.57,
 139.941802,   35.151802,      -10.71,
 139.946306,   35.151802,      -10.86,
 139.950811,   35.151802,      -11.02,
 139.955315,   35.151802,      -11.18,
 139.959820,   35.151802,      -11.34,
 139.964324,   35.151802,      -11.51,
 139.968829,   35.151802,      -11.68,
 139.973333,   35.151802,      -11.86,
 139.977838,   35.151802,      -12.04,
 139.982342,   35.151802,      -12.23,
 139.986847,   35.151802,      -12.41,
 139.991351,   35.151802,      -12.60,
 139.995856,   35.151802,      -12.80,
 140.000360,   35.151802,      -12.99,
 140.004865,   35.151802,      -13.19,
 140.009369,   35.151802,      -13.39,
 140.013874,   35.151802,      -13.60,
 140.018378,   35.151802,      -13.81,
 140.022883,   35.151802,      -14.02,
 140.027387,   35.151802,      -14.24,
 140.031892,   35.151802,      -14.46,
 140.036396,   35.151802,      -14.68,
 140.040901,   35.151802,      -14.91,
 140.045405,   35.151802,      -15.14,
 140.049910,   35.151802,      -15.37,
 140.054414,   35.151802,      -15.61,
 140.058919,   35.151802,      -15.85,
 140.063423,   35.151802,      -16.09,
 140.067928,   35.151802,      -16.34,
 140.072432,   35.151802,      -16.57,
 140.076937,   35.151802,      -16.81,
 140.081441,   35.151802,      -17.04,
 140.085946,   35.151802,      -17.26,
 140.090450,   35.151802,      -17.47,
 140.094955,   35.151802,      -17.68,
 140.099459,   35.151802,      -17.89,
 140.103964,   35.151802,      -18.09,
 140.108468,   35.151802,      -18.28,
 140.112973,   35.151802,      -18.47,
 140.117477,   35.151802,      -18.66,
 140.121982,   35.151802,      -18.83,
 140.126486,   35.151802,      -18.99,
 140.130991,   35.151802,      -19.14,
 140.135495,   35.151802,      -19.27,
 140.140000,   35.151802,      -19.40,
 140.144505,   35.151802,      -19.52,
 140.149009,   35.151802,      -19.63,
 140.153514,   35.151802,      -19.73,
 140.158018,   35.151802,      -19.81,
 140.162523,   35.151802,      -19.88,
 140.167027,   35.151802,      -19.94,
 140.171532,   35.151802,      -19.99,
 140.176036,   35.151802,      -20.03,
 140.180541,   35.151802,      -20.07,
 140.185045,   35.151802,      -20.10,
 140.189550,   35.151802,      -20.13,
 140.194054,   35.151802,      -20.16,
 140.198559,   35.151802,      -20.19,
 140.203063,   35.151802,      -20.22,
 140.207568,   35.151802,      -20.25,
 140.212072,   35.151802,      -20.28,
 140.216577,   35.151802,      -20.31,
 140.221081,   35.151802,      -20.33,
 140.225586,   35.151802,      -20.36,
 140.230090,   35.151802,      -20.39,
 140.234595,   35.151802,      -20.41,
 140.239099,   35.151802,      -20.44,
 140.243604,   35.151802,      -20.48,
 140.248108,   35.151802,      -20.52,
 140.252613,   35.151802,      -20.56,
 140.257117,   35.151802,      -20.62,
 140.261622,   35.151802,      -20.68,
 140.266126,   35.151802,      -20.76,
 140.270631,   35.151802,      -20.82,
 140.275135,   35.151802,      -20.88,
 140.279640,   35.151802,      -20.92,
 140.284144,   35.151802,      -20.91,
 140.288649,   35.151802,      -20.90,
 140.293153,   35.151802,      -20.83,
 140.297658,   35.151802,      -20.72,
 140.302162,   35.151802,      -20.73,
 140.306667,   35.151802,      -20.67,
 140.311171,   35.151802,      -20.58,
 140.315676,   35.151802,      -20.44,
 140.320180,   35.151802,      -20.27,
 140.324685,   35.151802,      -20.10,
 140.329189,   35.151802,      -19.95,
 140.333694,   35.151802,      -19.82,
 140.338198,   35.151802,      -19.74,
 140.342703,   35.151802,      -19.71,
 140.347207,   35.151802,      -19.67,
 140.351712,   35.151802,      -19.62,
 140.356216,   35.151802,      -19.53,
 140.360721,   35.151802,      -19.42,
 140.365225,   35.151802,      -19.33,
 140.369730,   35.151802,      -19.12,
 140.374234,   35.151802,      -18.83,
 140.378739,   35.151802,      -18.54,
 140.383243,   35.151802,      -18.24,
 140.387748,   35.151802,      -17.93,
 139.140000,   35.156306,       -5.21,
 139.144505,   35.156306,       -6.15,
 139.149009,   35.156306,       -7.08,
 139.153514,   35.156306,       -7.88,
 139.158018,   35.156306,       -8.65,
 139.162523,   35.156306,       -9.50,
 139.167027,   35.156306,      -10.47,
 139.171532,   35.156306,      -11.39,
 139.176036,   35.156306,      -12.25,
 139.180541,   35.156306,      -12.83,
 139.185045,   35.156306,      -13.39,
 139.189550,   35.156306,      -13.95,
 139.194054,   35.156306,      -14.33,
 139.198559,   35.156306,      -14.66,
 139.203063,   35.156306,      -14.99,
 139.207568,   35.156306,      -15.31,
 139.212072,   35.156306,      -15.63,
 139.216577,   35.156306,      -15.89,
 139.221081,   35.156306,      -16.14,
 139.225586,   35.156306,      -16.38,
 139.230090,   35.156306,      -16.62,
 139.234595,   35.156306,      -16.86,
 139.239099,   35.156306,      -17.09,
 139.243604,   35.156306,      -17.31,
 139.248108,   35.156306,      -17.43,
 139.252613,   35.156306,      -17.52,
 139.257117,   35.156306,      -17.61,
 139.261622,   35.156306,      -17.70,
 139.266126,   35.156306,      -17.80,
 139.270631,   35.156306,      -17.89,
 139.275135,   35.156306,      -17.98,
 139.279640,   35.156306,      -18.08,
 139.284144,   35.156306,      -18.17,
 139.288649,   35.156306,      -18.18,
 139.293153,   35.156306,      -18.19,
 139.297658,   35.156306,      -18.19,
 139.302162,   35.156306,      -18.20,
 139.306667,   35.156306,      -18.20,
 139.311171,   35.156306,      -18.19,
 139.315676,   35.156306,      -18.19,
 139.320180,   35.156306,      -18.18,
 139.324685,   35.156306,      -18.16,
 139.329189,   35.156306,      -18.09,
 139.333694,   35.156306,      -18.01,
 139.338198,   35.156306,      -17.94,
 139.342703,   35.156306,      -17.86,
 139.347207,   35.156306,      -17.78,
 139.351712,   35.156306,      -17.70,
 139.356216,   35.156306,      -17.62,
 139.360721,   35.156306,      -17.49,
 139.365225,   35.156306,      -17.34,
 139.369730,   35.156306,      -17.19,
 139.374234,   35.156306,      -17.05,
 139.378739,   35.156306,      -16.90,
 139.383243,   35.156306,      -16.74,
 139.387748,   35.156306,      -16.55,
 139.392252,   35.156306,      -16.34,
 139.396757,   35.156306,      -16.14,
 139.401261,   35.156306,      -15.93,
 139.405766,   35.156306,      -15.72,
 139.410270,   35.156306,      -15.43,
 139.414775,   35.156306,      -15.04,
 139.419279,   35.156306,      -14.66,
 139.423784,   35.156306,      -14.28,
 139.428288,   35.156306,      -13.89,
 139.432793,   35.156306,      -13.51,
 139.437297,   35.156306,      -13.10,
 139.441802,   35.156306,      -12.67,
 139.446306,   35.156306,      -12.24,
 139.450811,   35.156306,      -11.82,
 139.455315,   35.156306,      -11.41,
 139.459820,   35.156306,      -11.02,
 139.464324,   35.156306,      -10.66,
 139.468829,   35.156306,      -10.41,
 139.473333,   35.156306,      -10.22,
 139.477838,   35.156306,      -10.08,
 139.482342,   35.156306,       -9.94,
 139.486847,   35.156306,       -9.82,
 139.491351,   35.156306,       -9.70,
 139.495856,   35.156306,       -9.59,
 139.500360,   35.156306,       -9.50,
 139.504865,   35.156306,       -9.40,
 139.509369,   35.156306,       -9.31,
 139.513874,   35.156306,       -9.21,
 139.518378,   35.156306,       -9.10,
 139.522883,   35.156306,       -8.88,
 139.527387,   35.156306,       -8.50,
 139.531892,   35.156306,       -8.07,
 139.536396,   35.156306,       -7.59,
 139.540901,   35.156306,       -7.05,
 139.545405,   35.156306,       -6.45,
 139.549910,   35.156306,       -5.86,
 139.554414,   35.156306,       -5.31,
 139.558919,   35.156306,       -4.74,
 139.563423,   35.156306,       -4.17,
 139.567928,   35.156306,       -3.66,
 139.572432,   35.156306,       -3.15,
 139.576937,   35.156306,       -2.70,
 139.581441,   35.156306,       -2.44,
 139.585946,   35.156306,       -2.27,
 139.590450,   35.156306,       -2.43,
 139.594955,   35.156306,       -2.99,
 139.599459,   35.156306,       -3.46,
 139.603964,   35.156306,       -4.14,
 139.608468,   35.156306,       -5.10,
 139.612973,   35.156306,       -5.69,
 139.617477,   35.156306,       -5.90,
 139.621982,   35.156306,       -4.78,
 139.626486,   35.156306,       -3.98,
 139.630991,   35.156306,       -3.37,
 139.635495,   35.156306,       -2.87,
 139.640000,   35.156306,       -2.45,
 139.644505,   35.156306,       -2.08,
 139.649009,   35.156306,       -1.77,
 139.653514,   35.156306,       -1.55,
 139.658018,   35.156306,       -1.48,
 139.662523,   35.156306,       -1.54,
 139.667027,   35.156306,       -1.67,
 139.671532,   35.156306,       -1.91,
 139.676036,   35.156306,       -2.30,
 139.680541,   35.156306,       -2.74,
 139.685045,   35.156306,       -3.17,
 139.689550,   35.156306,       -3.64,
 139.694054,   35.156306,       -4.17,
 139.698559,   35.156306,       -4.48,
 139.703063,   35.156306,       -4.56,
 139.707568,   35.156306,       -4.18,
 139.712072,   35.156306,       -3.70,
 139.716577,   35.156306,       -3.13,
 139.721081,   35.156306,       -3.15,
 139.725586,   35.156306,       -3.33,
 139.730090,   35.156306,       -3.53,
 139.734595,   35.156306,       -3.90,
 139.739099,   35.156306,       -4.33,
 139.743604,   35.156306,       -4.78,
 139.748108,   35.156306,       -5.17,
 139.752613,   35.156306,       -5.52,
 139.757117,   35.156306,       -5.87,
 139.761622,   35.156306,       -5.97,
 139.766126,   35.156306,       -5.78,
 139.770631,   35.156306,       -5.57,
 139.775135,   35.156306,       -5.33,
 139.779640,   35.156306,       -4.79,
 139.784144,   35.156306,       -4.18,
 139.788649,   35.156306,       -3.52,
 139.793153,   35.156306,       -3.49,
 139.797658,   35.156306,       -4.22,
 139.802162,   35.156306,       -5.19,
 139.806667,   35.156306,       -6.02,
 139.811171,   35.156306,       -7.33,
 139.815676,   35.156306,       -9.40,
 139.820180,   35.156306,      -10.98,
 139.824685,   35.156306,       -9.92,
 139.829189,   35.156306,       -8.73,
 139.833694,   35.156306,       -8.29,
 139.838198,   35.156306,       -8.49,
 139.842703,   35.156306,       -8.61,
 139.847207,   35.156306,       -8.77,
 139.851712,   35.156306,       -8.90,
 139.856216,   35.156306,       -9.00,
 139.860721,   35.156306,       -9.06,
 139.865225,   35.156306,       -9.09,
 139.869730,   35.156306,       -9.12,
 139.874234,   35.156306,       -9.15,
 139.878739,   35.156306,       -9.17,
 139.883243,   35.156306,       -9.20,
 139.887748,   35.156306,       -9.23,
 139.892252,   35.156306,       -9.26,
 139.896757,   35.156306,       -9.30,
 139.901261,   35.156306,       -9.36,
 139.905766,   35.156306,       -9.42,
 139.910270,   35.156306,       -9.50,
 139.914775,   35.156306,       -9.60,
 139.919279,   35.156306,       -9.71,
 139.923784,   35.156306,       -9.83,
 139.928288,   35.156306,       -9.96,
 139.932793,   35.156306,      -10.11,
 139.937297,   35.156306,      -10.26,
 139.941802,   35.156306,      -10.41,
 139.946306,   35.156306,      -10.57,
 139.950811,   35.156306,      -10.74,
 139.955315,   35.156306,      -10.91,
 139.959820,   35.156306,      -11.08,
 139.964324,   35.156306,      -11.26,
 139.968829,   35.156306,      -11.44,
 139.973333,   35.156306,      -11.63,
 139.977838,   35.156306,      -11.81,
 139.982342,   35.156306,      -12.00,
 139.986847,   35.156306,      -12.20,
 139.991351,   35.156306,      -12.39,
 139.995856,   35.156306,      -12.59,
 140.000360,   35.156306,      -12.79,
 140.004865,   35.156306,      -12.99,
 140.009369,   35.156306,      -13.20,
 140.013874,   35.156306,      -13.41,
 140.018378,   35.156306,      -13.62,
 140.022883,   35.156306,      -13.84,
 140.027387,   35.156306,      -14.05,
 140.031892,   35.156306,      -14.28,
 140.036396,   35.156306,      -14.50,
 140.040901,   35.156306,      -14.73,
 140.045405,   35.156306,      -14.96,
 140.049910,   35.156306,      -15.19,
 140.054414,   35.156306,      -15.43,
 140.058919,   35.156306,      -15.67,
 140.063423,   35.156306,      -15.90,
 140.067928,   35.156306,      -16.14,
 140.072432,   35.156306,      -16.36,
 140.076937,   35.156306,      -16.59,
 140.081441,   35.156306,      -16.81,
 140.085946,   35.156306,      -17.02,
 140.090450,   35.156306,      -17.23,
 140.094955,   35.156306,      -17.43,
 140.099459,   35.156306,      -17.63,
 140.103964,   35.156306,      -17.82,
 140.108468,   35.156306,      -18.01,
 140.112973,   35.156306,      -18.19,
 140.117477,   35.156306,      -18.37,
 140.121982,   35.156306,      -18.54,
 140.126486,   35.156306,      -18.69,
 140.130991,   35.156306,      -18.83,
 140.135495,   35.156306,      -18.97,
 140.140000,   35.156306,      -19.09,
 140.144505,   35.156306,      -19.21,
 140.149009,   35.156306,      -19.32,
 140.153514,   35.156306,      -19.42,
 140.158018,   35.156306,      -19.51,
 140.162523,   35.156306,      -19.58,
 140.167027,   35.156306,      -19.65,
 140.171532,   35.156306,      -19.71,
 140.176036,   35.156306,      -19.75,
 140.180541,   35.156306,      -19.79,
 140.185045,   35.156306,      -19.83,
 140.189550,   35.156306,      -19.86,
 140.194054,   35.156306,      -19.89,
 140.198559,   35.156306,      -19.92,
 140.203063,   35.156306,      -19.95,
 140.207568,   35.156306,      -19.98,
 140.212072,   35.156306,      -20.01,
 140.216577,   35.156306,      -20.03,
 140.221081,   35.156306,      -20.06,
 140.225586,   35.156306,      -20.08,
 140.230090,   35.156306,      -20.11,
 140.234595,   35.156306,      -20.13,
 140.239099,   35.156306,      -20.16,
 140.243604,   35.156306,      -20.18,
 140.248108,   35.156306,      -20.21,
 140.252613,   35.156306,      -20.24,
 140.257117,   35.156306,      -20.28,
 140.261622,   35.156306,      -20.32,
 140.266126,   35.156306,      -20.37,
 140.270631,   35.156306,      -20.42,
 140.275135,   35.156306,      -20.47,
 140.279640,   35.156306,      -20.51,
 140.284144,   35.156306,      -20.54,
 140.288649,   35.156306,      -20.56,
 140.293153,   35.156306,      -20.54,
 140.297658,   35.156306,      -20.52,
 140.302162,   35.156306,      -20.49,
 140.306667,   35.156306,      -20.35,
 140.311171,   35.156306,      -20.23,
 140.315676,   35.156306,      -20.11,
 140.320180,   35.156306,      -19.96,
 140.324685,   35.156306,      -19.78,
 140.329189,   35.156306,      -19.55,
 140.333694,   35.156306,      -19.50,
 140.338198,   35.156306,      -19.45,
 140.342703,   35.156306,      -19.41,
 140.347207,   35.156306,      -19.36,
 140.351712,   35.156306,      -19.29,
 140.356216,   35.156306,      -19.20,
 140.360721,   35.156306,      -19.12,
 140.365225,   35.156306,      -19.07,
 140.369730,   35.156306,      -18.99,
 140.374234,   35.156306,      -18.74,
 140.378739,   35.156306,      -18.47,
 140.383243,   35.156306,      -18.22,
 140.387748,   35.156306,      -17.95,
 139.140000,   35.160811,       -5.25,
 139.144505,   35.160811,       -6.19,
 139.149009,   35.160811,       -7.09,
 139.153514,   35.160811,       -7.87,
 139.158018,   35.160811,       -8.66,
 139.162523,   35.160811,       -9.48,
 139.167027,   35.160811,      -10.39,
 139.171532,   35.160811,      -11.30,
 139.176036,   35.160811,      -12.16,
 139.180541,   35.160811,      -12.75,
 139.185045,   35.160811,      -13.33,
 139.189550,   35.160811,      -13.90,
 139.194054,   35.160811,      -14.33,
 139.198559,   35.160811,      -14.67,
 139.203063,   35.160811,      -14.99,
 139.207568,   35.160811,      -15.30,
 139.212072,   35.160811,      -15.60,
 139.216577,   35.160811,      -15.86,
 139.221081,   35.160811,      -16.10,
 139.225586,   35.160811,      -16.35,
 139.230090,   35.160811,      -16.59,
 139.234595,   35.160811,      -16.82,
 139.239099,   35.160811,      -17.05,
 139.243604,   35.160811,      -17.26,
 139.248108,   35.160811,      -17.38,
 139.252613,   35.160811,      -17.47,
 139.257117,   35.160811,      -17.56,
 139.261622,   35.160811,      -17.65,
 139.266126,   35.160811,      -17.74,
 139.270631,   35.160811,      -17.84,
 139.275135,   35.160811,      -17.93,
 139.279640,   35.160811,      -18.01,
 139.284144,   35.160811,      -18.08,
 139.288649,   35.160811,      -18.10,
 139.293153,   35.160811,      -18.11,
 139.297658,   35.160811,      -18.11,
 139.302162,   35.160811,      -18.11,
 139.306667,   35.160811,      -18.11,
 139.311171,   35.160811,      -18.11,
 139.315676,   35.160811,      -18.11,
 139.320180,   35.160811,      -18.10,
 139.324685,   35.160811,      -18.06,
 139.329189,   35.160811,      -17.99,
 139.333694,   35.160811,      -17.91,
 139.338198,   35.160811,      -17.84,
 139.342703,   35.160811,      -17.76,
 139.347207,   35.160811,      -17.68,
 139.351712,   35.160811,      -17.60,
 139.356216,   35.160811,      -17.49,
 139.360721,   35.160811,      -17.36,
 139.365225,   35.160811,      -17.20,
 139.369730,   35.160811,      -17.05,
 139.374234,   35.160811,      -16.90,
 139.378739,   35.160811,      -16.76,
 139.383243,   35.160811,      -16.59,
 139.387748,   35.160811,      -16.39,
 139.392252,   35.160811,      -16.18,
 139.396757,   35.160811,      -15.95,
 139.401261,   35.160811,      -15.74,
 139.405766,   35.160811,      -15.52,
 139.410270,   35.160811,      -15.23,
 139.414775,   35.160811,      -14.85,
 139.419279,   35.160811,      -14.47,
 139.423784,   35.160811,      -14.09,
 139.428288,   35.160811,      -13.71,
 139.432793,   35.160811,      -13.33,
 139.437297,   35.160811,      -12.93,
 139.441802,   35.160811,      -12.51,
 139.446306,   35.160811,      -12.10,
 139.450811,   35.160811,      -11.72,
 139.455315,   35.160811,      -11.33,
 139.459820,   35.160811,      -10.96,
 139.464324,   35.160811,      -10.63,
 139.468829,   35.160811,      -10.35,
 139.473333,   35.160811,      -10.14,
 139.477838,   35.160811,       -9.99,
 139.482342,   35.160811,       -9.86,
 139.486847,   35.160811,       -9.75,
 139.491351,   35.160811,       -9.64,
 139.495856,   35.160811,       -9.55,
 139.500360,   35.160811,       -9.46,
 139.504865,   35.160811,       -9.37,
 139.509369,   35.160811,       -9.27,
 139.513874,   35.160811,       -9.17,
 139.518378,   35.160811,       -9.05,
 139.522883,   35.160811,       -8.73,
 139.527387,   35.160811,       -8.28,
 139.531892,   35.160811,       -7.82,
 139.536396,   35.160811,       -7.34,
 139.540901,   35.160811,       -6.83,
 139.545405,   35.160811,       -6.25,
 139.549910,   35.160811,       -5.67,
 139.554414,   35.160811,       -5.12,
 139.558919,   35.160811,       -4.59,
 139.563423,   35.160811,       -4.10,
 139.567928,   35.160811,       -3.60,
 139.572432,   35.160811,       -3.10,
 139.576937,   35.160811,       -2.76,
 139.581441,   35.160811,       -2.51,
 139.585946,   35.160811,       -2.34,
 139.590450,   35.160811,       -2.72,
 139.594955,   35.160811,       -3.29,
 139.599459,   35.160811,       -3.82,
 139.603964,   35.160811,       -4.67,
 139.608468,   35.160811,       -5.78,
 139.612973,   35.160811,       -7.62,
 139.617477,   35.160811,       -6.02,
 139.621982,   35.160811,       -4.74,
 139.626486,   35.160811,       -3.91,
 139.630991,   35.160811,       -3.28,
 139.635495,   35.160811,       -2.77,
 139.640000,   35.160811,       -2.34,
 139.644505,   35.160811,       -1.95,
 139.649009,   35.160811,       -1.63,
 139.653514,   35.160811,       -1.37,
 139.658018,   35.160811,       -1.25,
 139.662523,   35.160811,       -1.29,
 139.667027,   35.160811,       -1.41,
 139.671532,   35.160811,       -1.82,
 139.676036,   35.160811,       -2.29,
 139.680541,   35.160811,       -2.77,
 139.685045,   35.160811,       -3.19,
 139.689550,   35.160811,       -3.57,
 139.694054,   35.160811,       -3.92,
 139.698559,   35.160811,       -4.19,
 139.703063,   35.160811,       -4.19,
 139.707568,   35.160811,       -3.88,
 139.712072,   35.160811,       -3.44,
 139.716577,   35.160811,       -3.20,
 139.721081,   35.160811,       -3.24,
 139.725586,   35.160811,       -3.40,
 139.730090,   35.160811,       -3.69,
 139.734595,   35.160811,       -4.09,
 139.739099,   35.160811,       -4.52,
 139.743604,   35.160811,       -4.92,
 139.748108,   35.160811,       -5.27,
 139.752613,   35.160811,       -5.62,
 139.757117,   35.160811,       -5.82,
 139.761622,   35.160811,       -5.77,
 139.766126,   35.160811,       -5.62,
 139.770631,   35.160811,       -5.38,
 139.775135,   35.160811,       -5.04,
 139.779640,   35.160811,       -4.57,
 139.784144,   35.160811,       -3.99,
 139.788649,   35.160811,       -3.63,
 139.793153,   35.160811,       -3.82,
 139.797658,   35.160811,       -4.58,
 139.802162,   35.160811,       -5.53,
 139.806667,   35.160811,       -6.52,
 139.811171,   35.160811,       -8.13,
 139.815676,   35.160811,      -10.01,
 139.820180,   35.160811,       -9.15,
 139.824685,   35.160811,       -5.04,
 139.829189,   35.160811,       -6.45,
 139.833694,   35.160811,       -7.03,
 139.838198,   35.160811,       -7.65,
 139.842703,   35.160811,       -7.89,
 139.847207,   35.160811,       -8.09,
 139.851712,   35.160811,       -8.25,
 139.856216,   35.160811,       -8.37,
 139.860721,   35.160811,       -8.45,
 139.865225,   35.160811,       -8.51,
 139.869730,   35.160811,       -8.56,
 139.874234,   35.160811,       -8.60,
 139.878739,   35.160811,       -8.65,
 139.883243,   35.160811,       -8.69,
 139.887748,   35.160811,       -8.74,
 139.892252,   35.160811,       -8.78,
 139.896757,   35.160811,       -8.84,
 139.901261,   35.160811,       -8.91,
 139.905766,   35.160811,       -8.99,
 139.910270,   35.160811,       -9.09,
 139.914775,   35.160811,       -9.21,
 139.919279,   35.160811,       -9.34,
 139.923784,   35.160811,       -9.48,
 139.928288,   35.160811,       -9.63,
 139.932793,   35.160811,       -9.79,
 139.937297,   35.160811,       -9.95,
 139.941802,   35.160811,      -10.12,
 139.946306,   35.160811,      -10.29,
 139.950811,   35.160811,      -10.47,
 139.955315,   35.160811,      -10.65,
 139.959820,   35.160811,      -10.83,
 139.964324,   35.160811,      -11.02,
 139.968829,   35.160811,      -11.20,
 139.973333,   35.160811,      -11.40,
 139.977838,   35.160811,      -11.59,
 139.982342,   35.160811,      -11.78,
 139.986847,   35.160811,      -11.98,
 139.991351,   35.160811,      -12.18,
 139.995856,   35.160811,      -12.38,
 140.000360,   35.160811,      -12.59,
 140.004865,   35.160811,      -12.79,
 140.009369,   35.160811,      -13.00,
 140.013874,   35.160811,      -13.21,
 140.018378,   35.160811,      -13.43,
 140.022883,   35.160811,      -13.65,
 140.027387,   35.160811,      -13.87,
 140.031892,   35.160811,      -14.09,
 140.036396,   35.160811,      -14.32,
 140.040901,   35.160811,      -14.54,
 140.045405,   35.160811,      -14.78,
 140.049910,   35.160811,      -15.01,
 140.054414,   35.160811,      -15.24,
 140.058919,   35.160811,      -15.47,
 140.063423,   35.160811,      -15.70,
 140.067928,   35.160811,      -15.92,
 140.072432,   35.160811,      -16.14,
 140.076937,   35.160811,      -16.36,
 140.081441,   35.160811,      -16.57,
 140.085946,   35.160811,      -16.78,
 140.090450,   35.160811,      -16.98,
 140.094955,   35.160811,      -17.17,
 140.099459,   35.160811,      -17.36,
 140.103964,   35.160811,      -17.55,
 140.108468,   35.160811,      -17.73,
 140.112973,   35.160811,      -17.91,
 140.117477,   35.160811,      -18.08,
 140.121982,   35.160811,      -18.25,
 140.126486,   35.160811,      -18.40,
 140.130991,   35.160811,      -18.54,
 140.135495,   35.160811,      -18.67,
 140.140000,   35.160811,      -18.79,
 140.144505,   35.160811,      -18.91,
 140.149009,   35.160811,      -19.02,
 140.153514,   35.160811,      -19.12,
 140.158018,   35.160811,      -19.20,
 140.162523,   35.160811,      -19.28,
 140.167027,   35.160811,      -19.35,
 140.171532,   35.160811,      -19.42,
 140.176036,   35.160811,      -19.47,
 140.180541,   35.160811,      -19.51,
 140.185045,   35.160811,      -19.55,
 140.189550,   35.160811,      -19.58,
 140.194054,   35.160811,      -19.61,
 140.198559,   35.160811,      -19.65,
 140.203063,   35.160811,      -19.67,
 140.207568,   35.160811,      -19.70,
 140.212072,   35.160811,      -19.73,
 140.216577,   35.160811,      -19.75,
 140.221081,   35.160811,      -19.78,
 140.225586,   35.160811,      -19.80,
 140.230090,   35.160811,      -19.83,
 140.234595,   35.160811,      -19.85,
 140.239099,   35.160811,      -19.87,
 140.243604,   35.160811,      -19.89,
 140.248108,   35.160811,      -19.91,
 140.252613,   35.160811,      -19.94,
 140.257117,   35.160811,      -19.96,
 140.261622,   35.160811,      -19.99,
 140.266126,   35.160811,      -20.02,
 140.270631,   35.160811,      -20.05,
 140.275135,   35.160811,      -20.09,
 140.279640,   35.160811,      -20.12,
 140.284144,   35.160811,      -20.15,
 140.288649,   35.160811,      -20.18,
 140.293153,   35.160811,      -20.19,
 140.297658,   35.160811,      -20.18,
 140.302162,   35.160811,      -20.14,
 140.306667,   35.160811,      -20.10,
 140.311171,   35.160811,      -20.03,
 140.315676,   35.160811,      -19.86,
 140.320180,   35.160811,      -19.67,
 140.324685,   35.160811,      -19.52,
 140.329189,   35.160811,      -19.33,
 140.333694,   35.160811,      -19.24,
 140.338198,   35.160811,      -19.19,
 140.342703,   35.160811,      -19.13,
 140.347207,   35.160811,      -19.04,
 140.351712,   35.160811,      -18.97,
 140.356216,   35.160811,      -18.90,
 140.360721,   35.160811,      -18.85,
 140.365225,   35.160811,      -18.80,
 140.369730,   35.160811,      -18.75,
 140.374234,   35.160811,      -18.64,
 140.378739,   35.160811,      -18.39,
 140.383243,   35.160811,      -18.14,
 140.387748,   35.160811,      -17.95,
 139.140000,   35.165315,       -5.29,
 139.144505,   35.165315,       -6.23,
 139.149009,   35.165315,       -7.11,
 139.153514,   35.165315,       -7.95,
 139.158018,   35.165315,       -8.79,
 139.162523,   35.165315,       -9.63,
 139.167027,   35.165315,      -10.47,
 139.171532,   35.165315,      -11.31,
 139.176036,   35.165315,      -12.10,
 139.180541,   35.165315,      -12.70,
 139.185045,   35.165315,      -13.29,
 139.189550,   35.165315,      -13.88,
 139.194054,   35.165315,      -14.34,
 139.198559,   35.165315,      -14.68,
 139.203063,   35.165315,      -14.98,
 139.207568,   35.165315,      -15.28,
 139.212072,   35.165315,      -15.57,
 139.216577,   35.165315,      -15.83,
 139.221081,   35.165315,      -16.08,
 139.225586,   35.165315,      -16.32,
 139.230090,   35.165315,      -16.55,
 139.234595,   35.165315,      -16.77,
 139.239099,   35.165315,      -16.97,
 139.243604,   35.165315,      -17.16,
 139.248108,   35.165315,      -17.30,
 139.252613,   35.165315,      -17.41,
 139.257117,   35.165315,      -17.51,
 139.261622,   35.165315,      -17.60,
 139.266126,   35.165315,      -17.69,
 139.270631,   35.165315,      -17.78,
 139.275135,   35.165315,      -17.86,
 139.279640,   35.165315,      -17.93,
 139.284144,   35.165315,      -17.99,
 139.288649,   35.165315,      -18.01,
 139.293153,   35.165315,      -18.03,
 139.297658,   35.165315,      -18.03,
 139.302162,   35.165315,      -18.04,
 139.306667,   35.165315,      -18.04,
 139.311171,   35.165315,      -18.04,
 139.315676,   35.165315,      -18.02,
 139.320180,   35.165315,      -18.00,
 139.324685,   35.165315,      -17.95,
 139.329189,   35.165315,      -17.88,
 139.333694,   35.165315,      -17.81,
 139.338198,   35.165315,      -17.73,
 139.342703,   35.165315,      -17.66,
 139.347207,   35.165315,      -17.58,
 139.351712,   35.165315,      -17.49,
 139.356216,   35.165315,      -17.37,
 139.360721,   35.165315,      -17.23,
 139.365225,   35.165315,      -17.07,
 139.369730,   35.165315,      -16.92,
 139.374234,   35.165315,      -16.76,
 139.378739,   35.165315,      -16.61,
 139.383243,   35.165315,      -16.45,
 139.387748,   35.165315,      -16.23,
 139.392252,   35.165315,      -16.00,
 139.396757,   35.165315,      -15.76,
 139.401261,   35.165315,      -15.53,
 139.405766,   35.165315,      -15.29,
 139.410270,   35.165315,      -15.00,
 139.414775,   35.165315,      -14.65,
 139.419279,   35.165315,      -14.27,
 139.423784,   35.165315,      -13.89,
 139.428288,   35.165315,      -13.51,
 139.432793,   35.165315,      -13.14,
 139.437297,   35.165315,      -12.76,
 139.441802,   35.165315,      -12.36,
 139.446306,   35.165315,      -11.99,
 139.450811,   35.165315,      -11.62,
 139.455315,   35.165315,      -11.26,
 139.459820,   35.165315,      -10.91,
 139.464324,   35.165315,      -10.58,
 139.468829,   35.165315,      -10.29,
 139.473333,   35.165315,      -10.05,
 139.477838,   35.165315,       -9.88,
 139.482342,   35.165315,       -9.77,
 139.486847,   35.165315,       -9.67,
 139.491351,   35.165315,       -9.57,
 139.495856,   35.165315,       -9.50,
 139.500360,   35.165315,       -9.43,
 139.504865,   35.165315,       -9.34,
 139.509369,   35.165315,       -9.23,
 139.513874,   35.165315,       -9.07,
 139.518378,   35.165315,       -8.86,
 139.522883,   35.165315,       -8.50,
 139.527387,   35.165315,       -8.07,
 139.531892,   35.165315,       -7.59,
 139.536396,   35.165315,       -7.08,
 139.540901,   35.165315,       -6.55,
 139.545405,   35.165315,       -5.99,
 139.549910,   35.165315,       -5.43,
 139.554414,   35.165315,       -4.89,
 139.558919,   35.165315,       -4.36,
 139.563423,   35.165315,       -3.96,
 139.567928,   35.165315,       -3.53,
 139.572432,   35.165315,       -3.10,
 139.576937,   35.165315,       -2.80,
 139.581441,   35.165315,       -2.52,
 139.585946,   35.165315,       -2.53,
 139.590450,   35.165315,       -2.99,
 139.594955,   35.165315,       -3.62,
 139.599459,   35.165315,       -4.13,
 139.603964,   35.165315,       -4.61,
 139.608468,   35.165315,       -5.43,
 139.612973,   35.165315,       -6.29,
 139.617477,   35.165315,       -5.53,
 139.621982,   35.165315,       -4.43,
 139.626486,   35.165315,       -3.65,
 139.630991,   35.165315,       -3.06,
 139.635495,   35.165315,       -2.57,
 139.640000,   35.165315,       -2.15,
 139.644505,   35.165315,       -1.78,
 139.649009,   35.165315,       -1.45,
 139.653514,   35.165315,       -1.18,
 139.658018,   35.165315,       -1.01,
 139.662523,   35.165315,       -1.03,
 139.667027,   35.165315,       -1.42,
 139.671532,   35.165315,       -1.87,
 139.676036,   35.165315,       -2.34,
 139.680541,   35.165315,       -2.80,
 139.685045,   35.165315,       -3.16,
 139.689550,   35.165315,       -3.51,
 139.694054,   35.165315,       -3.90,
 139.698559,   35.165315,       -4.03,
 139.703063,   35.165315,       -3.84,
 139.707568,   35.165315,       -3.63,
 139.712072,   35.165315,       -3.39,
 139.716577,   35.165315,       -3.33,
 139.721081,   35.165315,       -3.33,
 139.725586,   35.165315,       -3.47,
 139.730090,   35.165315,       -3.83,
 139.734595,   35.165315,       -4.25,
 139.739099,   35.165315,       -4.69,
 139.743604,   35.165315,       -5.01,
 139.748108,   35.165315,       -5.35,
 139.752613,   35.165315,       -5.72,
 139.757117,   35.165315,       -5.64,
 139.761622,   35.165315,       -5.54,
 139.766126,   35.165315,       -5.45,
 139.770631,   35.165315,       -5.17,
 139.775135,   35.165315,       -4.79,
 139.779640,   35.165315,       -4.37,
 139.784144,   35.165315,       -3.93,
 139.788649,   35.165315,       -3.77,
 139.793153,   35.165315,       -3.92,
 139.797658,   35.165315,       -4.51,
 139.802162,   35.165315,       -5.41,
 139.806667,   35.165315,       -6.04,
 139.811171,   35.165315,       -7.10,
 139.815676,   35.165315,       -6.05,
 139.820180,   35.165315,       -3.05,
 139.824685,   35.165315,       -2.02,
 139.829189,   35.165315,       -4.58,
 139.833694,   35.165315,       -5.70,
 139.838198,   35.165315,       -6.68,
 139.842703,   35.165315,       -7.15,
 139.847207,   35.165315,       -7.40,
 139.851712,   35.165315,       -7.61,
 139.856216,   35.165315,       -7.76,
 139.860721,   35.165315,       -7.86,
 139.865225,   35.165315,       -7.94,
 139.869730,   35.165315,       -8.00,
 139.874234,   35.165315,       -8.06,
 139.878739,   35.165315,       -8.12,
 139.883243,   35.165315,       -8.18,
 139.887748,   35.165315,       -8.24,
 139.892252,   35.165315,       -8.31,
 139.896757,   35.165315,       -8.38,
 139.901261,   35.165315,       -8.47,
 139.905766,   35.165315,       -8.57,
 139.910270,   35.165315,       -8.70,
 139.914775,   35.165315,       -8.84,
 139.919279,   35.165315,       -8.99,
 139.923784,   35.165315,       -9.14,
 139.928288,   35.165315,       -9.31,
 139.932793,   35.165315,       -9.48,
 139.937297,   35.165315,       -9.65,
 139.941802,   35.165315,       -9.83,
 139.946306,   35.165315,      -10.01,
 139.950811,   35.165315,      -10.20,
 139.955315,   35.165315,      -10.39,
 139.959820,   35.165315,      -10.58,
 139.964324,   35.165315,      -10.77,
 139.968829,   35.165315,      -10.97,
 139.973333,   35.165315,      -11.17,
 139.977838,   35.165315,      -11.36,
 139.982342,   35.165315,      -11.56,
 139.986847,   35.165315,      -11.76,
 139.991351,   35.165315,      -11.97,
 139.995856,   35.165315,      -12.17,
 140.000360,   35.165315,      -12.38,
 140.004865,   35.165315,      -12.59,
 140.009369,   35.165315,      -12.81,
 140.013874,   35.165315,      -13.02,
 140.018378,   35.165315,      -13.24,
 140.022883,   35.165315,      -13.46,
 140.027387,   35.165315,      -13.68,
 140.031892,   35.165315,      -13.90,
 140.036396,   35.165315,      -14.13,
 140.040901,   35.165315,      -14.36,
 140.045405,   35.165315,      -14.59,
 140.049910,   35.165315,      -14.82,
 140.054414,   35.165315,      -15.05,
 140.058919,   35.165315,      -15.27,
 140.063423,   35.165315,      -15.49,
 140.067928,   35.165315,      -15.70,
 140.072432,   35.165315,      -15.92,
 140.076937,   35.165315,      -16.12,
 140.081441,   35.165315,      -16.33,
 140.085946,   35.165315,      -16.53,
 140.090450,   35.165315,      -16.73,
 140.094955,   35.165315,      -16.92,
 140.099459,   35.165315,      -17.11,
 140.103964,   35.165315,      -17.29,
 140.108468,   35.165315,      -17.46,
 140.112973,   35.165315,      -17.64,
 140.117477,   35.165315,      -17.80,
 140.121982,   35.165315,      -17.96,
 140.126486,   35.165315,      -18.11,
 140.130991,   35.165315,      -18.24,
 140.135495,   35.165315,      -18.37,
 140.140000,   35.165315,      -18.49,
 140.144505,   35.165315,      -18.61,
 140.149009,   35.165315,      -18.71,
 140.153514,   35.165315,      -18.81,
 140.158018,   35.165315,      -18.90,
 140.162523,   35.165315,      -18.99,
 140.167027,   35.165315,      -19.06,
 140.171532,   35.165315,      -19.12,
 140.176036,   35.165315,      -19.18,
 140.180541,   35.165315,      -19.23,
 140.185045,   35.165315,      -19.27,
 140.189550,   35.165315,      -19.30,
 140.194054,   35.165315,      -19.34,
 140.198559,   35.165315,      -19.37,
 140.203063,   35.165315,      -19.40,
 140.207568,   35.165315,      -19.42,
 140.212072,   35.165315,      -19.45,
 140.216577,   35.165315,      -19.47,
 140.221081,   35.165315,      -19.50,
 140.225586,   35.165315,      -19.52,
 140.230090,   35.165315,      -19.54,
 140.234595,   35.165315,      -19.56,
 140.239099,   35.165315,      -19.58,
 140.243604,   35.165315,      -19.60,
 140.248108,   35.165315,      -19.62,
 140.252613,   35.165315,      -19.64,
 140.257117,   35.165315,      -19.66,
 140.261622,   35.165315,      -19.68,
 140.266126,   35.165315,      -19.70,
 140.270631,   35.165315,      -19.72,
 140.275135,   35.165315,      -19.74,
 140.279640,   35.165315,      -19.76,
 140.284144,   35.165315,      -19.78,
 140.288649,   35.165315,      -19.80,
 140.293153,   35.165315,      -19.82,
 140.297658,   35.165315,      -19.82,
 140.302162,   35.165315,      -19.81,
 140.306667,   35.165315,      -19.77,
 140.311171,   35.165315,      -19.73,
 140.315676,   35.165315,      -19.67,
 140.320180,   35.165315,      -19.57,
 140.324685,   35.165315,      -19.38,
 140.329189,   35.165315,      -19.14,
 140.333694,   35.165315,      -19.01,
 140.338198,   35.165315,      -18.96,
 140.342703,   35.165315,      -18.89,
 140.347207,   35.165315,      -18.78,
 140.351712,   35.165315,      -18.68,
 140.356216,   35.165315,      -18.63,
 140.360721,   35.165315,      -18.58,
 140.365225,   35.165315,      -18.54,
 140.369730,   35.165315,      -18.51,
 140.374234,   35.165315,      -18.47,
 140.378739,   35.165315,      -18.28,
 140.383243,   35.165315,      -18.10,
 140.387748,   35.165315,      -17.93,
 139.140000,   35.169820,       -5.33,
 139.144505,   35.169820,       -6.27,
 139.149009,   35.169820,       -7.16,
 139.153514,   35.169820,       -8.05,
 139.158018,   35.169820,       -8.93,
 139.162523,   35.169820,       -9.76,
 139.167027,   35.169820,      -10.54,
 139.171532,   35.169820,      -11.32,
 139.176036,   35.169820,      -12.03,
 139.180541,   35.169820,      -12.64,
 139.185045,   35.169820,      -13.24,
 139.189550,   35.169820,      -13.84,
 139.194054,   35.169820,      -14.38,
 139.198559,   35.169820,      -14.68,
 139.203063,   35.169820,      -14.97,
 139.207568,   35.169820,      -15.25,
 139.212072,   35.169820,      -15.54,
 139.216577,   35.169820,      -15.80,
 139.221081,   35.169820,      -16.05,
 139.225586,   35.169820,      -16.29,
 139.230090,   35.169820,      -16.50,
 139.234595,   35.169820,      -16.70,
 139.239099,   35.169820,      -16.89,
 139.243604,   35.169820,      -17.07,
 139.248108,   35.169820,      -17.21,
 139.252613,   35.169820,      -17.33,
 139.257117,   35.169820,      -17.45,
 139.261622,   35.169820,      -17.54,
 139.266126,   35.169820,      -17.63,
 139.270631,   35.169820,      -17.71,
 139.275135,   35.169820,      -17.78,
 139.279640,   35.169820,      -17.84,
 139.284144,   35.169820,      -17.89,
 139.288649,   35.169820,      -17.92,
 139.293153,   35.169820,      -17.94,
 139.297658,   35.169820,      -17.96,
 139.302162,   35.169820,      -17.97,
 139.306667,   35.169820,      -17.97,
 139.311171,   35.169820,      -17.96,
 139.315676,   35.169820,      -17.93,
 139.320180,   35.169820,      -17.89,
 139.324685,   35.169820,      -17.84,
 139.329189,   35.169820,      -17.77,
 139.333694,   35.169820,      -17.70,
 139.338198,   35.169820,      -17.63,
 139.342703,   35.169820,      -17.56,
 139.347207,   35.169820,      -17.48,
 139.351712,   35.169820,      -17.38,
 139.356216,   35.169820,      -17.25,
 139.360721,   35.169820,      -17.10,
 139.365225,   35.169820,      -16.94,
 139.369730,   35.169820,      -16.77,
 139.374234,   35.169820,      -16.62,
 139.378739,   35.169820,      -16.47,
 139.383243,   35.169820,      -16.29,
 139.387748,   35.169820,      -16.05,
 139.392252,   35.169820,      -15.80,
 139.396757,   35.169820,      -15.56,
 139.401261,   35.169820,      -15.32,
 139.405766,   35.169820,      -15.07,
 139.410270,   35.169820,      -14.78,
 139.414775,   35.169820,      -14.44,
 139.419279,   35.169820,      -14.06,
 139.423784,   35.169820,      -13.69,
 139.428288,   35.169820,      -13.32,
 139.432793,   35.169820,      -12.95,
 139.437297,   35.169820,      -12.58,
 139.441802,   35.169820,      -12.24,
 139.446306,   35.169820,      -11.88,
 139.450811,   35.169820,      -11.52,
 139.455315,   35.169820,      -11.18,
 139.459820,   35.169820,      -10.84,
 139.464324,   35.169820,      -10.51,
 139.468829,   35.169820,      -10.21,
 139.473333,   35.169820,       -9.95,
 139.477838,   35.169820,       -9.78,
 139.482342,   35.169820,       -9.68,
 139.486847,   35.169820,       -9.58,
 139.491351,   35.169820,       -9.50,
 139.495856,   35.169820,       -9.44,
 139.500360,   35.169820,       -9.38,
 139.504865,   35.169820,       -9.31,
 139.509369,   35.169820,       -9.17,
 139.513874,   35.169820,       -8.94,
 139.518378,   35.169820,       -8.63,
 139.522883,   35.169820,       -8.28,
 139.527387,   35.169820,       -7.87,
 139.531892,   35.169820,       -7.36,
 139.536396,   35.169820,       -6.78,
 139.540901,   35.169820,       -6.17,
 139.545405,   35.169820,       -5.59,
 139.549910,   35.169820,       -5.07,
 139.554414,   35.169820,       -4.58,
 139.558919,   35.169820,       -4.13,
 139.563423,   35.169820,       -3.77,
 139.567928,   35.169820,       -3.39,
 139.572432,   35.169820,       -3.14,
 139.576937,   35.169820,       -2.88,
 139.581441,   35.169820,       -2.62,
 139.585946,   35.169820,       -2.60,
 139.590450,   35.169820,       -3.01,
 139.594955,   35.169820,       -3.58,
 139.599459,   35.169820,       -4.03,
 139.603964,   35.169820,       -4.32,
 139.608468,   35.169820,       -4.70,
 139.612973,   35.169820,       -4.90,
 139.617477,   35.169820,       -4.51,
 139.621982,   35.169820,       -3.78,
 139.626486,   35.169820,       -3.19,
 139.630991,   35.169820,       -2.70,
 139.635495,   35.169820,       -2.28,
 139.640000,   35.169820,       -1.91,
 139.644505,   35.169820,       -1.57,
 139.649009,   35.169820,       -1.26,
 139.653514,   35.169820,       -1.01,
 139.658018,   35.169820,       -0.82,
 139.662523,   35.169820,       -1.08,
 139.667027,   35.169820,       -1.50,
 139.671532,   35.169820,       -1.94,
 139.676036,   35.169820,       -2.36,
 139.680541,   35.169820,       -2.72,
 139.685045,   35.169820,       -3.04,
 139.689550,   35.169820,       -3.39,
 139.694054,   35.169820,       -3.65,
 139.698559,   35.169820,       -3.69,
 139.703063,   35.169820,       -3.55,
 139.707568,   35.169820,       -3.40,
 139.712072,   35.169820,       -3.36,
 139.716577,   35.169820,       -3.34,
 139.721081,   35.169820,       -3.37,
 139.725586,   35.169820,       -3.55,
 139.730090,   35.169820,       -3.89,
 139.734595,   35.169820,       -4.29,
 139.739099,   35.169820,       -4.68,
 139.743604,   35.169820,       -5.03,
 139.748108,   35.169820,       -5.35,
 139.752613,   35.169820,       -5.46,
 139.757117,   35.169820,       -5.39,
 139.761622,   35.169820,       -5.29,
 139.766126,   35.169820,       -5.17,
 139.770631,   35.169820,       -4.97,
 139.775135,   35.169820,       -4.62,
 139.779640,   35.169820,       -4.10,
 139.784144,   35.169820,       -3.49,
 139.788649,   35.169820,       -3.34,
 139.793153,   35.169820,       -3.73,
 139.797658,   35.169820,       -4.95,
 139.802162,   35.169820,       -5.92,
 139.806667,   35.169820,       -6.30,
 139.811171,   35.169820,       -4.01,
 139.815676,   35.169820,       -0.55,
 139.820180,   35.169820,        2.67,
 139.824685,   35.169820,        0.26,
 139.829189,   35.169820,       -2.50,
 139.833694,   35.169820,       -4.19,
 139.838198,   35.169820,       -5.58,
 139.842703,   35.169820,       -6.36,
 139.847207,   35.169820,       -6.71,
 139.851712,   35.169820,       -6.96,
 139.856216,   35.169820,       -7.15,
 139.860721,   35.169820,       -7.28,
 139.865225,   35.169820,       -7.37,
 139.869730,   35.169820,       -7.46,
 139.874234,   35.169820,       -7.53,
 139.878739,   35.169820,       -7.61,
 139.883243,   35.169820,       -7.68,
 139.887748,   35.169820,       -7.75,
 139.892252,   35.169820,       -7.84,
 139.896757,   35.169820,       -7.93,
 139.901261,   35.169820,       -8.04,
 139.905766,   35.169820,       -8.17,
 139.910270,   35.169820,       -8.32,
 139.914775,   35.169820,       -8.48,
 139.919279,   35.169820,       -8.64,
 139.923784,   35.169820,       -8.82,
 139.928288,   35.169820,       -8.99,
 139.932793,   35.169820,       -9.18,
 139.937297,   35.169820,       -9.36,
 139.941802,   35.169820,       -9.55,
 139.946306,   35.169820,       -9.75,
 139.950811,   35.169820,       -9.94,
 139.955315,   35.169820,      -10.14,
 139.959820,   35.169820,      -10.34,
 139.964324,   35.169820,      -10.54,
 139.968829,   35.169820,      -10.74,
 139.973333,   35.169820,      -10.94,
 139.977838,   35.169820,      -11.14,
 139.982342,   35.169820,      -11.34,
 139.986847,   35.169820,      -11.55,
 139.991351,   35.169820,      -11.76,
 139.995856,   35.169820,      -11.97,
 140.000360,   35.169820,      -12.18,
 140.004865,   35.169820,      -12.39,
 140.009369,   35.169820,      -12.61,
 140.013874,   35.169820,      -12.83,
 140.018378,   35.169820,      -13.05,
 140.022883,   35.169820,      -13.27,
 140.027387,   35.169820,      -13.49,
 140.031892,   35.169820,      -13.72,
 140.036396,   35.169820,      -13.94,
 140.040901,   35.169820,      -14.17,
 140.045405,   35.169820,      -14.40,
 140.049910,   35.169820,      -14.62,
 140.054414,   35.169820,      -14.84,
 140.058919,   35.169820,      -15.06,
 140.063423,   35.169820,      -15.27,
 140.067928,   35.169820,      -15.48,
 140.072432,   35.169820,      -15.69,
 140.076937,   35.169820,      -15.89,
 140.081441,   35.169820,      -16.09,
 140.085946,   35.169820,      -16.29,
 140.090450,   35.169820,      -16.48,
 140.094955,   35.169820,      -16.67,
 140.099459,   35.169820,      -16.85,
 140.103964,   35.169820,      -17.03,
 140.108468,   35.169820,      -17.20,
 140.112973,   35.169820,      -17.36,
 140.117477,   35.169820,      -17.52,
 140.121982,   35.169820,      -17.68,
 140.126486,   35.169820,      -17.82,
 140.130991,   35.169820,      -17.95,
 140.135495,   35.169820,      -18.08,
 140.140000,   35.169820,      -18.20,
 140.144505,   35.169820,      -18.31,
 140.149009,   35.169820,      -18.42,
 140.153514,   35.169820,      -18.51,
 140.158018,   35.169820,      -18.61,
 140.162523,   35.169820,      -18.69,
 140.167027,   35.169820,      -18.76,
 140.171532,   35.169820,      -18.83,
 140.176036,   35.169820,      -18.89,
 140.180541,   35.169820,      -18.94,
 140.185045,   35.169820,      -18.99,
 140.189550,   35.169820,      -19.02,
 140.194054,   35.169820,      -19.06,
 140.198559,   35.169820,      -19.09,
 140.203063,   35.169820,      -19.12,
 140.207568,   35.169820,      -19.14,
 140.212072,   35.169820,      -19.17,
 140.216577,   35.169820,      -19.19,
 140.221081,   35.169820,      -19.21,
 140.225586,   35.169820,      -19.24,
 140.230090,   35.169820,      -19.26,
 140.234595,   35.169820,      -19.28,
 140.239099,   35.169820,      -19.30,
 140.243604,   35.169820,      -19.31,
 140.248108,   35.169820,      -19.33,
 140.252613,   35.169820,      -19.34,
 140.257117,   35.169820,      -19.36,
 140.261622,   35.169820,      -19.37,
 140.266126,   35.169820,      -19.39,
 140.270631,   35.169820,      -19.40,
 140.275135,   35.169820,      -19.42,
 140.279640,   35.169820,      -19.43,
 140.284144,   35.169820,      -19.44,
 140.288649,   35.169820,      -19.45,
 140.293153,   35.169820,      -19.46,
 140.297658,   35.169820,      -19.47,
 140.302162,   35.169820,      -19.47,
 140.306667,   35.169820,      -19.45,
 140.311171,   35.169820,      -19.42,
 140.315676,   35.169820,      -19.37,
 140.320180,   35.169820,      -19.31,
 140.324685,   35.169820,      -19.24,
 140.329189,   35.169820,      -19.12,
 140.333694,   35.169820,      -18.91,
 140.338198,   35.169820,      -18.78,
 140.342703,   35.169820,      -18.72,
 140.347207,   35.169820,      -18.60,
 140.351712,   35.169820,      -18.45,
 140.356216,   35.169820,      -18.36,
 140.360721,   35.169820,      -18.32,
 140.365225,   35.169820,      -18.30,
 140.369730,   35.169820,      -18.29,
 140.374234,   35.169820,      -18.26,
 140.378739,   35.169820,      -18.19,
 140.383243,   35.169820,      -18.06,
 140.387748,   35.169820,      -17.91,
 139.140000,   35.174324,       -5.37,
 139.144505,   35.174324,       -6.31,
 139.149009,   35.174324,       -7.21,
 139.153514,   35.174324,       -8.09,
 139.158018,   35.174324,       -8.98,
 139.162523,   35.174324,       -9.78,
 139.167027,   35.174324,      -10.53,
 139.171532,   35.174324,      -11.29,
 139.176036,   35.174324,      -11.97,
 139.180541,   35.174324,      -12.58,
 139.185045,   35.174324,      -13.18,
 139.189550,   35.174324,      -13.78,
 139.194054,   35.174324,      -14.32,
 139.198559,   35.174324,      -14.62,
 139.203063,   35.174324,      -14.91,
 139.207568,   35.174324,      -15.20,
 139.212072,   35.174324,      -15.50,
 139.216577,   35.174324,      -15.77,
 139.221081,   35.174324,      -16.03,
 139.225586,   35.174324,      -16.25,
 139.230090,   35.174324,      -16.45,
 139.234595,   35.174324,      -16.63,
 139.239099,   35.174324,      -16.80,
 139.243604,   35.174324,      -16.97,
 139.248108,   35.174324,      -17.12,
 139.252613,   35.174324,      -17.25,
 139.257117,   35.174324,      -17.38,
 139.261622,   35.174324,      -17.48,
 139.266126,   35.174324,      -17.57,
 139.270631,   35.174324,      -17.64,
 139.275135,   35.174324,      -17.70,
 139.279640,   35.174324,      -17.75,
 139.284144,   35.174324,      -17.80,
 139.288649,   35.174324,      -17.83,
 139.293153,   35.174324,      -17.86,
 139.297658,   35.174324,      -17.88,
 139.302162,   35.174324,      -17.89,
 139.306667,   35.174324,      -17.90,
 139.311171,   35.174324,      -17.88,
 139.315676,   35.174324,      -17.84,
 139.320180,   35.174324,      -17.79,
 139.324685,   35.174324,      -17.72,
 139.329189,   35.174324,      -17.66,
 139.333694,   35.174324,      -17.59,
 139.338198,   35.174324,      -17.53,
 139.342703,   35.174324,      -17.46,
 139.347207,   35.174324,      -17.38,
 139.351712,   35.174324,      -17.27,
 139.356216,   35.174324,      -17.13,
 139.360721,   35.174324,      -16.96,
 139.365225,   35.174324,      -16.78,
 139.369730,   35.174324,      -16.61,
 139.374234,   35.174324,      -16.45,
 139.378739,   35.174324,      -16.29,
 139.383243,   35.174324,      -16.09,
 139.387748,   35.174324,      -15.85,
 139.392252,   35.174324,      -15.60,
 139.396757,   35.174324,      -15.35,
 139.401261,   35.174324,      -15.10,
 139.405766,   35.174324,      -14.85,
 139.410270,   35.174324,      -14.57,
 139.414775,   35.174324,      -14.23,
 139.419279,   35.174324,      -13.86,
 139.423784,   35.174324,      -13.50,
 139.428288,   35.174324,      -13.14,
 139.432793,   35.174324,      -12.78,
 139.437297,   35.174324,      -12.42,
 139.441802,   35.174324,      -12.09,
 139.446306,   35.174324,      -11.75,
 139.450811,   35.174324,      -11.41,
 139.455315,   35.174324,      -11.08,
 139.459820,   35.174324,      -10.75,
 139.464324,   35.174324,      -10.43,
 139.468829,   35.174324,      -10.12,
 139.473333,   35.174324,       -9.84,
 139.477838,   35.174324,       -9.68,
 139.482342,   35.174324,       -9.58,
 139.486847,   35.174324,       -9.49,
 139.491351,   35.174324,       -9.41,
 139.495856,   35.174324,       -9.35,
 139.500360,   35.174324,       -9.30,
 139.504865,   35.174324,       -9.27,
 139.509369,   35.174324,       -9.08,
 139.513874,   35.174324,       -8.73,
 139.518378,   35.174324,       -8.37,
 139.522883,   35.174324,       -8.01,
 139.527387,   35.174324,       -7.67,
 139.531892,   35.174324,       -7.06,
 139.536396,   35.174324,       -6.40,
 139.540901,   35.174324,       -5.76,
 139.545405,   35.174324,       -5.16,
 139.549910,   35.174324,       -4.65,
 139.554414,   35.174324,       -4.24,
 139.558919,   35.174324,       -3.92,
 139.563423,   35.174324,       -3.59,
 139.567928,   35.174324,       -3.29,
 139.572432,   35.174324,       -3.13,
 139.576937,   35.174324,       -2.97,
 139.581441,   35.174324,       -2.78,
 139.585946,   35.174324,       -2.68,
 139.590450,   35.174324,       -2.82,
 139.594955,   35.174324,       -3.30,
 139.599459,   35.174324,       -3.72,
 139.603964,   35.174324,       -3.89,
 139.608468,   35.174324,       -4.03,
 139.612973,   35.174324,       -3.73,
 139.617477,   35.174324,       -3.36,
 139.621982,   35.174324,       -2.89,
 139.626486,   35.174324,       -2.60,
 139.630991,   35.174324,       -2.29,
 139.635495,   35.174324,       -1.96,
 139.640000,   35.174324,       -1.65,
 139.644505,   35.174324,       -1.36,
 139.649009,   35.174324,       -1.09,
 139.653514,   35.174324,       -0.86,
 139.658018,   35.174324,       -0.81,
 139.662523,   35.174324,       -1.14,
 139.667027,   35.174324,       -1.53,
 139.671532,   35.174324,       -1.97,
 139.676036,   35.174324,       -2.27,
 139.680541,   35.174324,       -2.58,
 139.685045,   35.174324,       -2.89,
 139.689550,   35.174324,       -3.19,
 139.694054,   35.174324,       -3.28,
 139.698559,   35.174324,       -3.33,
 139.703063,   35.174324,       -3.31,
 139.707568,   35.174324,       -3.23,
 139.712072,   35.174324,       -3.23,
 139.716577,   35.174324,       -3.26,
 139.721081,   35.174324,       -3.38,
 139.725586,   35.174324,       -3.60,
 139.730090,   35.174324,       -3.91,
 139.734595,   35.174324,       -4.25,
 139.739099,   35.174324,       -4.60,
 139.743604,   35.174324,       -5.01,
 139.748108,   35.174324,       -5.23,
 139.752613,   35.174324,       -5.20,
 139.757117,   35.174324,       -5.13,
 139.761622,   35.174324,       -4.90,
 139.766126,   35.174324,       -4.42,
 139.770631,   35.174324,       -4.42,
 139.775135,   35.174324,       -4.47,
 139.779640,   35.174324,       -3.76,
 139.784144,   35.174324,       -2.99,
 139.788649,   35.174324,       -2.42,
 139.793153,   35.174324,       -3.21,
 139.797658,   35.174324,       -4.99,
 139.802162,   35.174324,       -7.02,
 139.806667,   35.174324,       -4.19,
 139.811171,   35.174324,        0.50,
 139.815676,   35.174324,        4.22,
 139.820180,   35.174324,        6.52,
 139.824685,   35.174324,        3.17,
 139.829189,   35.174324,       -0.29,
 139.833694,   35.174324,       -2.59,
 139.838198,   35.174324,       -4.39,
 139.842703,   35.174324,       -5.52,
 139.847207,   35.174324,       -6.02,
 139.851712,   35.174324,       -6.33,
 139.856216,   35.174324,       -6.55,
 139.860721,   35.174324,       -6.71,
 139.865225,   35.174324,       -6.82,
 139.869730,   35.174324,       -6.92,
 139.874234,   35.174324,       -7.01,
 139.878739,   35.174324,       -7.10,
 139.883243,   35.174324,       -7.19,
 139.887748,   35.174324,       -7.27,
 139.892252,   35.174324,       -7.38,
 139.896757,   35.174324,       -7.50,
 139.901261,   35.174324,       -7.63,
 139.905766,   35.174324,       -7.78,
 139.910270,   35.174324,       -7.95,
 139.914775,   35.174324,       -8.13,
 139.919279,   35.174324,       -8.31,
 139.923784,   35.174324,       -8.50,
 139.928288,   35.174324,       -8.69,
 139.932793,   35.174324,       -8.88,
 139.937297,   35.174324,       -9.08,
 139.941802,   35.174324,       -9.28,
 139.946306,   35.174324,       -9.48,
 139.950811,   35.174324,       -9.69,
 139.955315,   35.174324,       -9.89,
 139.959820,   35.174324,      -10.09,
 139.964324,   35.174324,      -10.30,
 139.968829,   35.174324,      -10.50,
 139.973333,   35.174324,      -10.71,
 139.977838,   35.174324,      -10.92,
 139.982342,   35.174324,      -11.13,
 139.986847,   35.174324,      -11.34,
 139.991351,   35.174324,      -11.55,
 139.995856,   35.174324,      -11.76,
 140.000360,   35.174324,      -11.98,
 140.004865,   35.174324,      -12.19,
 140.009369,   35.174324,      -12.41,
 140.013874,   35.174324,      -12.63,
 140.018378,   35.174324,      -12.85,
 140.022883,   35.174324,      -13.08,
 140.027387,   35.174324,      -13.30,
 140.031892,   35.174324,      -13.53,
 140.036396,   35.174324,      -13.75,
 140.040901,   35.174324,      -13.97,
 140.045405,   35.174324,      -14.20,
 140.049910,   35.174324,      -14.41,
 140.054414,   35.174324,      -14.63,
 140.058919,   35.174324,      -14.84,
 140.063423,   35.174324,      -15.05,
 140.067928,   35.174324,      -15.25,
 140.072432,   35.174324,      -15.46,
 140.076937,   35.174324,      -15.66,
 140.081441,   35.174324,      -15.85,
 140.085946,   35.174324,      -16.04,
 140.090450,   35.174324,      -16.23,
 140.094955,   35.174324,      -16.41,
 140.099459,   35.174324,      -16.59,
 140.103964,   35.174324,      -16.76,
 140.108468,   35.174324,      -16.93,
 140.112973,   35.174324,      -17.09,
 140.117477,   35.174324,      -17.25,
 140.121982,   35.174324,      -17.40,
 140.126486,   35.174324,      -17.54,
 140.130991,   35.174324,      -17.67,
 140.135495,   35.174324,      -17.79,
 140.140000,   35.174324,      -17.91,
 140.144505,   35.174324,      -18.02,
 140.149009,   35.174324,      -18.12,
 140.153514,   35.174324,      -18.22,
 140.158018,   35.174324,      -18.31,
 140.162523,   35.174324,      -18.39,
 140.167027,   35.174324,      -18.47,
 140.171532,   35.174324,      -18.54,
 140.176036,   35.174324,      -18.60,
 140.180541,   35.174324,      -18.65,
 140.185045,   35.174324,      -18.70,
 140.189550,   35.174324,      -18.74,
 140.194054,   35.174324,      -18.78,
 140.198559,   35.174324,      -18.81,
 140.203063,   35.174324,      -18.84,
 140.207568,   35.174324,      -18.86,
 140.212072,   35.174324,      -18.89,
 140.216577,   35.174324,      -18.91,
 140.221081,   35.174324,      -18.93,
 140.225586,   35.174324,      -18.95,
 140.230090,   35.174324,      -18.97,
 140.234595,   35.174324,      -18.99,
 140.239099,   35.174324,      -19.01,
 140.243604,   35.174324,      -19.03,
 140.248108,   35.174324,      -19.04,
 140.252613,   35.174324,      -19.05,
 140.257117,   35.174324,      -19.07,
 140.261622,   35.174324,      -19.08,
 140.266126,   35.174324,      -19.09,
 140.270631,   35.174324,      -19.10,
 140.275135,   35.174324,      -19.11,
 140.279640,   35.174324,      -19.11,
 140.284144,   35.174324,      -19.12,
 140.288649,   35.174324,      -19.13,
 140.293153,   35.174324,      -19.13,
 140.297658,   35.174324,      -19.13,
 140.302162,   35.174324,      -19.13,
 140.306667,   35.174324,      -19.12,
 140.311171,   35.174324,      -19.10,
 140.315676,   35.174324,      -19.07,
 140.320180,   35.174324,      -19.02,
 140.324685,   35.174324,      -18.97,
 140.329189,   35.174324,      -18.90,
 140.333694,   35.174324,      -18.83,
 140.338198,   35.174324,      -18.69,
 140.342703,   35.174324,      -18.59,
 140.347207,   35.174324,      -18.46,
 140.351712,   35.174324,      -18.30,
 140.356216,   35.174324,      -18.14,
 140.360721,   35.174324,      -18.06,
 140.365225,   35.174324,      -18.08,
 140.369730,   35.174324,      -18.08,
 140.374234,   35.174324,      -18.07,
 140.378739,   35.174324,      -18.06,
 140.383243,   35.174324,      -17.99,
 140.387748,   35.174324,      -17.87,
 139.140000,   35.178829,       -5.60,
 139.144505,   35.178829,       -6.44,
 139.149009,   35.178829,       -7.28,
 139.153514,   35.178829,       -8.12,
 139.158018,   35.178829,       -8.98,
 139.162523,   35.178829,       -9.76,
 139.167027,   35.178829,      -10.51,
 139.171532,   35.178829,      -11.25,
 139.176036,   35.178829,      -11.92,
 139.180541,   35.178829,      -12.52,
 139.185045,   35.178829,      -13.11,
 139.189550,   35.178829,      -13.71,
 139.194054,   35.178829,      -14.19,
 139.198559,   35.178829,      -14.53,
 139.203063,   35.178829,      -14.83,
 139.207568,   35.178829,      -15.14,
 139.212072,   35.178829,      -15.44,
 139.216577,   35.178829,      -15.74,
 139.221081,   35.178829,      -16.01,
 139.225586,   35.178829,      -16.21,
 139.230090,   35.178829,      -16.38,
 139.234595,   35.178829,      -16.55,
 139.239099,   35.178829,      -16.71,
 139.243604,   35.178829,      -16.87,
 139.248108,   35.178829,      -17.03,
 139.252613,   35.178829,      -17.17,
 139.257117,   35.178829,      -17.31,
 139.261622,   35.178829,      -17.42,
 139.266126,   35.178829,      -17.51,
 139.270631,   35.178829,      -17.57,
 139.275135,   35.178829,      -17.62,
 139.279640,   35.178829,      -17.66,
 139.284144,   35.178829,      -17.70,
 139.288649,   35.178829,      -17.73,
 139.293153,   35.178829,      -17.76,
 139.297658,   35.178829,      -17.79,
 139.302162,   35.178829,      -17.82,
 139.306667,   35.178829,      -17.82,
 139.311171,   35.178829,      -17.79,
 139.315676,   35.178829,      -17.73,
 139.320180,   35.178829,      -17.66,
 139.324685,   35.178829,      -17.60,
 139.329189,   35.178829,      -17.53,
 139.333694,   35.178829,      -17.47,
 139.338198,   35.178829,      -17.42,
 139.342703,   35.178829,      -17.36,
 139.347207,   35.178829,      -17.28,
 139.351712,   35.178829,      -17.16,
 139.356216,   35.178829,      -16.99,
 139.360721,   35.178829,      -16.80,
 139.365225,   35.178829,      -16.62,
 139.369730,   35.178829,      -16.44,
 139.374234,   35.178829,      -16.26,
 139.378739,   35.178829,      -16.09,
 139.383243,   35.178829,      -15.88,
 139.387748,   35.178829,      -15.63,
 139.392252,   35.178829,      -15.38,
 139.396757,   35.178829,      -15.13,
 139.401261,   35.178829,      -14.88,
 139.405766,   35.178829,      -14.63,
 139.410270,   35.178829,      -14.37,
 139.414775,   35.178829,      -14.03,
 139.419279,   35.178829,      -13.67,
 139.423784,   35.178829,      -13.32,
 139.428288,   35.178829,      -12.96,
 139.432793,   35.178829,      -12.61,
 139.437297,   35.178829,      -12.27,
 139.441802,   35.178829,      -11.94,
 139.446306,   35.178829,      -11.61,
 139.450811,   35.178829,      -11.28,
 139.455315,   35.178829,      -10.96,
 139.459820,   35.178829,      -10.64,
 139.464324,   35.178829,      -10.33,
 139.468829,   35.178829,      -10.03,
 139.473333,   35.178829,       -9.73,
 139.477838,   35.178829,       -9.57,
 139.482342,   35.178829,       -9.47,
 139.486847,   35.178829,       -9.38,
 139.491351,   35.178829,       -9.30,
 139.495856,   35.178829,       -9.23,
 139.500360,   35.178829,       -9.18,
 139.504865,   35.178829,       -9.10,
 139.509369,   35.178829,       -8.80,
 139.513874,   35.178829,       -8.44,
 139.518378,   35.178829,       -8.07,
 139.522883,   35.178829,       -7.72,
 139.527387,   35.178829,       -7.29,
 139.531892,   35.178829,       -6.66,
 139.536396,   35.178829,       -6.00,
 139.540901,   35.178829,       -5.34,
 139.545405,   35.178829,       -4.71,
 139.549910,   35.178829,       -4.27,
 139.554414,   35.178829,       -3.98,
 139.558919,   35.178829,       -3.70,
 139.563423,   35.178829,       -3.40,
 139.567928,   35.178829,       -3.24,
 139.572432,   35.178829,       -3.17,
 139.576937,   35.178829,       -3.06,
 139.581441,   35.178829,       -2.90,
 139.585946,   35.178829,       -2.73,
 139.590450,   35.178829,       -2.86,
 139.594955,   35.178829,       -3.15,
 139.599459,   35.178829,       -3.33,
 139.603964,   35.178829,       -3.29,
 139.608468,   35.178829,       -3.25,
 139.612973,   35.178829,       -2.90,
 139.617477,   35.178829,       -2.46,
 139.621982,   35.178829,       -2.19,
 139.626486,   35.178829,       -2.10,
 139.630991,   35.178829,       -1.90,
 139.635495,   35.178829,       -1.66,
 139.640000,   35.178829,       -1.41,
 139.644505,   35.178829,       -1.17,
 139.649009,   35.178829,       -0.95,
 139.653514,   35.178829,       -0.74,
 139.658018,   35.178829,       -0.80,
 139.662523,   35.178829,       -1.11,
 139.667027,   35.178829,       -1.45,
 139.671532,   35.178829,       -1.80,
 139.676036,   35.178829,       -2.11,
 139.680541,   35.178829,       -2.42,
 139.685045,   35.178829,       -2.71,
 139.689550,   35.178829,       -2.87,
 139.694054,   35.178829,       -2.96,
 139.698559,   35.178829,       -3.00,
 139.703063,   35.178829,       -3.01,
 139.707568,   35.178829,       -2.98,
 139.712072,   35.178829,       -2.98,
 139.716577,   35.178829,       -3.07,
 139.721081,   35.178829,       -3.28,
 139.725586,   35.178829,       -3.51,
 139.730090,   35.178829,       -3.78,
 139.734595,   35.178829,       -4.08,
 139.739099,   35.178829,       -4.43,
 139.743604,   35.178829,       -4.78,
 139.748108,   35.178829,       -5.00,
 139.752613,   35.178829,       -5.02,
 139.757117,   35.178829,       -4.61,
 139.761622,   35.178829,       -3.34,
 139.766126,   35.178829,       -2.68,
 139.770631,   35.178829,       -2.77,
 139.775135,   35.178829,       -3.47,
 139.779640,   35.178829,       -3.45,
 139.784144,   35.178829,       -2.59,
 139.788649,   35.178829,       -1.10,
 139.793153,   35.178829,       -1.06,
 139.797658,   35.178829,       -2.76,
 139.802162,   35.178829,       -2.77,
 139.806667,   35.178829,        1.95,
 139.811171,   35.178829,        6.43,
 139.815676,   35.178829,       10.03,
 139.820180,   35.178829,       12.56,
 139.824685,   35.178829,        6.66,
 139.829189,   35.178829,        1.99,
 139.833694,   35.178829,       -0.98,
 139.838198,   35.178829,       -3.17,
 139.842703,   35.178829,       -4.66,
 139.847207,   35.178829,       -5.34,
 139.851712,   35.178829,       -5.72,
 139.856216,   35.178829,       -5.98,
 139.860721,   35.178829,       -6.16,
 139.865225,   35.178829,       -6.29,
 139.869730,   35.178829,       -6.40,
 139.874234,   35.178829,       -6.50,
 139.878739,   35.178829,       -6.60,
 139.883243,   35.178829,       -6.70,
 139.887748,   35.178829,       -6.81,
 139.892252,   35.178829,       -6.93,
 139.896757,   35.178829,       -7.07,
 139.901261,   35.178829,       -7.23,
 139.905766,   35.178829,       -7.41,
 139.910270,   35.178829,       -7.60,
 139.914775,   35.178829,       -7.79,
 139.919279,   35.178829,       -7.99,
 139.923784,   35.178829,       -8.19,
 139.928288,   35.178829,       -8.39,
 139.932793,   35.178829,       -8.60,
 139.937297,   35.178829,       -8.81,
 139.941802,   35.178829,       -9.02,
 139.946306,   35.178829,       -9.23,
 139.950811,   35.178829,       -9.44,
 139.955315,   35.178829,       -9.65,
 139.959820,   35.178829,       -9.86,
 139.964324,   35.178829,      -10.07,
 139.968829,   35.178829,      -10.28,
 139.973333,   35.178829,      -10.49,
 139.977838,   35.178829,      -10.70,
 139.982342,   35.178829,      -10.91,
 139.986847,   35.178829,      -11.13,
 139.991351,   35.178829,      -11.34,
 139.995856,   35.178829,      -11.56,
 140.000360,   35.178829,      -11.78,
 140.004865,   35.178829,      -12.00,
 140.009369,   35.178829,      -12.22,
 140.013874,   35.178829,      -12.44,
 140.018378,   35.178829,      -12.66,
 140.022883,   35.178829,      -12.88,
 140.027387,   35.178829,      -13.11,
 140.031892,   35.178829,      -13.33,
 140.036396,   35.178829,      -13.55,
 140.040901,   35.178829,      -13.77,
 140.045405,   35.178829,      -13.99,
 140.049910,   35.178829,      -14.20,
 140.054414,   35.178829,      -14.41,
 140.058919,   35.178829,      -14.62,
 140.063423,   35.178829,      -14.82,
 140.067928,   35.178829,      -15.03,
 140.072432,   35.178829,      -15.23,
 140.076937,   35.178829,      -15.42,
 140.081441,   35.178829,      -15.61,
 140.085946,   35.178829,      -15.80,
 140.090450,   35.178829,      -15.98,
 140.094955,   35.178829,      -16.16,
 140.099459,   35.178829,      -16.33,
 140.103964,   35.178829,      -16.50,
 140.108468,   35.178829,      -16.66,
 140.112973,   35.178829,      -16.82,
 140.117477,   35.178829,      -16.97,
 140.121982,   35.178829,      -17.12,
 140.126486,   35.178829,      -17.25,
 140.130991,   35.178829,      -17.38,
 140.135495,   35.178829,      -17.50,
 140.140000,   35.178829,      -17.62,
 140.144505,   35.178829,      -17.73,
 140.149009,   35.178829,      -17.83,
 140.153514,   35.178829,      -17.93,
 140.158018,   35.178829,      -18.02,
 140.162523,   35.178829,      -18.10,
 140.167027,   35.178829,      -18.18,
 140.171532,   35.178829,      -18.25,
 140.176036,   35.178829,      -18.31,
 140.180541,   35.178829,      -18.37,
 140.185045,   35.178829,      -18.41,
 140.189550,   35.178829,      -18.46,
 140.194054,   35.178829,      -18.50,
 140.198559,   35.178829,      -18.53,
 140.203063,   35.178829,      -18.56,
 140.207568,   35.178829,      -18.58,
 140.212072,   35.178829,      -18.61,
 140.216577,   35.178829,      -18.63,
 140.221081,   35.178829,      -18.66,
 140.225586,   35.178829,      -18.67,
 140.230090,   35.178829,      -18.69,
 140.234595,   35.178829,      -18.71,
 140.239099,   35.178829,      -18.73,
 140.243604,   35.178829,      -18.74,
 140.248108,   35.178829,      -18.75,
 140.252613,   35.178829,      -18.77,
 140.257117,   35.178829,      -18.78,
 140.261622,   35.178829,      -18.79,
 140.266126,   35.178829,      -18.80,
 140.270631,   35.178829,      -18.80,
 140.275135,   35.178829,      -18.81,
 140.279640,   35.178829,      -18.81,
 140.284144,   35.178829,      -18.81,
 140.288649,   35.178829,      -18.81,
 140.293153,   35.178829,      -18.81,
 140.297658,   35.178829,      -18.81,
 140.302162,   35.178829,      -18.81,
 140.306667,   35.178829,      -18.80,
 140.311171,   35.178829,      -18.78,
 140.315676,   35.178829,      -18.76,
 140.320180,   35.178829,      -18.73,
 140.324685,   35.178829,      -18.68,
 140.329189,   35.178829,      -18.62,
 140.333694,   35.178829,      -18.56,
 140.338198,   35.178829,      -18.50,
 140.342703,   35.178829,      -18.42,
 140.347207,   35.178829,      -18.32,
 140.351712,   35.178829,      -18.16,
 140.356216,   35.178829,      -18.00,
 140.360721,   35.178829,      -17.92,
 140.365225,   35.178829,      -17.90,
 140.369730,   35.178829,      -17.89,
 140.374234,   35.178829,      -17.89,
 140.378739,   35.178829,      -17.90,
 140.383243,   35.178829,      -17.89,
 140.387748,   35.178829,      -17.83,
 139.140000,   35.183333,       -6.24,
 139.144505,   35.183333,       -6.95,
 139.149009,   35.183333,       -7.64,
 139.153514,   35.183333,       -8.32,
 139.158018,   35.183333,       -8.99,
 139.162523,   35.183333,       -9.78,
 139.167027,   35.183333,      -10.54,
 139.171532,   35.183333,      -11.26,
 139.176036,   35.183333,      -11.87,
 139.180541,   35.183333,      -12.46,
 139.185045,   35.183333,      -13.04,
 139.189550,   35.183333,      -13.63,
 139.194054,   35.183333,      -14.08,
 139.198559,   35.183333,      -14.43,
 139.203063,   35.183333,      -14.75,
 139.207568,   35.183333,      -15.07,
 139.212072,   35.183333,      -15.39,
 139.216577,   35.183333,      -15.70,
 139.221081,   35.183333,      -15.99,
 139.225586,   35.183333,      -16.14,
 139.230090,   35.183333,      -16.29,
 139.234595,   35.183333,      -16.45,
 139.239099,   35.183333,      -16.61,
 139.243604,   35.183333,      -16.76,
 139.248108,   35.183333,      -16.92,
 139.252613,   35.183333,      -17.08,
 139.257117,   35.183333,      -17.23,
 139.261622,   35.183333,      -17.36,
 139.266126,   35.183333,      -17.44,
 139.270631,   35.183333,      -17.49,
 139.275135,   35.183333,      -17.53,
 139.279640,   35.183333,      -17.56,
 139.284144,   35.183333,      -17.59,
 139.288649,   35.183333,      -17.63,
 139.293153,   35.183333,      -17.66,
 139.297658,   35.183333,      -17.70,
 139.302162,   35.183333,      -17.74,
 139.306667,   35.183333,      -17.75,
 139.311171,   35.183333,      -17.68,
 139.315676,   35.183333,      -17.60,
 139.320180,   35.183333,      -17.53,
 139.324685,   35.183333,      -17.46,
 139.329189,   35.183333,      -17.40,
 139.333694,   35.183333,      -17.34,
 139.338198,   35.183333,      -17.29,
 139.342703,   35.183333,      -17.24,
 139.347207,   35.183333,      -17.19,
 139.351712,   35.183333,      -17.02,
 139.356216,   35.183333,      -16.82,
 139.360721,   35.183333,      -16.62,
 139.365225,   35.183333,      -16.43,
 139.369730,   35.183333,      -16.25,
 139.374234,   35.183333,      -16.07,
 139.378739,   35.183333,      -15.88,
 139.383243,   35.183333,      -15.66,
 139.387748,   35.183333,      -15.42,
 139.392252,   35.183333,      -15.17,
 139.396757,   35.183333,      -14.92,
 139.401261,   35.183333,      -14.66,
 139.405766,   35.183333,      -14.41,
 139.410270,   35.183333,      -14.16,
 139.414775,   35.183333,      -13.82,
 139.419279,   35.183333,      -13.47,
 139.423784,   35.183333,      -13.13,
 139.428288,   35.183333,      -12.78,
 139.432793,   35.183333,      -12.45,
 139.437297,   35.183333,      -12.11,
 139.441802,   35.183333,      -11.78,
 139.446306,   35.183333,      -11.45,
 139.450811,   35.183333,      -11.14,
 139.455315,   35.183333,      -10.83,
 139.459820,   35.183333,      -10.52,
 139.464324,   35.183333,      -10.21,
 139.468829,   35.183333,       -9.91,
 139.473333,   35.183333,       -9.62,
 139.477838,   35.183333,       -9.45,
 139.482342,   35.183333,       -9.35,
 139.486847,   35.183333,       -9.26,
 139.491351,   35.183333,       -9.17,
 139.495856,   35.183333,       -9.09,
 139.500360,   35.183333,       -9.01,
 139.504865,   35.183333,       -8.83,
 139.509369,   35.183333,       -8.49,
 139.513874,   35.183333,       -8.13,
 139.518378,   35.183333,       -7.77,
 139.522883,   35.183333,       -7.40,
 139.527387,   35.183333,       -6.92,
 139.531892,   35.183333,       -6.29,
 139.536396,   35.183333,       -5.64,
 139.540901,   35.183333,       -4.98,
 139.545405,   35.183333,       -4.34,
 139.549910,   35.183333,       -4.02,
 139.554414,   35.183333,       -3.76,
 139.558919,   35.183333,       -3.49,
 139.563423,   35.183333,       -3.24,
 139.567928,   35.183333,       -3.22,
 139.572432,   35.183333,       -3.24,
 139.576937,   35.183333,       -3.21,
 139.581441,   35.183333,       -3.03,
 139.585946,   35.183333,       -2.80,
 139.590450,   35.183333,       -2.76,
 139.594955,   35.183333,       -2.83,
 139.599459,   35.183333,       -2.68,
 139.603964,   35.183333,       -2.54,
 139.608468,   35.183333,       -2.54,
 139.612973,   35.183333,       -2.56,
 139.617477,   35.183333,       -2.33,
 139.621982,   35.183333,       -2.10,
 139.626486,   35.183333,       -1.87,
 139.630991,   35.183333,       -1.61,
 139.635495,   35.183333,       -1.38,
 139.640000,   35.183333,       -1.17,
 139.644505,   35.183333,       -0.99,
 139.649009,   35.183333,       -0.83,
 139.653514,   35.183333,       -0.64,
 139.658018,   35.183333,       -0.71,
 139.662523,   35.183333,       -1.00,
 139.667027,   35.183333,       -1.31,
 139.671532,   35.183333,       -1.61,
 139.676036,   35.183333,       -1.92,
 139.680541,   35.183333,       -2.24,
 139.685045,   35.183333,       -2.45,
 139.689550,   35.183333,       -2.57,
 139.694054,   35.183333,       -2.67,
 139.698559,   35.183333,       -2.71,
 139.703063,   35.183333,       -2.68,
 139.707568,   35.183333,       -2.65,
 139.712072,   35.183333,       -2.68,
 139.716577,   35.183333,       -2.85,
 139.721081,   35.183333,       -3.07,
 139.725586,   35.183333,       -3.31,
 139.730090,   35.183333,       -3.56,
 139.734595,   35.183333,       -3.84,
 139.739099,   35.183333,       -4.16,
 139.743604,   35.183333,       -4.45,
 139.748108,   35.183333,       -4.71,
 139.752613,   35.183333,       -4.88,
 139.757117,   35.183333,       -3.81,
 139.761622,   35.183333,       -2.09,
 139.766126,   35.183333,       -0.23,
 139.770631,   35.183333,       -1.09,
 139.775135,   35.183333,       -2.34,
 139.779640,   35.183333,       -2.99,
 139.784144,   35.183333,       -1.66,
 139.788649,   35.183333,        0.51,
 139.793153,   35.183333,        2.17,
 139.797658,   35.183333,        2.32,
 139.802162,   35.183333,        4.78,
 139.806667,   35.183333,       10.36,
 139.811171,   35.183333,       16.91,
 139.815676,   35.183333,       24.65,
 139.820180,   35.183333,       20.87,
 139.824685,   35.183333,       10.45,
 139.829189,   35.183333,        4.23,
 139.833694,   35.183333,        0.56,
 139.838198,   35.183333,       -1.98,
 139.842703,   35.183333,       -3.79,
 139.847207,   35.183333,       -4.69,
 139.851712,   35.183333,       -5.14,
 139.856216,   35.183333,       -5.42,
 139.860721,   35.183333,       -5.62,
 139.865225,   35.183333,       -5.76,
 139.869730,   35.183333,       -5.89,
 139.874234,   35.183333,       -6.00,
 139.878739,   35.183333,       -6.11,
 139.883243,   35.183333,       -6.22,
 139.887748,   35.183333,       -6.36,
 139.892252,   35.183333,       -6.50,
 139.896757,   35.183333,       -6.67,
 139.901261,   35.183333,       -6.86,
 139.905766,   35.183333,       -7.05,
 139.910270,   35.183333,       -7.26,
 139.914775,   35.183333,       -7.46,
 139.919279,   35.183333,       -7.68,
 139.923784,   35.183333,       -7.89,
 139.928288,   35.183333,       -8.10,
 139.932793,   35.183333,       -8.32,
 139.937297,   35.183333,       -8.54,
 139.941802,   35.183333,       -8.76,
 139.946306,   35.183333,       -8.97,
 139.950811,   35.183333,       -9.19,
 139.955315,   35.183333,       -9.41,
 139.959820,   35.183333,       -9.62,
 139.964324,   35.183333,       -9.84,
 139.968829,   35.183333,      -10.05,
 139.973333,   35.183333,      -10.27,
 139.977838,   35.183333,      -10.48,
 139.982342,   35.183333,      -10.70,
 139.986847,   35.183333,      -10.92,
 139.991351,   35.183333,      -11.14,
 139.995856,   35.183333,      -11.36,
 140.000360,   35.183333,      -11.58,
 140.004865,   35.183333,      -11.80,
 140.009369,   35.183333,      -12.02,
 140.013874,   35.183333,      -12.24,
 140.018378,   35.183333,      -12.47,
 140.022883,   35.183333,      -12.69,
 140.027387,   35.183333,      -12.91,
 140.031892,   35.183333,      -13.13,
 140.036396,   35.183333,      -13.35,
 140.040901,   35.183333,      -13.57,
 140.045405,   35.183333,      -13.78,
 140.049910,   35.183333,      -13.99,
 140.054414,   35.183333,      -14.20,
 140.058919,   35.183333,      -14.40,
 140.063423,   35.183333,      -14.60,
 140.067928,   35.183333,      -14.80,
 140.072432,   35.183333,      -15.00,
 140.076937,   35.183333,      -15.19,
 140.081441,   35.183333,      -15.38,
 140.085946,   35.183333,      -15.56,
 140.090450,   35.183333,      -15.74,
 140.094955,   35.183333,      -15.91,
 140.099459,   35.183333,      -16.08,
 140.103964,   35.183333,      -16.24,
 140.108468,   35.183333,      -16.40,
 140.112973,   35.183333,      -16.55,
 140.117477,   35.183333,      -16.70,
 140.121982,   35.183333,      -16.84,
 140.126486,   35.183333,      -16.97,
 140.130991,   35.183333,      -17.10,
 140.135495,   35.183333,      -17.22,
 140.140000,   35.183333,      -17.33,
 140.144505,   35.183333,      -17.44,
 140.149009,   35.183333,      -17.54,
 140.153514,   35.183333,      -17.64,
 140.158018,   35.183333,      -17.73,
 140.162523,   35.183333,      -17.81,
 140.167027,   35.183333,      -17.89,
 140.171532,   35.183333,      -17.96,
 140.176036,   35.183333,      -18.02,
 140.180541,   35.183333,      -18.08,
 140.185045,   35.183333,      -18.13,
 140.189550,   35.183333,      -18.17,
 140.194054,   35.183333,      -18.21,
 140.198559,   35.183333,      -18.25,
 140.203063,   35.183333,      -18.28,
 140.207568,   35.183333,      -18.31,
 140.212072,   35.183333,      -18.33,
 140.216577,   35.183333,      -18.36,
 140.221081,   35.183333,      -18.38,
 140.225586,   35.183333,      -18.40,
 140.230090,   35.183333,      -18.41,
 140.234595,   35.183333,      -18.43,
 140.239099,   35.183333,      -18.44,
 140.243604,   35.183333,      -18.46,
 140.248108,   35.183333,      -18.47,
 140.252613,   35.183333,      -18.48,
 140.257117,   35.183333,      -18.49,
 140.261622,   35.183333,      -18.50,
 140.266126,   35.183333,      -18.51,
 140.270631,   35.183333,      -18.51,
 140.275135,   35.183333,      -18.52,
 140.279640,   35.183333,      -18.52,
 140.284144,   35.183333,      -18.52,
 140.288649,   35.183333,      -18.52,
 140.293153,   35.183333,      -18.52,
 140.297658,   35.183333,      -18.51,
 140.302162,   35.183333,      -18.51,
 140.306667,   35.183333,      -18.50,
 140.311171,   35.183333,      -18.49,
 140.315676,   35.183333,      -18.47,
 140.320180,   35.183333,      -18.44,
 140.324685,   35.183333,      -18.41,
 140.329189,   35.183333,      -18.36,
 140.333694,   35.183333,      -18.30,
 140.338198,   35.183333,      -18.24,
 140.342703,   35.183333,      -18.17,
 140.347207,   35.183333,      -18.10,
 140.351712,   35.183333,      -18.02,
 140.356216,   35.183333,      -17.89,
 140.360721,   35.183333,      -17.84,
 140.365225,   35.183333,      -17.80,
 140.369730,   35.183333,      -17.75,
 140.374234,   35.183333,      -17.76,
 140.378739,   35.183333,      -17.78,
 140.383243,   35.183333,      -17.78,
 140.387748,   35.183333,      -17.76,
 139.140000,   35.187838,       -6.84,
 139.144505,   35.187838,       -7.43,
 139.149009,   35.187838,       -8.04,
 139.153514,   35.187838,       -8.63,
 139.158018,   35.187838,       -9.20,
 139.162523,   35.187838,       -9.86,
 139.167027,   35.187838,      -10.61,
 139.171532,   35.187838,      -11.25,
 139.176036,   35.187838,      -11.84,
 139.180541,   35.187838,      -12.40,
 139.185045,   35.187838,      -12.98,
 139.189550,   35.187838,      -13.56,
 139.194054,   35.187838,      -13.99,
 139.198559,   35.187838,      -14.34,
 139.203063,   35.187838,      -14.68,
 139.207568,   35.187838,      -15.00,
 139.212072,   35.187838,      -15.32,
 139.216577,   35.187838,      -15.62,
 139.221081,   35.187838,      -15.87,
 139.225586,   35.187838,      -16.03,
 139.230090,   35.187838,      -16.19,
 139.234595,   35.187838,      -16.34,
 139.239099,   35.187838,      -16.50,
 139.243604,   35.187838,      -16.66,
 139.248108,   35.187838,      -16.81,
 139.252613,   35.187838,      -16.98,
 139.257117,   35.187838,      -17.14,
 139.261622,   35.187838,      -17.30,
 139.266126,   35.187838,      -17.37,
 139.270631,   35.187838,      -17.40,
 139.275135,   35.187838,      -17.42,
 139.279640,   35.187838,      -17.45,
 139.284144,   35.187838,      -17.48,
 139.288649,   35.187838,      -17.52,
 139.293153,   35.187838,      -17.55,
 139.297658,   35.187838,      -17.59,
 139.302162,   35.187838,      -17.63,
 139.306667,   35.187838,      -17.61,
 139.311171,   35.187838,      -17.54,
 139.315676,   35.187838,      -17.46,
 139.320180,   35.187838,      -17.39,
 139.324685,   35.187838,      -17.32,
 139.329189,   35.187838,      -17.26,
 139.333694,   35.187838,      -17.20,
 139.338198,   35.187838,      -17.14,
 139.342703,   35.187838,      -17.08,
 139.347207,   35.187838,      -16.99,
 139.351712,   35.187838,      -16.82,
 139.356216,   35.187838,      -16.62,
 139.360721,   35.187838,      -16.42,
 139.365225,   35.187838,      -16.23,
 139.369730,   35.187838,      -16.04,
 139.374234,   35.187838,      -15.86,
 139.378739,   35.187838,      -15.67,
 139.383243,   35.187838,      -15.45,
 139.387748,   35.187838,      -15.21,
 139.392252,   35.187838,      -14.95,
 139.396757,   35.187838,      -14.69,
 139.401261,   35.187838,      -14.42,
 139.405766,   35.187838,      -14.16,
 139.410270,   35.187838,      -13.90,
 139.414775,   35.187838,      -13.59,
 139.419279,   35.187838,      -13.25,
 139.423784,   35.187838,      -12.92,
 139.428288,   35.187838,      -12.59,
 139.432793,   35.187838,      -12.27,
 139.437297,   35.187838,      -11.94,
 139.441802,   35.187838,      -11.61,
 139.446306,   35.187838,      -11.29,
 139.450811,   35.187838,      -10.99,
 139.455315,   35.187838,      -10.68,
 139.459820,   35.187838,      -10.38,
 139.464324,   35.187838,      -10.08,
 139.468829,   35.187838,       -9.77,
 139.473333,   35.187838,       -9.51,
 139.477838,   35.187838,       -9.32,
 139.482342,   35.187838,       -9.21,
 139.486847,   35.187838,       -9.11,
 139.491351,   35.187838,       -9.02,
 139.495856,   35.187838,       -8.93,
 139.500360,   35.187838,       -8.81,
 139.504865,   35.187838,       -8.54,
 139.509369,   35.187838,       -8.16,
 139.513874,   35.187838,       -7.79,
 139.518378,   35.187838,       -7.44,
 139.522883,   35.187838,       -7.09,
 139.527387,   35.187838,       -6.56,
 139.531892,   35.187838,       -5.93,
 139.536396,   35.187838,       -5.30,
 139.540901,   35.187838,       -4.67,
 139.545405,   35.187838,       -4.11,
 139.549910,   35.187838,       -3.78,
 139.554414,   35.187838,       -3.53,
 139.558919,   35.187838,       -3.29,
 139.563423,   35.187838,       -3.09,
 139.567928,   35.187838,       -3.12,
 139.572432,   35.187838,       -3.19,
 139.576937,   35.187838,       -3.32,
 139.581441,   35.187838,       -3.37,
 139.585946,   35.187838,       -3.13,
 139.590450,   35.187838,       -2.63,
 139.594955,   35.187838,       -1.96,
 139.599459,   35.187838,       -1.76,
 139.603964,   35.187838,       -1.84,
 139.608468,   35.187838,       -2.08,
 139.612973,   35.187838,       -2.27,
 139.617477,   35.187838,       -2.24,
 139.621982,   35.187838,       -1.91,
 139.626486,   35.187838,       -1.54,
 139.630991,   35.187838,       -1.24,
 139.635495,   35.187838,       -1.00,
 139.640000,   35.187838,       -0.82,
 139.644505,   35.187838,       -0.68,
 139.649009,   35.187838,       -0.57,
 139.653514,   35.187838,       -0.49,
 139.658018,   35.187838,       -0.60,
 139.662523,   35.187838,       -0.87,
 139.667027,   35.187838,       -1.14,
 139.671532,   35.187838,       -1.39,
 139.676036,   35.187838,       -1.69,
 139.680541,   35.187838,       -2.00,
 139.685045,   35.187838,       -2.20,
 139.689550,   35.187838,       -2.33,
 139.694054,   35.187838,       -2.41,
 139.698559,   35.187838,       -2.40,
 139.703063,   35.187838,       -2.36,
 139.707568,   35.187838,       -2.33,
 139.712072,   35.187838,       -2.41,
 139.716577,   35.187838,       -2.59,
 139.721081,   35.187838,       -2.81,
 139.725586,   35.187838,       -3.03,
 139.730090,   35.187838,       -3.28,
 139.734595,   35.187838,       -3.56,
 139.739099,   35.187838,       -3.86,
 139.743604,   35.187838,       -4.14,
 139.748108,   35.187838,       -4.40,
 139.752613,   35.187838,       -4.56,
 139.757117,   35.187838,       -3.72,
 139.761622,   35.187838,       -2.06,
 139.766126,   35.187838,       -0.81,
 139.770631,   35.187838,       -1.10,
 139.775135,   35.187838,       -2.20,
 139.779640,   35.187838,       -1.86,
 139.784144,   35.187838,        0.61,
 139.788649,   35.187838,        2.81,
 139.793153,   35.187838,        3.54,
 139.797658,   35.187838,        2.66,
 139.802162,   35.187838,        4.85,
 139.806667,   35.187838,       12.56,
 139.811171,   35.187838,       26.57,
 139.815676,   35.187838,       40.86,
 139.820180,   35.187838,       31.26,
 139.824685,   35.187838,       14.16,
 139.829189,   35.187838,        6.24,
 139.833694,   35.187838,        1.89,
 139.838198,   35.187838,       -0.93,
 139.842703,   35.187838,       -2.91,
 139.847207,   35.187838,       -4.06,
 139.851712,   35.187838,       -4.60,
 139.856216,   35.187838,       -4.90,
 139.860721,   35.187838,       -5.11,
 139.865225,   35.187838,       -5.26,
 139.869730,   35.187838,       -5.39,
 139.874234,   35.187838,       -5.51,
 139.878739,   35.187838,       -5.63,
 139.883243,   35.187838,       -5.77,
 139.887748,   35.187838,       -5.92,
 139.892252,   35.187838,       -6.09,
 139.896757,   35.187838,       -6.29,
 139.901261,   35.187838,       -6.49,
 139.905766,   35.187838,       -6.71,
 139.910270,   35.187838,       -6.93,
 139.914775,   35.187838,       -7.15,
 139.919279,   35.187838,       -7.37,
 139.923784,   35.187838,       -7.60,
 139.928288,   35.187838,       -7.83,
 139.932793,   35.187838,       -8.05,
 139.937297,   35.187838,       -8.28,
 139.941802,   35.187838,       -8.50,
 139.946306,   35.187838,       -8.73,
 139.950811,   35.187838,       -8.95,
 139.955315,   35.187838,       -9.17,
 139.959820,   35.187838,       -9.39,
 139.964324,   35.187838,       -9.61,
 139.968829,   35.187838,       -9.83,
 139.973333,   35.187838,      -10.05,
 139.977838,   35.187838,      -10.27,
 139.982342,   35.187838,      -10.49,
 139.986847,   35.187838,      -10.71,
 139.991351,   35.187838,      -10.93,
 139.995856,   35.187838,      -11.15,
 140.000360,   35.187838,      -11.38,
 140.004865,   35.187838,      -11.60,
 140.009369,   35.187838,      -11.82,
 140.013874,   35.187838,      -12.05,
 140.018378,   35.187838,      -12.27,
 140.022883,   35.187838,      -12.50,
 140.027387,   35.187838,      -12.72,
 140.031892,   35.187838,      -12.93,
 140.036396,   35.187838,      -13.15,
 140.040901,   35.187838,      -13.36,
 140.045405,   35.187838,      -13.57,
 140.049910,   35.187838,      -13.77,
 140.054414,   35.187838,      -13.98,
 140.058919,   35.187838,      -14.18,
 140.063423,   35.187838,      -14.38,
 140.067928,   35.187838,      -14.57,
 140.072432,   35.187838,      -14.77,
 140.076937,   35.187838,      -14.95,
 140.081441,   35.187838,      -15.14,
 140.085946,   35.187838,      -15.32,
 140.090450,   35.187838,      -15.49,
 140.094955,   35.187838,      -15.66,
 140.099459,   35.187838,      -15.82,
 140.103964,   35.187838,      -15.98,
 140.108468,   35.187838,      -16.14,
 140.112973,   35.187838,      -16.29,
 140.117477,   35.187838,      -16.43,
 140.121982,   35.187838,      -16.57,
 140.126486,   35.187838,      -16.70,
 140.130991,   35.187838,      -16.82,
 140.135495,   35.187838,      -16.94,
 140.140000,   35.187838,      -17.05,
 140.144505,   35.187838,      -17.15,
 140.149009,   35.187838,      -17.25,
 140.153514,   35.187838,      -17.35,
 140.158018,   35.187838,      -17.44,
 140.162523,   35.187838,      -17.52,
 140.167027,   35.187838,      -17.60,
 140.171532,   35.187838,      -17.67,
 140.176036,   35.187838,      -17.74,
 140.180541,   35.187838,      -17.79,
 140.185045,   35.187838,      -17.85,
 140.189550,   35.187838,      -17.89,
 140.194054,   35.187838,      -17.93,
 140.198559,   35.187838,      -17.97,
 140.203063,   35.187838,      -18.00,
 140.207568,   35.187838,      -18.03,
 140.212072,   35.187838,      -18.05,
 140.216577,   35.187838,      -18.08,
 140.221081,   35.187838,      -18.10,
 140.225586,   35.187838,      -18.12,
 140.230090,   35.187838,      -18.14,
 140.234595,   35.187838,      -18.15,
 140.239099,   35.187838,      -18.17,
 140.243604,   35.187838,      -18.18,
 140.248108,   35.187838,      -18.19,
 140.252613,   35.187838,      -18.20,
 140.257117,   35.187838,      -18.21,
 140.261622,   35.187838,      -18.22,
 140.266126,   35.187838,      -18.23,
 140.270631,   35.187838,      -18.23,
 140.275135,   35.187838,      -18.24,
 140.279640,   35.187838,      -18.24,
 140.284144,   35.187838,      -18.24,
 140.288649,   35.187838,      -18.24,
 140.293153,   35.187838,      -18.24,
 140.297658,   35.187838,      -18.23,
 140.302162,   35.187838,      -18.23,
 140.306667,   35.187838,      -18.22,
 140.311171,   35.187838,      -18.21,
 140.315676,   35.187838,      -18.20,
 140.320180,   35.187838,      -18.18,
 140.324685,   35.187838,      -18.16,
 140.329189,   35.187838,      -18.13,
 140.333694,   35.187838,      -18.08,
 140.338198,   35.187838,      -18.04,
 140.342703,   35.187838,      -17.98,
 140.347207,   35.187838,      -17.93,
 140.351712,   35.187838,      -17.86,
 140.356216,   35.187838,      -17.80,
 140.360721,   35.187838,      -17.82,
 140.365225,   35.187838,      -17.80,
 140.369730,   35.187838,      -17.76,
 140.374234,   35.187838,      -17.73,
 140.378739,   35.187838,      -17.71,
 140.383243,   35.187838,      -17.72,
 140.387748,   35.187838,      -17.71,
 139.140000,   35.192342,       -7.33,
 139.144505,   35.192342,       -7.81,
 139.149009,   35.192342,       -8.36,
 139.153514,   35.192342,       -8.89,
 139.158018,   35.192342,       -9.42,
 139.162523,   35.192342,       -9.99,
 139.167027,   35.192342,      -10.65,
 139.171532,   35.192342,      -11.22,
 139.176036,   35.192342,      -11.77,
 139.180541,   35.192342,      -12.33,
 139.185045,   35.192342,      -12.90,
 139.189550,   35.192342,      -13.48,
 139.194054,   35.192342,      -13.90,
 139.198559,   35.192342,      -14.26,
 139.203063,   35.192342,      -14.61,
 139.207568,   35.192342,      -14.94,
 139.212072,   35.192342,      -15.25,
 139.216577,   35.192342,      -15.52,
 139.221081,   35.192342,      -15.73,
 139.225586,   35.192342,      -15.91,
 139.230090,   35.192342,      -16.07,
 139.234595,   35.192342,      -16.23,
 139.239099,   35.192342,      -16.38,
 139.243604,   35.192342,      -16.54,
 139.248108,   35.192342,      -16.70,
 139.252613,   35.192342,      -16.85,
 139.257117,   35.192342,      -17.01,
 139.261622,   35.192342,      -17.17,
 139.266126,   35.192342,      -17.25,
 139.270631,   35.192342,      -17.27,
 139.275135,   35.192342,      -17.30,
 139.279640,   35.192342,      -17.33,
 139.284144,   35.192342,      -17.37,
 139.288649,   35.192342,      -17.40,
 139.293153,   35.192342,      -17.44,
 139.297658,   35.192342,      -17.46,
 139.302162,   35.192342,      -17.47,
 139.306667,   35.192342,      -17.43,
 139.311171,   35.192342,      -17.38,
 139.315676,   35.192342,      -17.31,
 139.320180,   35.192342,      -17.24,
 139.324685,   35.192342,      -17.17,
 139.329189,   35.192342,      -17.11,
 139.333694,   35.192342,      -17.03,
 139.338198,   35.192342,      -16.96,
 139.342703,   35.192342,      -16.87,
 139.347207,   35.192342,      -16.74,
 139.351712,   35.192342,      -16.57,
 139.356216,   35.192342,      -16.39,
 139.360721,   35.192342,      -16.20,
 139.365225,   35.192342,      -16.01,
 139.369730,   35.192342,      -15.82,
 139.374234,   35.192342,      -15.64,
 139.378739,   35.192342,      -15.45,
 139.383243,   35.192342,      -15.25,
 139.387748,   35.192342,      -14.99,
 139.392252,   35.192342,      -14.72,
 139.396757,   35.192342,      -14.45,
 139.401261,   35.192342,      -14.18,
 139.405766,   35.192342,      -13.90,
 139.410270,   35.192342,      -13.62,
 139.414775,   35.192342,      -13.33,
 139.419279,   35.192342,      -13.02,
 139.423784,   35.192342,      -12.70,
 139.428288,   35.192342,      -12.39,
 139.432793,   35.192342,      -12.08,
 139.437297,   35.192342,      -11.77,
 139.441802,   35.192342,      -11.45,
 139.446306,   35.192342,      -11.14,
 139.450811,   35.192342,      -10.84,
 139.455315,   35.192342,      -10.54,
 139.459820,   35.192342,      -10.24,
 139.464324,   35.192342,       -9.94,
 139.468829,   35.192342,       -9.65,
 139.473333,   35.192342,       -9.39,
 139.477838,   35.192342,       -9.20,
 139.482342,   35.192342,       -9.07,
 139.486847,   35.192342,       -8.96,
 139.491351,   35.192342,       -8.85,
 139.495856,   35.192342,       -8.76,
 139.500360,   35.192342,       -8.59,
 139.504865,   35.192342,       -8.19,
 139.509369,   35.192342,       -7.79,
 139.513874,   35.192342,       -7.42,
 139.518378,   35.192342,       -7.07,
 139.522883,   35.192342,       -6.73,
 139.527387,   35.192342,       -6.16,
 139.531892,   35.192342,       -5.54,
 139.536396,   35.192342,       -4.94,
 139.540901,   35.192342,       -4.35,
 139.545405,   35.192342,       -3.85,
 139.549910,   35.192342,       -3.52,
 139.554414,   35.192342,       -3.31,
 139.558919,   35.192342,       -3.09,
 139.563423,   35.192342,       -2.95,
 139.567928,   35.192342,       -2.97,
 139.572432,   35.192342,       -3.00,
 139.576937,   35.192342,       -3.33,
 139.581441,   35.192342,       -3.84,
 139.585946,   35.192342,       -3.68,
 139.590450,   35.192342,       -1.82,
 139.594955,   35.192342,        0.14,
 139.599459,   35.192342,        0.02,
 139.603964,   35.192342,       -1.13,
 139.608468,   35.192342,       -1.74,
 139.612973,   35.192342,       -1.94,
 139.617477,   35.192342,       -1.96,
 139.621982,   35.192342,       -1.50,
 139.626486,   35.192342,       -1.09,
 139.630991,   35.192342,       -0.77,
 139.635495,   35.192342,       -0.54,
 139.640000,   35.192342,       -0.39,
 139.644505,   35.192342,       -0.30,
 139.649009,   35.192342,       -0.27,
 139.653514,   35.192342,       -0.28,
 139.658018,   35.192342,       -0.40,
 139.662523,   35.192342,       -0.72,
 139.667027,   35.192342,       -0.97,
 139.671532,   35.192342,       -1.16,
 139.676036,   35.192342,       -1.40,
 139.680541,   35.192342,       -1.71,
 139.685045,   35.192342,       -1.96,
 139.689550,   35.192342,       -2.13,
 139.694054,   35.192342,       -2.16,
 139.698559,   35.192342,       -2.10,
 139.703063,   35.192342,       -2.03,
 139.707568,   35.192342,       -2.06,
 139.712072,   35.192342,       -2.16,
 139.716577,   35.192342,       -2.29,
 139.721081,   35.192342,       -2.50,
 139.725586,   35.192342,       -2.71,
 139.730090,   35.192342,       -2.96,
 139.734595,   35.192342,       -3.22,
 139.739099,   35.192342,       -3.51,
 139.743604,   35.192342,       -3.85,
 139.748108,   35.192342,       -4.06,
 139.752613,   35.192342,       -4.14,
 139.757117,   35.192342,       -4.11,
 139.761622,   35.192342,       -3.08,
 139.766126,   35.192342,       -2.21,
 139.770631,   35.192342,       -2.24,
 139.775135,   35.192342,       -2.36,
 139.779640,   35.192342,       -0.26,
 139.784144,   35.192342,        2.89,
 139.788649,   35.192342,        5.33,
 139.793153,   35.192342,        3.42,
 139.797658,   35.192342,        0.90,
 139.802162,   35.192342,       -0.66,
 139.806667,   35.192342,        9.68,
 139.811171,   35.192342,       23.85,
 139.815676,   35.192342,       38.72,
 139.820180,   35.192342,       40.00,
 139.824685,   35.192342,       17.14,
 139.829189,   35.192342,        7.74,
 139.833694,   35.192342,        2.82,
 139.838198,   35.192342,       -0.12,
 139.842703,   35.192342,       -2.14,
 139.847207,   35.192342,       -3.46,
 139.851712,   35.192342,       -4.08,
 139.856216,   35.192342,       -4.42,
 139.860721,   35.192342,       -4.62,
 139.865225,   35.192342,       -4.76,
 139.869730,   35.192342,       -4.90,
 139.874234,   35.192342,       -5.03,
 139.878739,   35.192342,       -5.16,
 139.883243,   35.192342,       -5.32,
 139.887748,   35.192342,       -5.50,
 139.892252,   35.192342,       -5.70,
 139.896757,   35.192342,       -5.92,
 139.901261,   35.192342,       -6.15,
 139.905766,   35.192342,       -6.38,
 139.910270,   35.192342,       -6.61,
 139.914775,   35.192342,       -6.85,
 139.919279,   35.192342,       -7.08,
 139.923784,   35.192342,       -7.32,
 139.928288,   35.192342,       -7.55,
 139.932793,   35.192342,       -7.79,
 139.937297,   35.192342,       -8.02,
 139.941802,   35.192342,       -8.26,
 139.946306,   35.192342,       -8.49,
 139.950811,   35.192342,       -8.71,
 139.955315,   35.192342,       -8.94,
 139.959820,   35.192342,       -9.16,
 139.964324,   35.192342,       -9.39,
 139.968829,   35.192342,       -9.61,
 139.973333,   35.192342,       -9.83,
 139.977838,   35.192342,      -10.06,
 139.982342,   35.192342,      -10.28,
 139.986847,   35.192342,      -10.50,
 139.991351,   35.192342,      -10.73,
 139.995856,   35.192342,      -10.95,
 140.000360,   35.192342,      -11.18,
 140.004865,   35.192342,      -11.40,
 140.009369,   35.192342,      -11.63,
 140.013874,   35.192342,      -11.85,
 140.018378,   35.192342,      -12.08,
 140.022883,   35.192342,      -12.30,
 140.027387,   35.192342,      -12.51,
 140.031892,   35.192342,      -12.73,
 140.036396,   35.192342,      -12.94,
 140.040901,   35.192342,      -13.15,
 140.045405,   35.192342,      -13.36,
 140.049910,   35.192342,      -13.56,
 140.054414,   35.192342,      -13.76,
 140.058919,   35.192342,      -13.96,
 140.063423,   35.192342,      -14.15,
 140.067928,   35.192342,      -14.35,
 140.072432,   35.192342,      -14.54,
 140.076937,   35.192342,      -14.72,
 140.081441,   35.192342,      -14.90,
 140.085946,   35.192342,      -15.07,
 140.090450,   35.192342,      -15.24,
 140.094955,   35.192342,      -15.41,
 140.099459,   35.192342,      -15.57,
 140.103964,   35.192342,      -15.72,
 140.108468,   35.192342,      -15.87,
 140.112973,   35.192342,      -16.02,
 140.117477,   35.192342,      -16.16,
 140.121982,   35.192342,      -16.29,
 140.126486,   35.192342,      -16.42,
 140.130991,   35.192342,      -16.54,
 140.135495,   35.192342,      -16.66,
 140.140000,   35.192342,      -16.77,
 140.144505,   35.192342,      -16.87,
 140.149009,   35.192342,      -16.97,
 140.153514,   35.192342,      -17.07,
 140.158018,   35.192342,      -17.15,
 140.162523,   35.192342,      -17.24,
 140.167027,   35.192342,      -17.32,
 140.171532,   35.192342,      -17.39,
 140.176036,   35.192342,      -17.45,
 140.180541,   35.192342,      -17.51,
 140.185045,   35.192342,      -17.56,
 140.189550,   35.192342,      -17.61,
 140.194054,   35.192342,      -17.65,
 140.198559,   35.192342,      -17.69,
 140.203063,   35.192342,      -17.72,
 140.207568,   35.192342,      -17.75,
 140.212072,   35.192342,      -17.78,
 140.216577,   35.192342,      -17.80,
 140.221081,   35.192342,      -17.82,
 140.225586,   35.192342,      -17.84,
 140.230090,   35.192342,      -17.86,
 140.234595,   35.192342,      -17.88,
 140.239099,   35.192342,      -17.89,
 140.243604,   35.192342,      -17.90,
 140.248108,   35.192342,      -17.92,
 140.252613,   35.192342,      -17.93,
 140.257117,   35.192342,      -17.94,
 140.261622,   35.192342,      -17.95,
 140.266126,   35.192342,      -17.95,
 140.270631,   35.192342,      -17.96,
 140.275135,   35.192342,      -17.97,
 140.279640,   35.192342,      -17.97,
 140.284144,   35.192342,      -17.97,
 140.288649,   35.192342,      -17.97,
 140.293153,   35.192342,      -17.97,
 140.297658,   35.192342,      -17.96,
 140.302162,   35.192342,      -17.96,
 140.306667,   35.192342,      -17.95,
 140.311171,   35.192342,      -17.95,
 140.315676,   35.192342,      -17.94,
 140.320180,   35.192342,      -17.93,
 140.324685,   35.192342,      -17.91,
 140.329189,   35.192342,      -17.89,
 140.333694,   35.192342,      -17.86,
 140.338198,   35.192342,      -17.82,
 140.342703,   35.192342,      -17.78,
 140.347207,   35.192342,      -17.74,
 140.351712,   35.192342,      -17.70,
 140.356216,   35.192342,      -17.66,
 140.360721,   35.192342,      -17.62,
 140.365225,   35.192342,      -17.65,
 140.369730,   35.192342,      -17.68,
 140.374234,   35.192342,      -17.71,
 140.378739,   35.192342,      -17.70,
 140.383243,   35.192342,      -17.68,
 140.387748,   35.192342,      -17.67,
 139.140000,   35.196847,       -7.76,
 139.144505,   35.196847,       -8.13,
 139.149009,   35.196847,       -8.60,
 139.153514,   35.196847,       -9.08,
 139.158018,   35.196847,       -9.58,
 139.162523,   35.196847,      -10.12,
 139.167027,   35.196847,      -10.63,
 139.171532,   35.196847,      -11.15,
 139.176036,   35.196847,      -11.67,
 139.180541,   35.196847,      -12.22,
 139.185045,   35.196847,      -12.78,
 139.189550,   35.196847,      -13.31,
 139.194054,   35.196847,      -13.77,
 139.198559,   35.196847,      -14.18,
 139.203063,   35.196847,      -14.55,
 139.207568,   35.196847,      -14.89,
 139.212072,   35.196847,      -15.17,
 139.216577,   35.196847,      -15.41,
 139.221081,   35.196847,      -15.60,
 139.225586,   35.196847,      -15.78,
 139.230090,   35.196847,      -15.95,
 139.234595,   35.196847,      -16.11,
 139.239099,   35.196847,      -16.27,
 139.243604,   35.196847,      -16.42,
 139.248108,   35.196847,      -16.57,
 139.252613,   35.196847,      -16.72,
 139.257117,   35.196847,      -16.87,
 139.261622,   35.196847,      -17.00,
 139.266126,   35.196847,      -17.09,
 139.270631,   35.196847,      -17.13,
 139.275135,   35.196847,      -17.17,
 139.279640,   35.196847,      -17.21,
 139.284144,   35.196847,      -17.24,
 139.288649,   35.196847,      -17.28,
 139.293153,   35.196847,      -17.31,
 139.297658,   35.196847,      -17.32,
 139.302162,   35.196847,      -17.30,
 139.306667,   35.196847,      -17.26,
 139.311171,   35.196847,      -17.20,
 139.315676,   35.196847,      -17.14,
 139.320180,   35.196847,      -17.08,
 139.324685,   35.196847,      -17.01,
 139.329189,   35.196847,      -16.94,
 139.333694,   35.196847,      -16.85,
 139.338198,   35.196847,      -16.75,
 139.342703,   35.196847,      -16.63,
 139.347207,   35.196847,      -16.49,
 139.351712,   35.196847,      -16.33,
 139.356216,   35.196847,      -16.15,
 139.360721,   35.196847,      -15.97,
 139.365225,   35.196847,      -15.78,
 139.369730,   35.196847,      -15.59,
 139.374234,   35.196847,      -15.41,
 139.378739,   35.196847,      -15.23,
 139.383243,   35.196847,      -15.05,
 139.387748,   35.196847,      -14.75,
 139.392252,   35.196847,      -14.47,
 139.396757,   35.196847,      -14.19,
 139.401261,   35.196847,      -13.91,
 139.405766,   35.196847,      -13.64,
 139.410270,   35.196847,      -13.35,
 139.414775,   35.196847,      -13.06,
 139.419279,   35.196847,      -12.77,
 139.423784,   35.196847,      -12.47,
 139.428288,   35.196847,      -12.16,
 139.432793,   35.196847,      -11.86,
 139.437297,   35.196847,      -11.57,
 139.441802,   35.196847,      -11.28,
 139.446306,   35.196847,      -10.99,
 139.450811,   35.196847,      -10.70,
 139.455315,   35.196847,      -10.41,
 139.459820,   35.196847,      -10.11,
 139.464324,   35.196847,       -9.81,
 139.468829,   35.196847,       -9.52,
 139.473333,   35.196847,       -9.26,
 139.477838,   35.196847,       -9.07,
 139.482342,   35.196847,       -8.92,
 139.486847,   35.196847,       -8.77,
 139.491351,   35.196847,       -8.64,
 139.495856,   35.196847,       -8.52,
 139.500360,   35.196847,       -8.23,
 139.504865,   35.196847,       -7.80,
 139.509369,   35.196847,       -7.40,
 139.513874,   35.196847,       -7.01,
 139.518378,   35.196847,       -6.62,
 139.522883,   35.196847,       -6.20,
 139.527387,   35.196847,       -5.69,
 139.531892,   35.196847,       -5.13,
 139.536396,   35.196847,       -4.56,
 139.540901,   35.196847,       -4.02,
 139.545405,   35.196847,       -3.54,
 139.549910,   35.196847,       -3.31,
 139.554414,   35.196847,       -3.14,
 139.558919,   35.196847,       -2.98,
 139.563423,   35.196847,       -2.87,
 139.567928,   35.196847,       -2.82,
 139.572432,   35.196847,       -2.78,
 139.576937,   35.196847,       -3.32,
 139.581441,   35.196847,       -4.07,
 139.585946,   35.196847,       -4.22,
 139.590450,   35.196847,       -1.81,
 139.594955,   35.196847,        1.71,
 139.599459,   35.196847,        6.20,
 139.603964,   35.196847,        5.07,
 139.608468,   35.196847,       -1.49,
 139.612973,   35.196847,       -0.66,
 139.617477,   35.196847,       -1.16,
 139.621982,   35.196847,       -0.97,
 139.626486,   35.196847,       -0.56,
 139.630991,   35.196847,       -0.24,
 139.635495,   35.196847,       -0.02,
 139.640000,   35.196847,        0.11,
 139.644505,   35.196847,        0.16,
 139.649009,   35.196847,        0.12,
 139.653514,   35.196847,        0.03,
 139.658018,   35.196847,       -0.16,
 139.662523,   35.196847,       -0.50,
 139.667027,   35.196847,       -0.82,
 139.671532,   35.196847,       -1.03,
 139.676036,   35.196847,       -1.24,
 139.680541,   35.196847,       -1.50,
 139.685045,   35.196847,       -1.75,
 139.689550,   35.196847,       -1.94,
 139.694054,   35.196847,       -1.94,
 139.698559,   35.196847,       -1.90,
 139.703063,   35.196847,       -1.79,
 139.707568,   35.196847,       -1.81,
 139.712072,   35.196847,       -1.91,
 139.716577,   35.196847,       -2.01,
 139.721081,   35.196847,       -2.14,
 139.725586,   35.196847,       -2.35,
 139.730090,   35.196847,       -2.55,
 139.734595,   35.196847,       -2.70,
 139.739099,   35.196847,       -2.97,
 139.743604,   35.196847,       -3.32,
 139.748108,   35.196847,       -3.59,
 139.752613,   35.196847,       -3.69,
 139.757117,   35.196847,       -3.53,
 139.761622,   35.196847,       -2.60,
 139.766126,   35.196847,       -1.83,
 139.770631,   35.196847,       -1.82,
 139.775135,   35.196847,       -1.86,
 139.779640,   35.196847,        0.15,
 139.784144,   35.196847,        2.97,
 139.788649,   35.196847,        4.44,
 139.793153,   35.196847,        3.01,
 139.797658,   35.196847,        0.65,
 139.802162,   35.196847,       -0.77,
 139.806667,   35.196847,        3.75,
 139.811171,   35.196847,       15.64,
 139.815676,   35.196847,       23.51,
 139.820180,   35.196847,       25.90,
 139.824685,   35.196847,       16.59,
 139.829189,   35.196847,        7.99,
 139.833694,   35.196847,        3.06,
 139.838198,   35.196847,        0.30,
 139.842703,   35.196847,       -1.57,
 139.847207,   35.196847,       -2.88,
 139.851712,   35.196847,       -3.60,
 139.856216,   35.196847,       -3.95,
 139.860721,   35.196847,       -4.15,
 139.865225,   35.196847,       -4.29,
 139.869730,   35.196847,       -4.43,
 139.874234,   35.196847,       -4.56,
 139.878739,   35.196847,       -4.71,
 139.883243,   35.196847,       -4.90,
 139.887748,   35.196847,       -5.10,
 139.892252,   35.196847,       -5.33,
 139.896757,   35.196847,       -5.57,
 139.901261,   35.196847,       -5.81,
 139.905766,   35.196847,       -6.06,
 139.910270,   35.196847,       -6.31,
 139.914775,   35.196847,       -6.56,
 139.919279,   35.196847,       -6.80,
 139.923784,   35.196847,       -7.05,
 139.928288,   35.196847,       -7.29,
 139.932793,   35.196847,       -7.54,
 139.937297,   35.196847,       -7.78,
 139.941802,   35.196847,       -8.01,
 139.946306,   35.196847,       -8.25,
 139.950811,   35.196847,       -8.48,
 139.955315,   35.196847,       -8.71,
 139.959820,   35.196847,       -8.94,
 139.964324,   35.196847,       -9.17,
 139.968829,   35.196847,       -9.39,
 139.973333,   35.196847,       -9.62,
 139.977838,   35.196847,       -9.85,
 139.982342,   35.196847,      -10.07,
 139.986847,   35.196847,      -10.30,
 139.991351,   35.196847,      -10.53,
 139.995856,   35.196847,      -10.75,
 140.000360,   35.196847,      -10.98,
 140.004865,   35.196847,      -11.20,
 140.009369,   35.196847,      -11.43,
 140.013874,   35.196847,      -11.66,
 140.018378,   35.196847,      -11.88,
 140.022883,   35.196847,      -12.09,
 140.027387,   35.196847,      -12.31,
 140.031892,   35.196847,      -12.52,
 140.036396,   35.196847,      -12.73,
 140.040901,   35.196847,      -12.94,
 140.045405,   35.196847,      -13.14,
 140.049910,   35.196847,      -13.34,
 140.054414,   35.196847,      -13.54,
 140.058919,   35.196847,      -13.74,
 140.063423,   35.196847,      -13.93,
 140.067928,   35.196847,      -14.12,
 140.072432,   35.196847,      -14.30,
 140.076937,   35.196847,      -14.48,
 140.081441,   35.196847,      -14.66,
 140.085946,   35.196847,      -14.83,
 140.090450,   35.196847,      -15.00,
 140.094955,   35.196847,      -15.16,
 140.099459,   35.196847,      -15.31,
 140.103964,   35.196847,      -15.47,
 140.108468,   35.196847,      -15.61,
 140.112973,   35.196847,      -15.76,
 140.117477,   35.196847,      -15.89,
 140.121982,   35.196847,      -16.02,
 140.126486,   35.196847,      -16.15,
 140.130991,   35.196847,      -16.27,
 140.135495,   35.196847,      -16.38,
 140.140000,   35.196847,      -16.49,
 140.144505,   35.196847,      -16.59,
 140.149009,   35.196847,      -16.69,
 140.153514,   35.196847,      -16.78,
 140.158018,   35.196847,      -16.87,
 140.162523,   35.196847,      -16.96,
 140.167027,   35.196847,      -17.03,
 140.171532,   35.196847,      -17.10,
 140.176036,   35.196847,      -17.17,
 140.180541,   35.196847,      -17.23,
 140.185045,   35.196847,      -17.28,
 140.189550,   35.196847,      -17.33,
 140.194054,   35.196847,      -17.37,
 140.198559,   35.196847,      -17.41,
 140.203063,   35.196847,      -17.45,
 140.207568,   35.196847,      -17.48,
 140.212072,   35.196847,      -17.50,
 140.216577,   35.196847,      -17.53,
 140.221081,   35.196847,      -17.55,
 140.225586,   35.196847,      -17.57,
 140.230090,   35.196847,      -17.59,
 140.234595,   35.196847,      -17.60,
 140.239099,   35.196847,      -17.62,
 140.243604,   35.196847,      -17.63,
 140.248108,   35.196847,      -17.65,
 140.252613,   35.196847,      -17.66,
 140.257117,   35.196847,      -17.67,
 140.261622,   35.196847,      -17.68,
 140.266126,   35.196847,      -17.68,
 140.270631,   35.196847,      -17.69,
 140.275135,   35.196847,      -17.70,
 140.279640,   35.196847,      -17.70,
 140.284144,   35.196847,      -17.70,
 140.288649,   35.196847,      -17.70,
 140.293153,   35.196847,      -17.70,
 140.297658,   35.196847,      -17.70,
 140.302162,   35.196847,      -17.69,
 140.306667,   35.196847,      -17.69,
 140.311171,   35.196847,      -17.68,
 140.315676,   35.196847,      -17.68,
 140.320180,   35.196847,      -17.67,
 140.324685,   35.196847,      -17.66,
 140.329189,   35.196847,      -17.64,
 140.333694,   35.196847,      -17.62,
 140.338198,   35.196847,      -17.60,
 140.342703,   35.196847,      -17.57,
 140.347207,   35.196847,      -17.54,
 140.351712,   35.196847,      -17.51,
 140.356216,   35.196847,      -17.48,
 140.360721,   35.196847,      -17.45,
 140.365225,   35.196847,      -17.44,
 140.369730,   35.196847,      -17.47,
 140.374234,   35.196847,      -17.51,
 140.378739,   35.196847,      -17.54,
 140.383243,   35.196847,      -17.58,
 140.387748,   35.196847,      -17.64,
 139.140000,   35.201351,       -8.17,
 139.144505,   35.201351,       -8.41,
 139.149009,   35.201351,       -8.75,
 139.153514,   35.201351,       -9.19,
 139.158018,   35.201351,       -9.66,
 139.162523,   35.201351,      -10.12,
 139.167027,   35.201351,      -10.57,
 139.171532,   35.201351,      -11.07,
 139.176036,   35.201351,      -11.57,
 139.180541,   35.201351,      -12.10,
 139.185045,   35.201351,      -12.63,
 139.189550,   35.201351,      -13.13,
 139.194054,   35.201351,      -13.60,
 139.198559,   35.201351,      -14.06,
 139.203063,   35.201351,      -14.49,
 139.207568,   35.201351,      -14.85,
 139.212072,   35.201351,      -15.09,
 139.216577,   35.201351,      -15.28,
 139.221081,   35.201351,      -15.47,
 139.225586,   35.201351,      -15.65,
 139.230090,   35.201351,      -15.82,
 139.234595,   35.201351,      -15.99,
 139.239099,   35.201351,      -16.14,
 139.243604,   35.201351,      -16.29,
 139.248108,   35.201351,      -16.43,
 139.252613,   35.201351,      -16.57,
 139.257117,   35.201351,      -16.71,
 139.261622,   35.201351,      -16.83,
 139.266126,   35.201351,      -16.92,
 139.270631,   35.201351,      -16.98,
 139.275135,   35.201351,      -17.03,
 139.279640,   35.201351,      -17.07,
 139.284144,   35.201351,      -17.11,
 139.288649,   35.201351,      -17.15,
 139.293153,   35.201351,      -17.17,
 139.297658,   35.201351,      -17.16,
 139.302162,   35.201351,      -17.13,
 139.306667,   35.201351,      -17.07,
 139.311171,   35.201351,      -17.02,
 139.315676,   35.201351,      -16.97,
 139.320180,   35.201351,      -16.91,
 139.324685,   35.201351,      -16.84,
 139.329189,   35.201351,      -16.76,
 139.333694,   35.201351,      -16.65,
 139.338198,   35.201351,      -16.53,
 139.342703,   35.201351,      -16.40,
 139.347207,   35.201351,      -16.24,
 139.351712,   35.201351,      -16.08,
 139.356216,   35.201351,      -15.91,
 139.360721,   35.201351,      -15.73,
 139.365225,   35.201351,      -15.54,
 139.369730,   35.201351,      -15.35,
 139.374234,   35.201351,      -15.15,
 139.378739,   35.201351,      -14.96,
 139.383243,   35.201351,      -14.73,
 139.387748,   35.201351,      -14.46,
 139.392252,   35.201351,      -14.18,
 139.396757,   35.201351,      -13.90,
 139.401261,   35.201351,      -13.63,
 139.405766,   35.201351,      -13.36,
 139.410270,   35.201351,      -13.08,
 139.414775,   35.201351,      -12.79,
 139.419279,   35.201351,      -12.50,
 139.423784,   35.201351,      -12.22,
 139.428288,   35.201351,      -11.93,
 139.432793,   35.201351,      -11.63,
 139.437297,   35.201351,      -11.35,
 139.441802,   35.201351,      -11.08,
 139.446306,   35.201351,      -10.85,
 139.450811,   35.201351,      -10.58,
 139.455315,   35.201351,      -10.29,
 139.459820,   35.201351,       -9.99,
 139.464324,   35.201351,       -9.70,
 139.468829,   35.201351,       -9.40,
 139.473333,   35.201351,       -9.11,
 139.477838,   35.201351,       -8.91,
 139.482342,   35.201351,       -8.71,
 139.486847,   35.201351,       -8.53,
 139.491351,   35.201351,       -8.35,
 139.495856,   35.201351,       -8.13,
 139.500360,   35.201351,       -7.79,
 139.504865,   35.201351,       -7.37,
 139.509369,   35.201351,       -6.96,
 139.513874,   35.201351,       -6.56,
 139.518378,   35.201351,       -6.13,
 139.522883,   35.201351,       -5.66,
 139.527387,   35.201351,       -5.16,
 139.531892,   35.201351,       -4.66,
 139.536396,   35.201351,       -4.17,
 139.540901,   35.201351,       -3.67,
 139.545405,   35.201351,       -3.28,
 139.549910,   35.201351,       -3.15,
 139.554414,   35.201351,       -3.02,
 139.558919,   35.201351,       -2.91,
 139.563423,   35.201351,       -2.81,
 139.567928,   35.201351,       -2.79,
 139.572432,   35.201351,       -2.87,
 139.576937,   35.201351,       -3.17,
 139.581441,   35.201351,       -3.87,
 139.585946,   35.201351,       -4.53,
 139.590450,   35.201351,       -3.99,
 139.594955,   35.201351,        2.26,
 139.599459,   35.201351,       13.23,
 139.603964,   35.201351,       24.04,
 139.608468,   35.201351,       12.36,
 139.612973,   35.201351,        2.43,
 139.617477,   35.201351,        0.07,
 139.621982,   35.201351,       -0.21,
 139.626486,   35.201351,        0.06,
 139.630991,   35.201351,        0.38,
 139.635495,   35.201351,        0.59,
 139.640000,   35.201351,        0.67,
 139.644505,   35.201351,        0.64,
 139.649009,   35.201351,        0.54,
 139.653514,   35.201351,        0.37,
 139.658018,   35.201351,        0.12,
 139.662523,   35.201351,       -0.22,
 139.667027,   35.201351,       -0.57,
 139.671532,   35.201351,       -0.90,
 139.676036,   35.201351,       -1.14,
 139.680541,   35.201351,       -1.37,
 139.685045,   35.201351,       -1.61,
 139.689550,   35.201351,       -1.77,
 139.694054,   35.201351,       -1.81,
 139.698559,   35.201351,       -1.79,
 139.703063,   35.201351,       -1.72,
 139.707568,   35.201351,       -1.63,
 139.712072,   35.201351,       -1.65,
 139.716577,   35.201351,       -1.72,
 139.721081,   35.201351,       -1.77,
 139.725586,   35.201351,       -1.91,
 139.730090,   35.201351,       -2.02,
 139.734595,   35.201351,       -2.06,
 139.739099,   35.201351,       -2.24,
 139.743604,   35.201351,       -2.63,
 139.748108,   35.201351,       -2.99,
 139.752613,   35.201351,       -3.14,
 139.757117,   35.201351,       -2.33,
 139.761622,   35.201351,       -0.92,
 139.766126,   35.201351,        0.22,
 139.770631,   35.201351,       -0.13,
 139.775135,   35.201351,       -0.81,
 139.779640,   35.201351,       -0.62,
 139.784144,   35.201351,        1.49,
 139.788649,   35.201351,        2.60,
 139.793153,   35.201351,        2.32,
 139.797658,   35.201351,        0.89,
 139.802162,   35.201351,        0.03,
 139.806667,   35.201351,       -0.38,
 139.811171,   35.201351,        4.41,
 139.815676,   35.201351,        9.57,
 139.820180,   35.201351,       10.71,
 139.824685,   35.201351,        8.92,
 139.829189,   35.201351,        4.66,
 139.833694,   35.201351,        2.30,
 139.838198,   35.201351,        0.18,
 139.842703,   35.201351,       -1.27,
 139.847207,   35.201351,       -2.35,
 139.851712,   35.201351,       -3.10,
 139.856216,   35.201351,       -3.48,
 139.860721,   35.201351,       -3.69,
 139.865225,   35.201351,       -3.83,
 139.869730,   35.201351,       -3.97,
 139.874234,   35.201351,       -4.11,
 139.878739,   35.201351,       -4.28,
 139.883243,   35.201351,       -4.49,
 139.887748,   35.201351,       -4.73,
 139.892252,   35.201351,       -4.98,
 139.896757,   35.201351,       -5.23,
 139.901261,   35.201351,       -5.50,
 139.905766,   35.201351,       -5.76,
 139.910270,   35.201351,       -6.02,
 139.914775,   35.201351,       -6.27,
 139.919279,   35.201351,       -6.53,
 139.923784,   35.201351,       -6.79,
 139.928288,   35.201351,       -7.04,
 139.932793,   35.201351,       -7.29,
 139.937297,   35.201351,       -7.54,
 139.941802,   35.201351,       -7.78,
 139.946306,   35.201351,       -8.02,
 139.950811,   35.201351,       -8.25,
 139.955315,   35.201351,       -8.49,
 139.959820,   35.201351,       -8.72,
 139.964324,   35.201351,       -8.95,
 139.968829,   35.201351,       -9.18,
 139.973333,   35.201351,       -9.41,
 139.977838,   35.201351,       -9.64,
 139.982342,   35.201351,       -9.87,
 139.986847,   35.201351,      -10.10,
 139.991351,   35.201351,      -10.33,
 139.995856,   35.201351,      -10.55,
 140.000360,   35.201351,      -10.78,
 140.004865,   35.201351,      -11.01,
 140.009369,   35.201351,      -11.23,
 140.013874,   35.201351,      -11.46,
 140.018378,   35.201351,      -11.68,
 140.022883,   35.201351,      -11.89,
 140.027387,   35.201351,      -12.11,
 140.031892,   35.201351,      -12.32,
 140.036396,   35.201351,      -12.52,
 140.040901,   35.201351,      -12.73,
 140.045405,   35.201351,      -12.93,
 140.049910,   35.201351,      -13.13,
 140.054414,   35.201351,      -13.32,
 140.058919,   35.201351,      -13.52,
 140.063423,   35.201351,      -13.71,
 140.067928,   35.201351,      -13.89,
 140.072432,   35.201351,      -14.07,
 140.076937,   35.201351,      -14.25,
 140.081441,   35.201351,      -14.42,
 140.085946,   35.201351,      -14.59,
 140.090450,   35.201351,      -14.75,
 140.094955,   35.201351,      -14.91,
 140.099459,   35.201351,      -15.06,
 140.103964,   35.201351,      -15.21,
 140.108468,   35.201351,      -15.35,
 140.112973,   35.201351,      -15.49,
 140.117477,   35.201351,      -15.63,
 140.121982,   35.201351,      -15.76,
 140.126486,   35.201351,      -15.88,
 140.130991,   35.201351,      -16.00,
 140.135495,   35.201351,      -16.11,
 140.140000,   35.201351,      -16.21,
 140.144505,   35.201351,      -16.32,
 140.149009,   35.201351,      -16.41,
 140.153514,   35.201351,      -16.51,
 140.158018,   35.201351,      -16.59,
 140.162523,   35.201351,      -16.68,
 140.167027,   35.201351,      -16.75,
 140.171532,   35.201351,      -16.82,
 140.176036,   35.201351,      -16.89,
 140.180541,   35.201351,      -16.95,
 140.185045,   35.201351,      -17.00,
 140.189550,   35.201351,      -17.05,
 140.194054,   35.201351,      -17.10,
 140.198559,   35.201351,      -17.14,
 140.203063,   35.201351,      -17.17,
 140.207568,   35.201351,      -17.20,
 140.212072,   35.201351,      -17.23,
 140.216577,   35.201351,      -17.25,
 140.221081,   35.201351,      -17.28,
 140.225586,   35.201351,      -17.30,
 140.230090,   35.201351,      -17.32,
 140.234595,   35.201351,      -17.33,
 140.239099,   35.201351,      -17.35,
 140.243604,   35.201351,      -17.36,
 140.248108,   35.201351,      -17.38,
 140.252613,   35.201351,      -17.39,
 140.257117,   35.201351,      -17.40,
 140.261622,   35.201351,      -17.41,
 140.266126,   35.201351,      -17.42,
 140.270631,   35.201351,      -17.42,
 140.275135,   35.201351,      -17.43,
 140.279640,   35.201351,      -17.43,
 140.284144,   35.201351,      -17.44,
 140.288649,   35.201351,      -17.44,
 140.293153,   35.201351,      -17.44,
 140.297658,   35.201351,      -17.44,
 140.302162,   35.201351,      -17.43,
 140.306667,   35.201351,      -17.43,
 140.311171,   35.201351,      -17.42,
 140.315676,   35.201351,      -17.42,
 140.320180,   35.201351,      -17.41,
 140.324685,   35.201351,      -17.40,
 140.329189,   35.201351,      -17.39,
 140.333694,   35.201351,      -17.38,
 140.338198,   35.201351,      -17.36,
 140.342703,   35.201351,      -17.34,
 140.347207,   35.201351,      -17.32,
 140.351712,   35.201351,      -17.30,
 140.356216,   35.201351,      -17.28,
 140.360721,   35.201351,      -17.26,
 140.365225,   35.201351,      -17.25,
 140.369730,   35.201351,      -17.26,
 140.374234,   35.201351,      -17.29,
 140.378739,   35.201351,      -17.32,
 140.383243,   35.201351,      -17.39,
 140.387748,   35.201351,      -17.48,
 139.140000,   35.205856,       -7.69,
 139.144505,   35.205856,       -8.17,
 139.149009,   35.205856,       -8.70,
 139.153514,   35.205856,       -9.18,
 139.158018,   35.205856,       -9.66,
 139.162523,   35.205856,      -10.09,
 139.167027,   35.205856,      -10.51,
 139.171532,   35.205856,      -10.97,
 139.176036,   35.205856,      -11.46,
 139.180541,   35.205856,      -11.96,
 139.185045,   35.205856,      -12.47,
 139.189550,   35.205856,      -12.95,
 139.194054,   35.205856,      -13.40,
 139.198559,   35.205856,      -13.86,
 139.203063,   35.205856,      -14.33,
 139.207568,   35.205856,      -14.75,
 139.212072,   35.205856,      -14.91,
 139.216577,   35.205856,      -15.10,
 139.221081,   35.205856,      -15.30,
 139.225586,   35.205856,      -15.51,
 139.230090,   35.205856,      -15.70,
 139.234595,   35.205856,      -15.87,
 139.239099,   35.205856,      -16.01,
 139.243604,   35.205856,      -16.15,
 139.248108,   35.205856,      -16.29,
 139.252613,   35.205856,      -16.42,
 139.257117,   35.205856,      -16.55,
 139.261622,   35.205856,      -16.66,
 139.266126,   35.205856,      -16.75,
 139.270631,   35.205856,      -16.82,
 139.275135,   35.205856,      -16.87,
 139.279640,   35.205856,      -16.92,
 139.284144,   35.205856,      -16.98,
 139.288649,   35.205856,      -17.02,
 139.293153,   35.205856,      -17.03,
 139.297658,   35.205856,      -16.99,
 139.302162,   35.205856,      -16.93,
 139.306667,   35.205856,      -16.87,
 139.311171,   35.205856,      -16.82,
 139.315676,   35.205856,      -16.78,
 139.320180,   35.205856,      -16.74,
 139.324685,   35.205856,      -16.67,
 139.329189,   35.205856,      -16.57,
 139.333694,   35.205856,      -16.44,
 139.338198,   35.205856,      -16.30,
 139.342703,   35.205856,      -16.14,
 139.347207,   35.205856,      -15.99,
 139.351712,   35.205856,      -15.83,
 139.356216,   35.205856,      -15.66,
 139.360721,   35.205856,      -15.48,
 139.365225,   35.205856,      -15.29,
 139.369730,   35.205856,      -15.08,
 139.374234,   35.205856,      -14.86,
 139.378739,   35.205856,      -14.64,
 139.383243,   35.205856,      -14.39,
 139.387748,   35.205856,      -14.13,
 139.392252,   35.205856,      -13.87,
 139.396757,   35.205856,      -13.60,
 139.401261,   35.205856,      -13.33,
 139.405766,   35.205856,      -13.07,
 139.410270,   35.205856,      -12.81,
 139.414775,   35.205856,      -12.53,
 139.419279,   35.205856,      -12.24,
 139.423784,   35.205856,      -11.96,
 139.428288,   35.205856,      -11.67,
 139.432793,   35.205856,      -11.39,
 139.437297,   35.205856,      -11.12,
 139.441802,   35.205856,      -10.90,
 139.446306,   35.205856,      -10.69,
 139.450811,   35.205856,      -10.45,
 139.455315,   35.205856,      -10.18,
 139.459820,   35.205856,       -9.88,
 139.464324,   35.205856,       -9.58,
 139.468829,   35.205856,       -9.27,
 139.473333,   35.205856,       -8.96,
 139.477838,   35.205856,       -8.68,
 139.482342,   35.205856,       -8.45,
 139.486847,   35.205856,       -8.22,
 139.491351,   35.205856,       -7.98,
 139.495856,   35.205856,       -7.72,
 139.500360,   35.205856,       -7.37,
 139.504865,   35.205856,       -6.93,
 139.509369,   35.205856,       -6.50,
 139.513874,   35.205856,       -6.08,
 139.518378,   35.205856,       -5.60,
 139.522883,   35.205856,       -5.11,
 139.527387,   35.205856,       -4.61,
 139.531892,   35.205856,       -4.21,
 139.536396,   35.205856,       -3.79,
 139.540901,   35.205856,       -3.42,
 139.545405,   35.205856,       -3.18,
 139.549910,   35.205856,       -3.05,
 139.554414,   35.205856,       -2.93,
 139.558919,   35.205856,       -2.83,
 139.563423,   35.205856,       -2.73,
 139.567928,   35.205856,       -2.75,
 139.572432,   35.205856,       -2.85,
 139.576937,   35.205856,       -3.09,
 139.581441,   35.205856,       -3.51,
 139.585946,   35.205856,       -4.18,
 139.590450,   35.205856,       -5.06,
 139.594955,   35.205856,       -1.91,
 139.599459,   35.205856,        9.54,
 139.603964,   35.205856,       22.45,
 139.608468,   35.205856,       17.95,
 139.612973,   35.205856,        3.76,
 139.617477,   35.205856,        0.80,
 139.621982,   35.205856,        0.50,
 139.626486,   35.205856,        0.79,
 139.630991,   35.205856,        1.10,
 139.635495,   35.205856,        1.24,
 139.640000,   35.205856,        1.24,
 139.644505,   35.205856,        1.13,
 139.649009,   35.205856,        0.93,
 139.653514,   35.205856,        0.68,
 139.658018,   35.205856,        0.38,
 139.662523,   35.205856,        0.04,
 139.667027,   35.205856,       -0.31,
 139.671532,   35.205856,       -0.65,
 139.676036,   35.205856,       -0.98,
 139.680541,   35.205856,       -1.24,
 139.685045,   35.205856,       -1.47,
 139.689550,   35.205856,       -1.62,
 139.694054,   35.205856,       -1.68,
 139.698559,   35.205856,       -1.72,
 139.703063,   35.205856,       -1.66,
 139.707568,   35.205856,       -1.54,
 139.712072,   35.205856,       -1.44,
 139.716577,   35.205856,       -1.49,
 139.721081,   35.205856,       -1.53,
 139.725586,   35.205856,       -1.50,
 139.730090,   35.205856,       -1.55,
 139.734595,   35.205856,       -1.58,
 139.739099,   35.205856,       -1.72,
 139.743604,   35.205856,       -2.15,
 139.748108,   35.205856,       -2.51,
 139.752613,   35.205856,       -2.65,
 139.757117,   35.205856,       -1.76,
 139.761622,   35.205856,       -0.34,
 139.766126,   35.205856,        1.22,
 139.770631,   35.205856,        1.24,
 139.775135,   35.205856,        0.59,
 139.779640,   35.205856,        0.68,
 139.784144,   35.205856,        2.10,
 139.788649,   35.205856,        3.16,
 139.793153,   35.205856,        2.65,
 139.797658,   35.205856,        1.00,
 139.802162,   35.205856,        0.12,
 139.806667,   35.205856,       -0.33,
 139.811171,   35.205856,       -0.58,
 139.815676,   35.205856,        1.04,
 139.820180,   35.205856,        1.92,
 139.824685,   35.205856,        1.09,
 139.829189,   35.205856,        1.04,
 139.833694,   35.205856,        0.69,
 139.838198,   35.205856,       -0.24,
 139.842703,   35.205856,       -1.12,
 139.847207,   35.205856,       -1.86,
 139.851712,   35.205856,       -2.53,
 139.856216,   35.205856,       -2.98,
 139.860721,   35.205856,       -3.23,
 139.865225,   35.205856,       -3.38,
 139.869730,   35.205856,       -3.52,
 139.874234,   35.205856,       -3.67,
 139.878739,   35.205856,       -3.87,
 139.883243,   35.205856,       -4.11,
 139.887748,   35.205856,       -4.37,
 139.892252,   35.205856,       -4.64,
 139.896757,   35.205856,       -4.92,
 139.901261,   35.205856,       -5.19,
 139.905766,   35.205856,       -5.46,
 139.910270,   35.205856,       -5.74,
 139.914775,   35.205856,       -6.00,
 139.919279,   35.205856,       -6.27,
 139.923784,   35.205856,       -6.53,
 139.928288,   35.205856,       -6.79,
 139.932793,   35.205856,       -7.05,
 139.937297,   35.205856,       -7.30,
 139.941802,   35.205856,       -7.55,
 139.946306,   35.205856,       -7.79,
 139.950811,   35.205856,       -8.03,
 139.955315,   35.205856,       -8.27,
 139.959820,   35.205856,       -8.50,
 139.964324,   35.205856,       -8.74,
 139.968829,   35.205856,       -8.97,
 139.973333,   35.205856,       -9.20,
 139.977838,   35.205856,       -9.44,
 139.982342,   35.205856,       -9.67,
 139.986847,   35.205856,       -9.90,
 139.991351,   35.205856,      -10.13,
 139.995856,   35.205856,      -10.36,
 140.000360,   35.205856,      -10.59,
 140.004865,   35.205856,      -10.81,
 140.009369,   35.205856,      -11.04,
 140.013874,   35.205856,      -11.26,
 140.018378,   35.205856,      -11.47,
 140.022883,   35.205856,      -11.69,
 140.027387,   35.205856,      -11.90,
 140.031892,   35.205856,      -12.11,
 140.036396,   35.205856,      -12.31,
 140.040901,   35.205856,      -12.52,
 140.045405,   35.205856,      -12.72,
 140.049910,   35.205856,      -12.91,
 140.054414,   35.205856,      -13.10,
 140.058919,   35.205856,      -13.29,
 140.063423,   35.205856,      -13.48,
 140.067928,   35.205856,      -13.66,
 140.072432,   35.205856,      -13.84,
 140.076937,   35.205856,      -14.01,
 140.081441,   35.205856,      -14.18,
 140.085946,   35.205856,      -14.35,
 140.090450,   35.205856,      -14.50,
 140.094955,   35.205856,      -14.66,
 140.099459,   35.205856,      -14.81,
 140.103964,   35.205856,      -14.96,
 140.108468,   35.205856,      -15.10,
 140.112973,   35.205856,      -15.23,
 140.117477,   35.205856,      -15.37,
 140.121982,   35.205856,      -15.49,
 140.126486,   35.205856,      -15.61,
 140.130991,   35.205856,      -15.73,
 140.135495,   35.205856,      -15.84,
 140.140000,   35.205856,      -15.94,
 140.144505,   35.205856,      -16.04,
 140.149009,   35.205856,      -16.14,
 140.153514,   35.205856,      -16.23,
 140.158018,   35.205856,      -16.32,
 140.162523,   35.205856,      -16.40,
 140.167027,   35.205856,      -16.47,
 140.171532,   35.205856,      -16.55,
 140.176036,   35.205856,      -16.61,
 140.180541,   35.205856,      -16.67,
 140.185045,   35.205856,      -16.73,
 140.189550,   35.205856,      -16.78,
 140.194054,   35.205856,      -16.82,
 140.198559,   35.205856,      -16.86,
 140.203063,   35.205856,      -16.90,
 140.207568,   35.205856,      -16.93,
 140.212072,   35.205856,      -16.96,
 140.216577,   35.205856,      -16.98,
 140.221081,   35.205856,      -17.01,
 140.225586,   35.205856,      -17.03,
 140.230090,   35.205856,      -17.05,
 140.234595,   35.205856,      -17.07,
 140.239099,   35.205856,      -17.08,
 140.243604,   35.205856,      -17.10,
 140.248108,   35.205856,      -17.11,
 140.252613,   35.205856,      -17.12,
 140.257117,   35.205856,      -17.13,
 140.261622,   35.205856,      -17.14,
 140.266126,   35.205856,      -17.15,
 140.270631,   35.205856,      -17.16,
 140.275135,   35.205856,      -17.17,
 140.279640,   35.205856,      -17.17,
 140.284144,   35.205856,      -17.17,
 140.288649,   35.205856,      -17.18,
 140.293153,   35.205856,      -17.18,
 140.297658,   35.205856,      -17.18,
 140.302162,   35.205856,      -17.17,
 140.306667,   35.205856,      -17.17,
 140.311171,   35.205856,      -17.17,
 140.315676,   35.205856,      -17.16,
 140.320180,   35.205856,      -17.16,
 140.324685,   35.205856,      -17.15,
 140.329189,   35.205856,      -17.14,
 140.333694,   35.205856,      -17.14,
 140.338198,   35.205856,      -17.12,
 140.342703,   35.205856,      -17.11,
 140.347207,   35.205856,      -17.09,
 140.351712,   35.205856,      -17.07,
 140.356216,   35.205856,      -17.06,
 140.360721,   35.205856,      -17.05,
 140.365225,   35.205856,      -17.04,
 140.369730,   35.205856,      -17.05,
 140.374234,   35.205856,      -17.07,
 140.378739,   35.205856,      -17.12,
 140.383243,   35.205856,      -17.20,
 140.387748,   35.205856,      -17.29,
 139.140000,   35.210360,       -7.19,
 139.144505,   35.210360,       -7.80,
 139.149009,   35.210360,       -8.45,
 139.153514,   35.210360,       -9.04,
 139.158018,   35.210360,       -9.60,
 139.162523,   35.210360,      -10.02,
 139.167027,   35.210360,      -10.41,
 139.171532,   35.210360,      -10.85,
 139.176036,   35.210360,      -11.32,
 139.180541,   35.210360,      -11.82,
 139.185045,   35.210360,      -12.30,
 139.189550,   35.210360,      -12.73,
 139.194054,   35.210360,      -13.16,
 139.198559,   35.210360,      -13.60,
 139.203063,   35.210360,      -14.05,
 139.207568,   35.210360,      -14.42,
 139.212072,   35.210360,      -14.66,
 139.216577,   35.210360,      -14.87,
 139.221081,   35.210360,      -15.09,
 139.225586,   35.210360,      -15.33,
 139.230090,   35.210360,      -15.56,
 139.234595,   35.210360,      -15.75,
 139.239099,   35.210360,      -15.87,
 139.243604,   35.210360,      -15.99,
 139.248108,   35.210360,      -16.11,
 139.252613,   35.210360,      -16.24,
 139.257117,   35.210360,      -16.37,
 139.261622,   35.210360,      -16.50,
 139.266126,   35.210360,      -16.59,
 139.270631,   35.210360,      -16.64,
 139.275135,   35.210360,      -16.69,
 139.279640,   35.210360,      -16.75,
 139.284144,   35.210360,      -16.82,
 139.288649,   35.210360,      -16.89,
 139.293153,   35.210360,      -16.86,
 139.297658,   35.210360,      -16.78,
 139.302162,   35.210360,      -16.71,
 139.306667,   35.210360,      -16.65,
 139.311171,   35.210360,      -16.61,
 139.315676,   35.210360,      -16.57,
 139.320180,   35.210360,      -16.55,
 139.324685,   35.210360,      -16.50,
 139.329189,   35.210360,      -16.35,
 139.333694,   35.210360,      -16.18,
 139.338198,   35.210360,      -16.02,
 139.342703,   35.210360,      -15.86,
 139.347207,   35.210360,      -15.72,
 139.351712,   35.210360,      -15.57,
 139.356216,   35.210360,      -15.42,
 139.360721,   35.210360,      -15.24,
 139.365225,   35.210360,      -15.02,
 139.369730,   35.210360,      -14.79,
 139.374234,   35.210360,      -14.55,
 139.378739,   35.210360,      -14.31,
 139.383243,   35.210360,      -14.05,
 139.387748,   35.210360,      -13.80,
 139.392252,   35.210360,      -13.54,
 139.396757,   35.210360,      -13.28,
 139.401261,   35.210360,      -13.02,
 139.405766,   35.210360,      -12.77,
 139.410270,   35.210360,      -12.51,
 139.414775,   35.210360,      -12.26,
 139.419279,   35.210360,      -11.98,
 139.423784,   35.210360,      -11.71,
 139.428288,   35.210360,      -11.43,
 139.432793,   35.210360,      -11.15,
 139.437297,   35.210360,      -10.91,
 139.441802,   35.210360,      -10.71,
 139.446306,   35.210360,      -10.53,
 139.450811,   35.210360,      -10.31,
 139.455315,   35.210360,      -10.07,
 139.459820,   35.210360,       -9.77,
 139.464324,   35.210360,       -9.45,
 139.468829,   35.210360,       -9.11,
 139.473333,   35.210360,       -8.73,
 139.477838,   35.210360,       -8.38,
 139.482342,   35.210360,       -8.11,
 139.486847,   35.210360,       -7.86,
 139.491351,   35.210360,       -7.60,
 139.495856,   35.210360,       -7.33,
 139.500360,   35.210360,       -6.93,
 139.504865,   35.210360,       -6.46,
 139.509369,   35.210360,       -6.01,
 139.513874,   35.210360,       -5.55,
 139.518378,   35.210360,       -5.05,
 139.522883,   35.210360,       -4.56,
 139.527387,   35.210360,       -4.12,
 139.531892,   35.210360,       -3.85,
 139.536396,   35.210360,       -3.52,
 139.540901,   35.210360,       -3.23,
 139.545405,   35.210360,       -3.07,
 139.549910,   35.210360,       -2.94,
 139.554414,   35.210360,       -2.83,
 139.558919,   35.210360,       -2.72,
 139.563423,   35.210360,       -2.64,
 139.567928,   35.210360,       -2.62,
 139.572432,   35.210360,       -2.68,
 139.576937,   35.210360,       -2.86,
 139.581441,   35.210360,       -3.10,
 139.585946,   35.210360,       -3.55,
 139.590450,   35.210360,       -5.14,
 139.594955,   35.210360,       -7.17,
 139.599459,   35.210360,       -2.09,
 139.603964,   35.210360,        6.21,
 139.608468,   35.210360,        9.38,
 139.612973,   35.210360,        2.00,
 139.617477,   35.210360,        0.68,
 139.621982,   35.210360,        1.10,
 139.626486,   35.210360,        1.62,
 139.630991,   35.210360,        1.88,
 139.635495,   35.210360,        1.90,
 139.640000,   35.210360,        1.76,
 139.644505,   35.210360,        1.52,
 139.649009,   35.210360,        1.25,
 139.653514,   35.210360,        0.94,
 139.658018,   35.210360,        0.61,
 139.662523,   35.210360,        0.26,
 139.667027,   35.210360,       -0.09,
 139.671532,   35.210360,       -0.43,
 139.676036,   35.210360,       -0.76,
 139.680541,   35.210360,       -1.06,
 139.685045,   35.210360,       -1.33,
 139.689550,   35.210360,       -1.50,
 139.694054,   35.210360,       -1.55,
 139.698559,   35.210360,       -1.61,
 139.703063,   35.210360,       -1.63,
 139.707568,   35.210360,       -1.52,
 139.712072,   35.210360,       -1.42,
 139.716577,   35.210360,       -1.37,
 139.721081,   35.210360,       -1.37,
 139.725586,   35.210360,       -1.27,
 139.730090,   35.210360,       -1.21,
 139.734595,   35.210360,       -1.31,
 139.739099,   35.210360,       -1.56,
 139.743604,   35.210360,       -1.89,
 139.748108,   35.210360,       -2.16,
 139.752613,   35.210360,       -2.26,
 139.757117,   35.210360,       -1.98,
 139.761622,   35.210360,       -0.67,
 139.766126,   35.210360,        0.85,
 139.770631,   35.210360,        2.15,
 139.775135,   35.210360,        2.29,
 139.779640,   35.210360,        3.13,
 139.784144,   35.210360,        4.97,
 139.788649,   35.210360,        5.47,
 139.793153,   35.210360,        3.32,
 139.797658,   35.210360,        0.94,
 139.802162,   35.210360,       -0.37,
 139.806667,   35.210360,       -0.69,
 139.811171,   35.210360,       -0.91,
 139.815676,   35.210360,       -0.84,
 139.820180,   35.210360,       -0.43,
 139.824685,   35.210360,       -0.08,
 139.829189,   35.210360,        0.09,
 139.833694,   35.210360,       -0.03,
 139.838198,   35.210360,       -0.22,
 139.842703,   35.210360,       -0.76,
 139.847207,   35.210360,       -1.35,
 139.851712,   35.210360,       -1.89,
 139.856216,   35.210360,       -2.45,
 139.860721,   35.210360,       -2.76,
 139.865225,   35.210360,       -2.94,
 139.869730,   35.210360,       -3.08,
 139.874234,   35.210360,       -3.25,
 139.878739,   35.210360,       -3.48,
 139.883243,   35.210360,       -3.75,
 139.887748,   35.210360,       -4.03,
 139.892252,   35.210360,       -4.32,
 139.896757,   35.210360,       -4.61,
 139.901261,   35.210360,       -4.90,
 139.905766,   35.210360,       -5.19,
 139.910270,   35.210360,       -5.47,
 139.914775,   35.210360,       -5.75,
 139.919279,   35.210360,       -6.02,
 139.923784,   35.210360,       -6.29,
 139.928288,   35.210360,       -6.56,
 139.932793,   35.210360,       -6.82,
 139.937297,   35.210360,       -7.07,
 139.941802,   35.210360,       -7.32,
 139.946306,   35.210360,       -7.57,
 139.950811,   35.210360,       -7.81,
 139.955315,   35.210360,       -8.05,
 139.959820,   35.210360,       -8.29,
 139.964324,   35.210360,       -8.53,
 139.968829,   35.210360,       -8.76,
 139.973333,   35.210360,       -9.00,
 139.977838,   35.210360,       -9.23,
 139.982342,   35.210360,       -9.47,
 139.986847,   35.210360,       -9.70,
 139.991351,   35.210360,       -9.93,
 139.995856,   35.210360,      -10.16,
 140.000360,   35.210360,      -10.39,
 140.004865,   35.210360,      -10.62,
 140.009369,   35.210360,      -10.84,
 140.013874,   35.210360,      -11.06,
 140.018378,   35.210360,      -11.27,
 140.022883,   35.210360,      -11.49,
 140.027387,   35.210360,      -11.70,
 140.031892,   35.210360,      -11.90,
 140.036396,   35.210360,      -12.10,
 140.040901,   35.210360,      -12.30,
 140.045405,   35.210360,      -12.50,
 140.049910,   35.210360,      -12.70,
 140.054414,   35.210360,      -12.89,
 140.058919,   35.210360,      -13.07,
 140.063423,   35.210360,      -13.26,
 140.067928,   35.210360,      -13.44,
 140.072432,   35.210360,      -13.61,
 140.076937,   35.210360,      -13.78,
 140.081441,   35.210360,      -13.94,
 140.085946,   35.210360,      -14.10,
 140.090450,   35.210360,      -14.26,
 140.094955,   35.210360,      -14.41,
 140.099459,   35.210360,      -14.56,
 140.103964,   35.210360,      -14.70,
 140.108468,   35.210360,      -14.84,
 140.112973,   35.210360,      -14.98,
 140.117477,   35.210360,      -15.10,
 140.121982,   35.210360,      -15.23,
 140.126486,   35.210360,      -15.35,
 140.130991,   35.210360,      -15.46,
 140.135495,   35.210360,      -15.57,
 140.140000,   35.210360,      -15.67,
 140.144505,   35.210360,      -15.77,
 140.149009,   35.210360,      -15.87,
 140.153514,   35.210360,      -15.96,
 140.158018,   35.210360,      -16.04,
 140.162523,   35.210360,      -16.12,
 140.167027,   35.210360,      -16.20,
 140.171532,   35.210360,      -16.27,
 140.176036,   35.210360,      -16.34,
 140.180541,   35.210360,      -16.40,
 140.185045,   35.210360,      -16.45,
 140.189550,   35.210360,      -16.50,
 140.194054,   35.210360,      -16.55,
 140.198559,   35.210360,      -16.59,
 140.203063,   35.210360,      -16.63,
 140.207568,   35.210360,      -16.66,
 140.212072,   35.210360,      -16.69,
 140.216577,   35.210360,      -16.71,
 140.221081,   35.210360,      -16.74,
 140.225586,   35.210360,      -16.76,
 140.230090,   35.210360,      -16.78,
 140.234595,   35.210360,      -16.80,
 140.239099,   35.210360,      -16.82,
 140.243604,   35.210360,      -16.83,
 140.248108,   35.210360,      -16.85,
 140.252613,   35.210360,      -16.86,
 140.257117,   35.210360,      -16.87,
 140.261622,   35.210360,      -16.88,
 140.266126,   35.210360,      -16.89,
 140.270631,   35.210360,      -16.90,
 140.275135,   35.210360,      -16.90,
 140.279640,   35.210360,      -16.91,
 140.284144,   35.210360,      -16.91,
 140.288649,   35.210360,      -16.92,
 140.293153,   35.210360,      -16.92,
 140.297658,   35.210360,      -16.92,
 140.302162,   35.210360,      -16.92,
 140.306667,   35.210360,      -16.92,
 140.311171,   35.210360,      -16.91,
 140.315676,   35.210360,      -16.91,
 140.320180,   35.210360,      -16.91,
 140.324685,   35.210360,      -16.90,
 140.329189,   35.210360,      -16.89,
 140.333694,   35.210360,      -16.89,
 140.338198,   35.210360,      -16.88,
 140.342703,   35.210360,      -16.87,
 140.347207,   35.210360,      -16.86,
 140.351712,   35.210360,      -16.84,
 140.356216,   35.210360,      -16.83,
 140.360721,   35.210360,      -16.82,
 140.365225,   35.210360,      -16.82,
 140.369730,   35.210360,      -16.83,
 140.374234,   35.210360,      -16.85,
 140.378739,   35.210360,      -16.93,
 140.383243,   35.210360,      -17.02,
 140.387748,   35.210360,      -17.10,
 139.140000,   35.214865,       -6.82,
 139.144505,   35.214865,       -7.52,
 139.149009,   35.214865,       -8.20,
 139.153514,   35.214865,       -8.85,
 139.158018,   35.214865,       -9.44,
 139.162523,   35.214865,       -9.85,
 139.167027,   35.214865,      -10.24,
 139.171532,   35.214865,      -10.68,
 139.176036,   35.214865,      -11.14,
 139.180541,   35.214865,      -11.61,
 139.185045,   35.214865,      -12.05,
 139.189550,   35.214865,      -12.47,
 139.194054,   35.214865,      -12.89,
 139.198559,   35.214865,      -13.32,
 139.203063,   35.214865,      -13.75,
 139.207568,   35.214865,      -14.10,
 139.212072,   35.214865,      -14.36,
 139.216577,   35.214865,      -14.60,
 139.221081,   35.214865,      -14.84,
 139.225586,   35.214865,      -15.08,
 139.230090,   35.214865,      -15.33,
 139.234595,   35.214865,      -15.55,
 139.239099,   35.214865,      -15.67,
 139.243604,   35.214865,      -15.78,
 139.248108,   35.214865,      -15.90,
 139.252613,   35.214865,      -16.03,
 139.257117,   35.214865,      -16.17,
 139.261622,   35.214865,      -16.32,
 139.266126,   35.214865,      -16.41,
 139.270631,   35.214865,      -16.43,
 139.275135,   35.214865,      -16.47,
 139.279640,   35.214865,      -16.52,
 139.284144,   35.214865,      -16.58,
 139.288649,   35.214865,      -16.61,
 139.293153,   35.214865,      -16.59,
 139.297658,   35.214865,      -16.53,
 139.302162,   35.214865,      -16.46,
 139.306667,   35.214865,      -16.41,
 139.311171,   35.214865,      -16.36,
 139.315676,   35.214865,      -16.33,
 139.320180,   35.214865,      -16.28,
 139.324685,   35.214865,      -16.18,
 139.329189,   35.214865,      -16.03,
 139.333694,   35.214865,      -15.86,
 139.338198,   35.214865,      -15.70,
 139.342703,   35.214865,      -15.55,
 139.347207,   35.214865,      -15.41,
 139.351712,   35.214865,      -15.28,
 139.356216,   35.214865,      -15.16,
 139.360721,   35.214865,      -14.97,
 139.365225,   35.214865,      -14.72,
 139.369730,   35.214865,      -14.46,
 139.374234,   35.214865,      -14.21,
 139.378739,   35.214865,      -13.96,
 139.383243,   35.214865,      -13.72,
 139.387748,   35.214865,      -13.46,
 139.392252,   35.214865,      -13.21,
 139.396757,   35.214865,      -12.96,
 139.401261,   35.214865,      -12.70,
 139.405766,   35.214865,      -12.45,
 139.410270,   35.214865,      -12.20,
 139.414775,   35.214865,      -11.96,
 139.419279,   35.214865,      -11.71,
 139.423784,   35.214865,      -11.45,
 139.428288,   35.214865,      -11.18,
 139.432793,   35.214865,      -10.92,
 139.437297,   35.214865,      -10.70,
 139.441802,   35.214865,      -10.51,
 139.446306,   35.214865,      -10.35,
 139.450811,   35.214865,      -10.18,
 139.455315,   35.214865,       -9.96,
 139.459820,   35.214865,       -9.66,
 139.464324,   35.214865,       -9.29,
 139.468829,   35.214865,       -8.90,
 139.473333,   35.214865,       -8.48,
 139.477838,   35.214865,       -8.11,
 139.482342,   35.214865,       -7.81,
 139.486847,   35.214865,       -7.52,
 139.491351,   35.214865,       -7.23,
 139.495856,   35.214865,       -6.92,
 139.500360,   35.214865,       -6.44,
 139.504865,   35.214865,       -5.96,
 139.509369,   35.214865,       -5.48,
 139.513874,   35.214865,       -5.00,
 139.518378,   35.214865,       -4.50,
 139.522883,   35.214865,       -4.03,
 139.527387,   35.214865,       -3.72,
 139.531892,   35.214865,       -3.48,
 139.536396,   35.214865,       -3.23,
 139.540901,   35.214865,       -3.07,
 139.545405,   35.214865,       -2.94,
 139.549910,   35.214865,       -2.81,
 139.554414,   35.214865,       -2.70,
 139.558919,   35.214865,       -2.61,
 139.563423,   35.214865,       -2.53,
 139.567928,   35.214865,       -2.46,
 139.572432,   35.214865,       -2.44,
 139.576937,   35.214865,       -2.75,
 139.581441,   35.214865,       -3.01,
 139.585946,   35.214865,       -3.26,
 139.590450,   35.214865,       -4.87,
 139.594955,   35.214865,       -7.21,
 139.599459,   35.214865,       -7.40,
 139.603964,   35.214865,       -2.25,
 139.608468,   35.214865,       -0.10,
 139.612973,   35.214865,       -0.77,
 139.617477,   35.214865,        0.61,
 139.621982,   35.214865,        1.97,
 139.626486,   35.214865,        2.57,
 139.630991,   35.214865,        2.65,
 139.635495,   35.214865,        2.44,
 139.640000,   35.214865,        2.15,
 139.644505,   35.214865,        1.83,
 139.649009,   35.214865,        1.50,
 139.653514,   35.214865,        1.16,
 139.658018,   35.214865,        0.80,
 139.662523,   35.214865,        0.45,
 139.667027,   35.214865,        0.10,
 139.671532,   35.214865,       -0.25,
 139.676036,   35.214865,       -0.57,
 139.680541,   35.214865,       -0.89,
 139.685045,   35.214865,       -1.16,
 139.689550,   35.214865,       -1.36,
 139.694054,   35.214865,       -1.44,
 139.698559,   35.214865,       -1.43,
 139.703063,   35.214865,       -1.35,
 139.707568,   35.214865,       -1.01,
 139.712072,   35.214865,       -0.81,
 139.716577,   35.214865,       -1.03,
 139.721081,   35.214865,       -0.78,
 139.725586,   35.214865,       -0.51,
 139.730090,   35.214865,       -0.70,
 139.734595,   35.214865,       -1.05,
 139.739099,   35.214865,       -1.32,
 139.743604,   35.214865,       -1.68,
 139.748108,   35.214865,       -1.97,
 139.752613,   35.214865,       -2.05,
 139.757117,   35.214865,       -2.02,
 139.761622,   35.214865,       -1.31,
 139.766126,   35.214865,        0.20,
 139.770631,   35.214865,        1.66,
 139.775135,   35.214865,        2.44,
 139.779640,   35.214865,        3.42,
 139.784144,   35.214865,        5.17,
 139.788649,   35.214865,        5.21,
 139.793153,   35.214865,        2.61,
 139.797658,   35.214865,        0.39,
 139.802162,   35.214865,       -0.70,
 139.806667,   35.214865,       -0.89,
 139.811171,   35.214865,       -1.11,
 139.815676,   35.214865,       -1.35,
 139.820180,   35.214865,       -1.14,
 139.824685,   35.214865,       -0.92,
 139.829189,   35.214865,       -0.80,
 139.833694,   35.214865,       -0.83,
 139.838198,   35.214865,       -0.89,
 139.842703,   35.214865,       -0.99,
 139.847207,   35.214865,       -1.01,
 139.851712,   35.214865,       -1.31,
 139.856216,   35.214865,       -1.77,
 139.860721,   35.214865,       -2.26,
 139.865225,   35.214865,       -2.48,
 139.869730,   35.214865,       -2.64,
 139.874234,   35.214865,       -2.85,
 139.878739,   35.214865,       -3.12,
 139.883243,   35.214865,       -3.41,
 139.887748,   35.214865,       -3.72,
 139.892252,   35.214865,       -4.02,
 139.896757,   35.214865,       -4.33,
 139.901261,   35.214865,       -4.63,
 139.905766,   35.214865,       -4.92,
 139.910270,   35.214865,       -5.21,
 139.914775,   35.214865,       -5.50,
 139.919279,   35.214865,       -5.78,
 139.923784,   35.214865,       -6.06,
 139.928288,   35.214865,       -6.32,
 139.932793,   35.214865,       -6.59,
 139.937297,   35.214865,       -6.85,
 139.941802,   35.214865,       -7.10,
 139.946306,   35.214865,       -7.35,
 139.950811,   35.214865,       -7.60,
 139.955315,   35.214865,       -7.84,
 139.959820,   35.214865,       -8.08,
 139.964324,   35.214865,       -8.32,
 139.968829,   35.214865,       -8.56,
 139.973333,   35.214865,       -8.80,
 139.977838,   35.214865,       -9.03,
 139.982342,   35.214865,       -9.27,
 139.986847,   35.214865,       -9.50,
 139.991351,   35.214865,       -9.73,
 139.995856,   35.214865,       -9.97,
 140.000360,   35.214865,      -10.19,
 140.004865,   35.214865,      -10.42,
 140.009369,   35.214865,      -10.64,
 140.013874,   35.214865,      -10.86,
 140.018378,   35.214865,      -11.07,
 140.022883,   35.214865,      -11.28,
 140.027387,   35.214865,      -11.49,
 140.031892,   35.214865,      -11.69,
 140.036396,   35.214865,      -11.90,
 140.040901,   35.214865,      -12.09,
 140.045405,   35.214865,      -12.29,
 140.049910,   35.214865,      -12.48,
 140.054414,   35.214865,      -12.67,
 140.058919,   35.214865,      -12.85,
 140.063423,   35.214865,      -13.03,
 140.067928,   35.214865,      -13.21,
 140.072432,   35.214865,      -13.38,
 140.076937,   35.214865,      -13.54,
 140.081441,   35.214865,      -13.71,
 140.085946,   35.214865,      -13.86,
 140.090450,   35.214865,      -14.02,
 140.094955,   35.214865,      -14.17,
 140.099459,   35.214865,      -14.31,
 140.103964,   35.214865,      -14.45,
 140.108468,   35.214865,      -14.59,
 140.112973,   35.214865,      -14.72,
 140.117477,   35.214865,      -14.84,
 140.121982,   35.214865,      -14.97,
 140.126486,   35.214865,      -15.08,
 140.130991,   35.214865,      -15.19,
 140.135495,   35.214865,      -15.30,
 140.140000,   35.214865,      -15.40,
 140.144505,   35.214865,      -15.50,
 140.149009,   35.214865,      -15.60,
 140.153514,   35.214865,      -15.68,
 140.158018,   35.214865,      -15.77,
 140.162523,   35.214865,      -15.85,
 140.167027,   35.214865,      -15.93,
 140.171532,   35.214865,      -16.00,
 140.176036,   35.214865,      -16.06,
 140.180541,   35.214865,      -16.12,
 140.185045,   35.214865,      -16.18,
 140.189550,   35.214865,      -16.23,
 140.194054,   35.214865,      -16.28,
 140.198559,   35.214865,      -16.32,
 140.203063,   35.214865,      -16.36,
 140.207568,   35.214865,      -16.39,
 140.212072,   35.214865,      -16.42,
 140.216577,   35.214865,      -16.45,
 140.221081,   35.214865,      -16.47,
 140.225586,   35.214865,      -16.50,
 140.230090,   35.214865,      -16.52,
 140.234595,   35.214865,      -16.54,
 140.239099,   35.214865,      -16.55,
 140.243604,   35.214865,      -16.57,
 140.248108,   35.214865,      -16.58,
 140.252613,   35.214865,      -16.60,
 140.257117,   35.214865,      -16.61,
 140.261622,   35.214865,      -16.62,
 140.266126,   35.214865,      -16.63,
 140.270631,   35.214865,      -16.64,
 140.275135,   35.214865,      -16.65,
 140.279640,   35.214865,      -16.65,
 140.284144,   35.214865,      -16.66,
 140.288649,   35.214865,      -16.66,
 140.293153,   35.214865,      -16.66,
 140.297658,   35.214865,      -16.66,
 140.302162,   35.214865,      -16.66,
 140.306667,   35.214865,      -16.66,
 140.311171,   35.214865,      -16.66,
 140.315676,   35.214865,      -16.66,
 140.320180,   35.214865,      -16.65,
 140.324685,   35.214865,      -16.65,
 140.329189,   35.214865,      -16.64,
 140.333694,   35.214865,      -16.64,
 140.338198,   35.214865,      -16.63,
 140.342703,   35.214865,      -16.62,
 140.347207,   35.214865,      -16.61,
 140.351712,   35.214865,      -16.60,
 140.356216,   35.214865,      -16.60,
 140.360721,   35.214865,      -16.59,
 140.365225,   35.214865,      -16.59,
 140.369730,   35.214865,      -16.60,
 140.374234,   35.214865,      -16.66,
 140.378739,   35.214865,      -16.74,
 140.383243,   35.214865,      -16.83,
 140.387748,   35.214865,      -16.92,
 139.140000,   35.219369,       -6.75,
 139.144505,   35.219369,       -7.41,
 139.149009,   35.219369,       -8.07,
 139.153514,   35.219369,       -8.73,
 139.158018,   35.219369,       -9.22,
 139.162523,   35.219369,       -9.58,
 139.167027,   35.219369,       -9.99,
 139.171532,   35.219369,      -10.43,
 139.176036,   35.219369,      -10.87,
 139.180541,   35.219369,      -11.32,
 139.185045,   35.219369,      -11.76,
 139.189550,   35.219369,      -12.18,
 139.194054,   35.219369,      -12.60,
 139.198559,   35.219369,      -13.02,
 139.203063,   35.219369,      -13.44,
 139.207568,   35.219369,      -13.78,
 139.212072,   35.219369,      -14.04,
 139.216577,   35.219369,      -14.29,
 139.221081,   35.219369,      -14.54,
 139.225586,   35.219369,      -14.79,
 139.230090,   35.219369,      -15.02,
 139.234595,   35.219369,      -15.21,
 139.239099,   35.219369,      -15.36,
 139.243604,   35.219369,      -15.50,
 139.248108,   35.219369,      -15.63,
 139.252613,   35.219369,      -15.77,
 139.257117,   35.219369,      -15.91,
 139.261622,   35.219369,      -16.04,
 139.266126,   35.219369,      -16.12,
 139.270631,   35.219369,      -16.17,
 139.275135,   35.219369,      -16.20,
 139.279640,   35.219369,      -16.24,
 139.284144,   35.219369,      -16.26,
 139.288649,   35.219369,      -16.28,
 139.293153,   35.219369,      -16.27,
 139.297658,   35.219369,      -16.24,
 139.302162,   35.219369,      -16.19,
 139.306667,   35.219369,      -16.14,
 139.311171,   35.219369,      -16.09,
 139.315676,   35.219369,      -16.02,
 139.320180,   35.219369,      -15.92,
 139.324685,   35.219369,      -15.79,
 139.329189,   35.219369,      -15.64,
 139.333694,   35.219369,      -15.49,
 139.338198,   35.219369,      -15.34,
 139.342703,   35.219369,      -15.20,
 139.347207,   35.219369,      -15.06,
 139.351712,   35.219369,      -14.92,
 139.356216,   35.219369,      -14.78,
 139.360721,   35.219369,      -14.60,
 139.365225,   35.219369,      -14.36,
 139.369730,   35.219369,      -14.11,
 139.374234,   35.219369,      -13.86,
 139.378739,   35.219369,      -13.61,
 139.383243,   35.219369,      -13.37,
 139.387748,   35.219369,      -13.13,
 139.392252,   35.219369,      -12.88,
 139.396757,   35.219369,      -12.63,
 139.401261,   35.219369,      -12.38,
 139.405766,   35.219369,      -12.13,
 139.410270,   35.219369,      -11.89,
 139.414775,   35.219369,      -11.65,
 139.419279,   35.219369,      -11.42,
 139.423784,   35.219369,      -11.18,
 139.428288,   35.219369,      -10.93,
 139.432793,   35.219369,      -10.68,
 139.437297,   35.219369,      -10.49,
 139.441802,   35.219369,      -10.33,
 139.446306,   35.219369,      -10.17,
 139.450811,   35.219369,      -10.01,
 139.455315,   35.219369,       -9.85,
 139.459820,   35.219369,       -9.50,
 139.464324,   35.219369,       -9.07,
 139.468829,   35.219369,       -8.64,
 139.473333,   35.219369,       -8.22,
 139.477838,   35.219369,       -7.83,
 139.482342,   35.219369,       -7.50,
 139.486847,   35.219369,       -7.15,
 139.491351,   35.219369,       -6.79,
 139.495856,   35.219369,       -6.37,
 139.500360,   35.219369,       -5.91,
 139.504865,   35.219369,       -5.42,
 139.509369,   35.219369,       -4.93,
 139.513874,   35.219369,       -4.45,
 139.518378,   35.219369,       -4.09,
 139.522883,   35.219369,       -3.75,
 139.527387,   35.219369,       -3.46,
 139.531892,   35.219369,       -3.23,
 139.536396,   35.219369,       -3.05,
 139.540901,   35.219369,       -2.91,
 139.545405,   35.219369,       -2.77,
 139.549910,   35.219369,       -2.65,
 139.554414,   35.219369,       -2.55,
 139.558919,   35.219369,       -2.46,
 139.563423,   35.219369,       -2.33,
 139.567928,   35.219369,       -2.21,
 139.572432,   35.219369,       -2.39,
 139.576937,   35.219369,       -2.85,
 139.581441,   35.219369,       -3.20,
 139.585946,   35.219369,       -3.73,
 139.590450,   35.219369,       -4.45,
 139.594955,   35.219369,       -5.26,
 139.599459,   35.219369,       -2.20,
 139.603964,   35.219369,        1.09,
 139.608468,   35.219369,        2.08,
 139.612973,   35.219369,        2.21,
 139.617477,   35.219369,        2.36,
 139.621982,   35.219369,        3.12,
 139.626486,   35.219369,        3.53,
 139.630991,   35.219369,        3.18,
 139.635495,   35.219369,        2.79,
 139.640000,   35.219369,        2.40,
 139.644505,   35.219369,        2.03,
 139.649009,   35.219369,        1.67,
 139.653514,   35.219369,        1.31,
 139.658018,   35.219369,        0.94,
 139.662523,   35.219369,        0.59,
 139.667027,   35.219369,        0.25,
 139.671532,   35.219369,       -0.08,
 139.676036,   35.219369,       -0.41,
 139.680541,   35.219369,       -0.70,
 139.685045,   35.219369,       -0.97,
 139.689550,   35.219369,       -1.15,
 139.694054,   35.219369,       -1.20,
 139.698559,   35.219369,       -1.04,
 139.703063,   35.219369,       -0.78,
 139.707568,   35.219369,       -0.43,
 139.712072,   35.219369,        0.15,
 139.716577,   35.219369,        1.03,
 139.721081,   35.219369,        1.14,
 139.725586,   35.219369,        0.59,
 139.730090,   35.219369,        0.00,
 139.734595,   35.219369,       -0.62,
 139.739099,   35.219369,       -1.01,
 139.743604,   35.219369,       -1.47,
 139.748108,   35.219369,       -1.95,
 139.752613,   35.219369,       -2.09,
 139.757117,   35.219369,       -1.99,
 139.761622,   35.219369,       -1.82,
 139.766126,   35.219369,       -0.82,
 139.770631,   35.219369,        0.05,
 139.775135,   35.219369,        0.45,
 139.779640,   35.219369,        1.36,
 139.784144,   35.219369,        2.08,
 139.788649,   35.219369,        2.09,
 139.793153,   35.219369,        0.84,
 139.797658,   35.219369,       -0.43,
 139.802162,   35.219369,       -0.78,
 139.806667,   35.219369,       -0.98,
 139.811171,   35.219369,       -1.22,
 139.815676,   35.219369,       -1.46,
 139.820180,   35.219369,       -1.52,
 139.824685,   35.219369,       -1.43,
 139.829189,   35.219369,       -1.34,
 139.833694,   35.219369,       -1.26,
 139.838198,   35.219369,       -1.19,
 139.842703,   35.219369,       -1.12,
 139.847207,   35.219369,       -1.13,
 139.851712,   35.219369,       -1.17,
 139.856216,   35.219369,       -1.23,
 139.860721,   35.219369,       -1.64,
 139.865225,   35.219369,       -2.02,
 139.869730,   35.219369,       -2.21,
 139.874234,   35.219369,       -2.48,
 139.878739,   35.219369,       -2.78,
 139.883243,   35.219369,       -3.10,
 139.887748,   35.219369,       -3.42,
 139.892252,   35.219369,       -3.74,
 139.896757,   35.219369,       -4.06,
 139.901261,   35.219369,       -4.37,
 139.905766,   35.219369,       -4.67,
 139.910270,   35.219369,       -4.97,
 139.914775,   35.219369,       -5.26,
 139.919279,   35.219369,       -5.55,
 139.923784,   35.219369,       -5.83,
 139.928288,   35.219369,       -6.10,
 139.932793,   35.219369,       -6.37,
 139.937297,   35.219369,       -6.63,
 139.941802,   35.219369,       -6.88,
 139.946306,   35.219369,       -7.14,
 139.950811,   35.219369,       -7.39,
 139.955315,   35.219369,       -7.63,
 139.959820,   35.219369,       -7.88,
 139.964324,   35.219369,       -8.12,
 139.968829,   35.219369,       -8.36,
 139.973333,   35.219369,       -8.60,
 139.977838,   35.219369,       -8.84,
 139.982342,   35.219369,       -9.07,
 139.986847,   35.219369,       -9.31,
 139.991351,   35.219369,       -9.54,
 139.995856,   35.219369,       -9.77,
 140.000360,   35.219369,      -10.00,
 140.004865,   35.219369,      -10.22,
 140.009369,   35.219369,      -10.44,
 140.013874,   35.219369,      -10.66,
 140.018378,   35.219369,      -10.87,
 140.022883,   35.219369,      -11.08,
 140.027387,   35.219369,      -11.28,
 140.031892,   35.219369,      -11.49,
 140.036396,   35.219369,      -11.69,
 140.040901,   35.219369,      -11.88,
 140.045405,   35.219369,      -12.08,
 140.049910,   35.219369,      -12.26,
 140.054414,   35.219369,      -12.45,
 140.058919,   35.219369,      -12.63,
 140.063423,   35.219369,      -12.81,
 140.067928,   35.219369,      -12.98,
 140.072432,   35.219369,      -13.15,
 140.076937,   35.219369,      -13.31,
 140.081441,   35.219369,      -13.47,
 140.085946,   35.219369,      -13.62,
 140.090450,   35.219369,      -13.77,
 140.094955,   35.219369,      -13.92,
 140.099459,   35.219369,      -14.06,
 140.103964,   35.219369,      -14.20,
 140.108468,   35.219369,      -14.33,
 140.112973,   35.219369,      -14.46,
 140.117477,   35.219369,      -14.59,
 140.121982,   35.219369,      -14.71,
 140.126486,   35.219369,      -14.82,
 140.130991,   35.219369,      -14.93,
 140.135495,   35.219369,      -15.04,
 140.140000,   35.219369,      -15.14,
 140.144505,   35.219369,      -15.23,
 140.149009,   35.219369,      -15.33,
 140.153514,   35.219369,      -15.42,
 140.158018,   35.219369,      -15.50,
 140.162523,   35.219369,      -15.58,
 140.167027,   35.219369,      -15.65,
 140.171532,   35.219369,      -15.73,
 140.176036,   35.219369,      -15.79,
 140.180541,   35.219369,      -15.85,
 140.185045,   35.219369,      -15.91,
 140.189550,   35.219369,      -15.96,
 140.194054,   35.219369,      -16.01,
 140.198559,   35.219369,      -16.05,
 140.203063,   35.219369,      -16.09,
 140.207568,   35.219369,      -16.12,
 140.212072,   35.219369,      -16.15,
 140.216577,   35.219369,      -16.18,
 140.221081,   35.219369,      -16.21,
 140.225586,   35.219369,      -16.23,
 140.230090,   35.219369,      -16.25,
 140.234595,   35.219369,      -16.27,
 140.239099,   35.219369,      -16.29,
 140.243604,   35.219369,      -16.31,
 140.248108,   35.219369,      -16.32,
 140.252613,   35.219369,      -16.34,
 140.257117,   35.219369,      -16.35,
 140.261622,   35.219369,      -16.36,
 140.266126,   35.219369,      -16.37,
 140.270631,   35.219369,      -16.38,
 140.275135,   35.219369,      -16.39,
 140.279640,   35.219369,      -16.40,
 140.284144,   35.219369,      -16.40,
 140.288649,   35.219369,      -16.41,
 140.293153,   35.219369,      -16.41,
 140.297658,   35.219369,      -16.41,
 140.302162,   35.219369,      -16.41,
 140.306667,   35.219369,      -16.41,
 140.311171,   35.219369,      -16.41,
 140.315676,   35.219369,      -16.41,
 140.320180,   35.219369,      -16.40,
 140.324685,   35.219369,      -16.40,
 140.329189,   35.219369,      -16.39,
 140.333694,   35.219369,      -16.39,
 140.338198,   35.219369,      -16.38,
 140.342703,   35.219369,      -16.38,
 140.347207,   35.219369,      -16.37,
 140.351712,   35.219369,      -16.36,
 140.356216,   35.219369,      -16.36,
 140.360721,   35.219369,      -16.35,
 140.365225,   35.219369,      -16.36,
 140.369730,   35.219369,      -16.39,
 140.374234,   35.219369,      -16.47,
 140.378739,   35.219369,      -16.56,
 140.383243,   35.219369,      -16.64,
 140.387748,   35.219369,      -16.73,
 139.140000,   35.223874,       -6.68,
 139.144505,   35.223874,       -7.31,
 139.149009,   35.223874,       -7.96,
 139.153514,   35.223874,       -8.60,
 139.158018,   35.223874,       -8.96,
 139.162523,   35.223874,       -9.32,
 139.167027,   35.223874,       -9.69,
 139.171532,   35.223874,      -10.13,
 139.176036,   35.223874,      -10.58,
 139.180541,   35.223874,      -11.04,
 139.185045,   35.223874,      -11.47,
 139.189550,   35.223874,      -11.89,
 139.194054,   35.223874,      -12.30,
 139.198559,   35.223874,      -12.71,
 139.203063,   35.223874,      -13.13,
 139.207568,   35.223874,      -13.47,
 139.212072,   35.223874,      -13.73,
 139.216577,   35.223874,      -13.99,
 139.221081,   35.223874,      -14.24,
 139.225586,   35.223874,      -14.48,
 139.230090,   35.223874,      -14.70,
 139.234595,   35.223874,      -14.89,
 139.239099,   35.223874,      -15.04,
 139.243604,   35.223874,      -15.18,
 139.248108,   35.223874,      -15.32,
 139.252613,   35.223874,      -15.46,
 139.257117,   35.223874,      -15.59,
 139.261622,   35.223874,      -15.69,
 139.266126,   35.223874,      -15.77,
 139.270631,   35.223874,      -15.84,
 139.275135,   35.223874,      -15.89,
 139.279640,   35.223874,      -15.92,
 139.284144,   35.223874,      -15.94,
 139.288649,   35.223874,      -15.94,
 139.293153,   35.223874,      -15.93,
 139.297658,   35.223874,      -15.92,
 139.302162,   35.223874,      -15.89,
 139.306667,   35.223874,      -15.85,
 139.311171,   35.223874,      -15.77,
 139.315676,   35.223874,      -15.66,
 139.320180,   35.223874,      -15.53,
 139.324685,   35.223874,      -15.39,
 139.329189,   35.223874,      -15.24,
 139.333694,   35.223874,      -15.10,
 139.338198,   35.223874,      -14.95,
 139.342703,   35.223874,      -14.81,
 139.347207,   35.223874,      -14.66,
 139.351712,   35.223874,      -14.52,
 139.356216,   35.223874,      -14.36,
 139.360721,   35.223874,      -14.19,
 139.365225,   35.223874,      -13.99,
 139.369730,   35.223874,      -13.74,
 139.374234,   35.223874,      -13.50,
 139.378739,   35.223874,      -13.26,
 139.383243,   35.223874,      -13.02,
 139.387748,   35.223874,      -12.78,
 139.392252,   35.223874,      -12.54,
 139.396757,   35.223874,      -12.29,
 139.401261,   35.223874,      -12.05,
 139.405766,   35.223874,      -11.82,
 139.410270,   35.223874,      -11.58,
 139.414775,   35.223874,      -11.35,
 139.419279,   35.223874,      -11.13,
 139.423784,   35.223874,      -10.91,
 139.428288,   35.223874,      -10.68,
 139.432793,   35.223874,      -10.47,
 139.437297,   35.223874,      -10.31,
 139.441802,   35.223874,      -10.14,
 139.446306,   35.223874,       -9.98,
 139.450811,   35.223874,       -9.81,
 139.455315,   35.223874,       -9.58,
 139.459820,   35.223874,       -9.22,
 139.464324,   35.223874,       -8.80,
 139.468829,   35.223874,       -8.38,
 139.473333,   35.223874,       -7.96,
 139.477838,   35.223874,       -7.54,
 139.482342,   35.223874,       -7.12,
 139.486847,   35.223874,       -6.71,
 139.491351,   35.223874,       -6.28,
 139.495856,   35.223874,       -5.84,
 139.500360,   35.223874,       -5.38,
 139.504865,   35.223874,       -4.94,
 139.509369,   35.223874,       -4.51,
 139.513874,   35.223874,       -4.15,
 139.518378,   35.223874,       -3.85,
 139.522883,   35.223874,       -3.55,
 139.527387,   35.223874,       -3.24,
 139.531892,   35.223874,       -3.00,
 139.536396,   35.223874,       -2.86,
 139.540901,   35.223874,       -2.73,
 139.545405,   35.223874,       -2.60,
 139.549910,   35.223874,       -2.48,
 139.554414,   35.223874,       -2.38,
 139.558919,   35.223874,       -2.27,
 139.563423,   35.223874,       -2.13,
 139.567928,   35.223874,       -2.01,
 139.572432,   35.223874,       -2.35,
 139.576937,   35.223874,       -2.83,
 139.581441,   35.223874,       -3.59,
 139.585946,   35.223874,       -4.33,
 139.590450,   35.223874,       -4.59,
 139.594955,   35.223874,        0.04,
 139.599459,   35.223874,        5.19,
 139.603964,   35.223874,        8.09,
 139.608468,   35.223874,        6.34,
 139.612973,   35.223874,        5.14,
 139.617477,   35.223874,        5.30,
 139.621982,   35.223874,        4.55,
 139.626486,   35.223874,        3.94,
 139.630991,   35.223874,        3.45,
 139.635495,   35.223874,        2.99,
 139.640000,   35.223874,        2.56,
 139.644505,   35.223874,        2.16,
 139.649009,   35.223874,        1.77,
 139.653514,   35.223874,        1.40,
 139.658018,   35.223874,        1.05,
 139.662523,   35.223874,        0.71,
 139.667027,   35.223874,        0.37,
 139.671532,   35.223874,        0.05,
 139.676036,   35.223874,       -0.25,
 139.680541,   35.223874,       -0.54,
 139.685045,   35.223874,       -0.77,
 139.689550,   35.223874,       -0.92,
 139.694054,   35.223874,       -0.96,
 139.698559,   35.223874,       -0.84,
 139.703063,   35.223874,       -0.57,
 139.707568,   35.223874,       -0.23,
 139.712072,   35.223874,        0.21,
 139.716577,   35.223874,        0.91,
 139.721081,   35.223874,        1.85,
 139.725586,   35.223874,        1.12,
 139.730090,   35.223874,        0.29,
 139.734595,   35.223874,       -0.30,
 139.739099,   35.223874,       -0.70,
 139.743604,   35.223874,       -1.20,
 139.748108,   35.223874,       -1.71,
 139.752613,   35.223874,       -1.88,
 139.757117,   35.223874,       -1.72,
 139.761622,   35.223874,       -1.67,
 139.766126,   35.223874,       -1.61,
 139.770631,   35.223874,       -0.97,
 139.775135,   35.223874,       -0.67,
 139.779640,   35.223874,       -0.64,
 139.784144,   35.223874,       -0.20,
 139.788649,   35.223874,       -0.24,
 139.793153,   35.223874,       -0.54,
 139.797658,   35.223874,       -0.72,
 139.802162,   35.223874,       -0.92,
 139.806667,   35.223874,       -1.09,
 139.811171,   35.223874,       -1.31,
 139.815676,   35.223874,       -1.56,
 139.820180,   35.223874,       -1.64,
 139.824685,   35.223874,       -1.49,
 139.829189,   35.223874,       -1.36,
 139.833694,   35.223874,       -1.31,
 139.838198,   35.223874,       -1.26,
 139.842703,   35.223874,       -1.23,
 139.847207,   35.223874,       -1.22,
 139.851712,   35.223874,       -1.24,
 139.856216,   35.223874,       -1.27,
 139.860721,   35.223874,       -1.27,
 139.865225,   35.223874,       -1.57,
 139.869730,   35.223874,       -1.80,
 139.874234,   35.223874,       -2.13,
 139.878739,   35.223874,       -2.47,
 139.883243,   35.223874,       -2.82,
 139.887748,   35.223874,       -3.15,
 139.892252,   35.223874,       -3.48,
 139.896757,   35.223874,       -3.81,
 139.901261,   35.223874,       -4.12,
 139.905766,   35.223874,       -4.43,
 139.910270,   35.223874,       -4.74,
 139.914775,   35.223874,       -5.03,
 139.919279,   35.223874,       -5.33,
 139.923784,   35.223874,       -5.61,
 139.928288,   35.223874,       -5.88,
 139.932793,   35.223874,       -6.15,
 139.937297,   35.223874,       -6.42,
 139.941802,   35.223874,       -6.67,
 139.946306,   35.223874,       -6.93,
 139.950811,   35.223874,       -7.18,
 139.955315,   35.223874,       -7.43,
 139.959820,   35.223874,       -7.68,
 139.964324,   35.223874,       -7.92,
 139.968829,   35.223874,       -8.16,
 139.973333,   35.223874,       -8.40,
 139.977838,   35.223874,       -8.64,
 139.982342,   35.223874,       -8.88,
 139.986847,   35.223874,       -9.12,
 139.991351,   35.223874,       -9.35,
 139.995856,   35.223874,       -9.58,
 140.000360,   35.223874,       -9.81,
 140.004865,   35.223874,      -10.03,
 140.009369,   35.223874,      -10.25,
 140.013874,   35.223874,      -10.46,
 140.018378,   35.223874,      -10.67,
 140.022883,   35.223874,      -10.88,
 140.027387,   35.223874,      -11.08,
 140.031892,   35.223874,      -11.28,
 140.036396,   35.223874,      -11.48,
 140.040901,   35.223874,      -11.67,
 140.045405,   35.223874,      -11.86,
 140.049910,   35.223874,      -12.05,
 140.054414,   35.223874,      -12.23,
 140.058919,   35.223874,      -12.41,
 140.063423,   35.223874,      -12.58,
 140.067928,   35.223874,      -12.75,
 140.072432,   35.223874,      -12.92,
 140.076937,   35.223874,      -13.08,
 140.081441,   35.223874,      -13.23,
 140.085946,   35.223874,      -13.38,
 140.090450,   35.223874,      -13.53,
 140.094955,   35.223874,      -13.68,
 140.099459,   35.223874,      -13.82,
 140.103964,   35.223874,      -13.95,
 140.108468,   35.223874,      -14.08,
 140.112973,   35.223874,      -14.21,
 140.117477,   35.223874,      -14.33,
 140.121982,   35.223874,      -14.45,
 140.126486,   35.223874,      -14.56,
 140.130991,   35.223874,      -14.67,
 140.135495,   35.223874,      -14.77,
 140.140000,   35.223874,      -14.87,
 140.144505,   35.223874,      -14.97,
 140.149009,   35.223874,      -15.06,
 140.153514,   35.223874,      -15.15,
 140.158018,   35.223874,      -15.23,
 140.162523,   35.223874,      -15.31,
 140.167027,   35.223874,      -15.39,
 140.171532,   35.223874,      -15.46,
 140.176036,   35.223874,      -15.52,
 140.180541,   35.223874,      -15.58,
 140.185045,   35.223874,      -15.64,
 140.189550,   35.223874,      -15.69,
 140.194054,   35.223874,      -15.74,
 140.198559,   35.223874,      -15.78,
 140.203063,   35.223874,      -15.82,
 140.207568,   35.223874,      -15.86,
 140.212072,   35.223874,      -15.89,
 140.216577,   35.223874,      -15.92,
 140.221081,   35.223874,      -15.94,
 140.225586,   35.223874,      -15.97,
 140.230090,   35.223874,      -15.99,
 140.234595,   35.223874,      -16.01,
 140.239099,   35.223874,      -16.03,
 140.243604,   35.223874,      -16.05,
 140.248108,   35.223874,      -16.06,
 140.252613,   35.223874,      -16.08,
 140.257117,   35.223874,      -16.09,
 140.261622,   35.223874,      -16.10,
 140.266126,   35.223874,      -16.11,
 140.270631,   35.223874,      -16.12,
 140.275135,   35.223874,      -16.13,
 140.279640,   35.223874,      -16.14,
 140.284144,   35.223874,      -16.15,
 140.288649,   35.223874,      -16.15,
 140.293153,   35.223874,      -16.15,
 140.297658,   35.223874,      -16.16,
 140.302162,   35.223874,      -16.16,
 140.306667,   35.223874,      -16.16,
 140.311171,   35.223874,      -16.16,
 140.315676,   35.223874,      -16.15,
 140.320180,   35.223874,      -16.15,
 140.324685,   35.223874,      -16.15,
 140.329189,   35.223874,      -16.14,
 140.333694,   35.223874,      -16.14,
 140.338198,   35.223874,      -16.13,
 140.342703,   35.223874,      -16.13,
 140.347207,   35.223874,      -16.12,
 140.351712,   35.223874,      -16.12,
 140.356216,   35.223874,      -16.12,
 140.360721,   35.223874,      -16.11,
 140.365225,   35.223874,      -16.12,
 140.369730,   35.223874,      -16.20,
 140.374234,   35.223874,      -16.28,
 140.378739,   35.223874,      -16.37,
 140.383243,   35.223874,      -16.45,
 140.387748,   35.223874,      -16.54,
 139.140000,   35.228378,       -6.60,
 139.144505,   35.228378,       -7.17,
 139.149009,   35.228378,       -7.73,
 139.153514,   35.228378,       -8.26,
 139.158018,   35.228378,       -8.67,
 139.162523,   35.228378,       -9.04,
 139.167027,   35.228378,       -9.43,
 139.171532,   35.228378,       -9.86,
 139.176036,   35.228378,      -10.31,
 139.180541,   35.228378,      -10.75,
 139.185045,   35.228378,      -11.19,
 139.189550,   35.228378,      -11.60,
 139.194054,   35.228378,      -11.99,
 139.198559,   35.228378,      -12.39,
 139.203063,   35.228378,      -12.78,
 139.207568,   35.228378,      -13.12,
 139.212072,   35.228378,      -13.40,
 139.216577,   35.228378,      -13.67,
 139.221081,   35.228378,      -13.94,
 139.225586,   35.228378,      -14.18,
 139.230090,   35.228378,      -14.39,
 139.234595,   35.228378,      -14.56,
 139.239099,   35.228378,      -14.70,
 139.243604,   35.228378,      -14.85,
 139.248108,   35.228378,      -15.00,
 139.252613,   35.228378,      -15.14,
 139.257117,   35.228378,      -15.25,
 139.261622,   35.228378,      -15.33,
 139.266126,   35.228378,      -15.40,
 139.270631,   35.228378,      -15.48,
 139.275135,   35.228378,      -15.56,
 139.279640,   35.228378,      -15.61,
 139.284144,   35.228378,      -15.59,
 139.288649,   35.228378,      -15.58,
 139.293153,   35.228378,      -15.57,
 139.297658,   35.228378,      -15.58,
 139.302162,   35.228378,      -15.58,
 139.306667,   35.228378,      -15.53,
 139.311171,   35.228378,      -15.42,
 139.315676,   35.228378,      -15.28,
 139.320180,   35.228378,      -15.13,
 139.324685,   35.228378,      -14.98,
 139.329189,   35.228378,      -14.84,
 139.333694,   35.228378,      -14.70,
 139.338198,   35.228378,      -14.55,
 139.342703,   35.228378,      -14.41,
 139.347207,   35.228378,      -14.26,
 139.351712,   35.228378,      -14.10,
 139.356216,   35.228378,      -13.95,
 139.360721,   35.228378,      -13.78,
 139.365225,   35.228378,      -13.59,
 139.369730,   35.228378,      -13.37,
 139.374234,   35.228378,      -13.13,
 139.378739,   35.228378,      -12.89,
 139.383243,   35.228378,      -12.65,
 139.387748,   35.228378,      -12.41,
 139.392252,   35.228378,      -12.18,
 139.396757,   35.228378,      -11.95,
 139.401261,   35.228378,      -11.72,
 139.405766,   35.228378,      -11.49,
 139.410270,   35.228378,      -11.26,
 139.414775,   35.228378,      -11.06,
 139.419279,   35.228378,      -10.87,
 139.423784,   35.228378,      -10.66,
 139.428288,   35.228378,      -10.46,
 139.432793,   35.228378,      -10.28,
 139.437297,   35.228378,      -10.12,
 139.441802,   35.228378,       -9.96,
 139.446306,   35.228378,       -9.80,
 139.450811,   35.228378,       -9.58,
 139.455315,   35.228378,       -9.29,
 139.459820,   35.228378,       -8.92,
 139.464324,   35.228378,       -8.52,
 139.468829,   35.228378,       -8.09,
 139.473333,   35.228378,       -7.63,
 139.477838,   35.228378,       -7.14,
 139.482342,   35.228378,       -6.66,
 139.486847,   35.228378,       -6.22,
 139.491351,   35.228378,       -5.77,
 139.495856,   35.228378,       -5.31,
 139.500360,   35.228378,       -4.89,
 139.504865,   35.228378,       -4.55,
 139.509369,   35.228378,       -4.23,
 139.513874,   35.228378,       -3.95,
 139.518378,   35.228378,       -3.65,
 139.522883,   35.228378,       -3.35,
 139.527387,   35.228378,       -3.06,
 139.531892,   35.228378,       -2.83,
 139.536396,   35.228378,       -2.69,
 139.540901,   35.228378,       -2.55,
 139.545405,   35.228378,       -2.41,
 139.549910,   35.228378,       -2.28,
 139.554414,   35.228378,       -2.17,
 139.558919,   35.228378,       -2.07,
 139.563423,   35.228378,       -1.96,
 139.567928,   35.228378,       -2.07,
 139.572432,   35.228378,       -2.32,
 139.576937,   35.228378,       -2.87,
 139.581441,   35.228378,       -3.90,
 139.585946,   35.228378,       -5.00,
 139.590450,   35.228378,       -2.74,
 139.594955,   35.228378,        4.31,
 139.599459,   35.228378,       12.28,
 139.603964,   35.228378,       16.37,
 139.608468,   35.228378,       11.30,
 139.612973,   35.228378,        6.81,
 139.617477,   35.228378,        5.35,
 139.621982,   35.228378,        4.58,
 139.626486,   35.228378,        4.04,
 139.630991,   35.228378,        3.55,
 139.635495,   35.228378,        3.09,
 139.640000,   35.228378,        2.65,
 139.644505,   35.228378,        2.24,
 139.649009,   35.228378,        1.85,
 139.653514,   35.228378,        1.47,
 139.658018,   35.228378,        1.12,
 139.662523,   35.228378,        0.79,
 139.667027,   35.228378,        0.47,
 139.671532,   35.228378,        0.17,
 139.676036,   35.228378,       -0.12,
 139.680541,   35.228378,       -0.38,
 139.685045,   35.228378,       -0.59,
 139.689550,   35.228378,       -0.73,
 139.694054,   35.228378,       -0.78,
 139.698559,   35.228378,       -0.70,
 139.703063,   35.228378,       -0.47,
 139.707568,   35.228378,       -0.17,
 139.712072,   35.228378,        0.18,
 139.716577,   35.228378,        0.61,
 139.721081,   35.228378,        1.06,
 139.725586,   35.228378,        1.00,
 139.730090,   35.228378,        0.27,
 139.734595,   35.228378,       -0.16,
 139.739099,   35.228378,       -0.41,
 139.743604,   35.228378,       -0.81,
 139.748108,   35.228378,       -1.11,
 139.752613,   35.228378,       -1.21,
 139.757117,   35.228378,       -1.18,
 139.761622,   35.228378,       -1.18,
 139.766126,   35.228378,       -1.26,
 139.770631,   35.228378,       -1.13,
 139.775135,   35.228378,       -0.91,
 139.779640,   35.228378,       -0.94,
 139.784144,   35.228378,       -1.01,
 139.788649,   35.228378,       -0.97,
 139.793153,   35.228378,       -0.93,
 139.797658,   35.228378,       -0.97,
 139.802162,   35.228378,       -1.14,
 139.806667,   35.228378,       -1.27,
 139.811171,   35.228378,       -1.43,
 139.815676,   35.228378,       -1.59,
 139.820180,   35.228378,       -1.56,
 139.824685,   35.228378,       -1.47,
 139.829189,   35.228378,       -1.37,
 139.833694,   35.228378,       -1.31,
 139.838198,   35.228378,       -1.27,
 139.842703,   35.228378,       -1.24,
 139.847207,   35.228378,       -1.26,
 139.851712,   35.228378,       -1.27,
 139.856216,   35.228378,       -1.26,
 139.860721,   35.228378,       -1.25,
 139.865225,   35.228378,       -1.27,
 139.869730,   35.228378,       -1.45,
 139.874234,   35.228378,       -1.82,
 139.878739,   35.228378,       -2.19,
 139.883243,   35.228378,       -2.55,
 139.887748,   35.228378,       -2.90,
 139.892252,   35.228378,       -3.24,
 139.896757,   35.228378,       -3.57,
 139.901261,   35.228378,       -3.89,
 139.905766,   35.228378,       -4.21,
 139.910270,   35.228378,       -4.52,
 139.914775,   35.228378,       -4.82,
 139.919279,   35.228378,       -5.11,
 139.923784,   35.228378,       -5.40,
 139.928288,   35.228378,       -5.67,
 139.932793,   35.228378,       -5.95,
 139.937297,   35.228378,       -6.21,
 139.941802,   35.228378,       -6.47,
 139.946306,   35.228378,       -6.73,
 139.950811,   35.228378,       -6.98,
 139.955315,   35.228378,       -7.23,
 139.959820,   35.228378,       -7.48,
 139.964324,   35.228378,       -7.73,
 139.968829,   35.228378,       -7.97,
 139.973333,   35.228378,       -8.21,
 139.977838,   35.228378,       -8.45,
 139.982342,   35.228378,       -8.69,
 139.986847,   35.228378,       -8.93,
 139.991351,   35.228378,       -9.16,
 139.995856,   35.228378,       -9.39,
 140.000360,   35.228378,       -9.61,
 140.004865,   35.228378,       -9.83,
 140.009369,   35.228378,      -10.05,
 140.013874,   35.228378,      -10.26,
 140.018378,   35.228378,      -10.47,
 140.022883,   35.228378,      -10.67,
 140.027387,   35.228378,      -10.88,
 140.031892,   35.228378,      -11.08,
 140.036396,   35.228378,      -11.27,
 140.040901,   35.228378,      -11.46,
 140.045405,   35.228378,      -11.65,
 140.049910,   35.228378,      -11.83,
 140.054414,   35.228378,      -12.01,
 140.058919,   35.228378,      -12.19,
 140.063423,   35.228378,      -12.36,
 140.067928,   35.228378,      -12.52,
 140.072432,   35.228378,      -12.69,
 140.076937,   35.228378,      -12.84,
 140.081441,   35.228378,      -13.00,
 140.085946,   35.228378,      -13.15,
 140.090450,   35.228378,      -13.29,
 140.094955,   35.228378,      -13.43,
 140.099459,   35.228378,      -13.57,
 140.103964,   35.228378,      -13.70,
 140.108468,   35.228378,      -13.83,
 140.112973,   35.228378,      -13.96,
 140.117477,   35.228378,      -14.08,
 140.121982,   35.228378,      -14.19,
 140.126486,   35.228378,      -14.30,
 140.130991,   35.228378,      -14.41,
 140.135495,   35.228378,      -14.51,
 140.140000,   35.228378,      -14.61,
 140.144505,   35.228378,      -14.71,
 140.149009,   35.228378,      -14.80,
 140.153514,   35.228378,      -14.88,
 140.158018,   35.228378,      -14.97,
 140.162523,   35.228378,      -15.05,
 140.167027,   35.228378,      -15.12,
 140.171532,   35.228378,      -15.19,
 140.176036,   35.228378,      -15.26,
 140.180541,   35.228378,      -15.32,
 140.185045,   35.228378,      -15.37,
 140.189550,   35.228378,      -15.43,
 140.194054,   35.228378,      -15.47,
 140.198559,   35.228378,      -15.52,
 140.203063,   35.228378,      -15.56,
 140.207568,   35.228378,      -15.59,
 140.212072,   35.228378,      -15.63,
 140.216577,   35.228378,      -15.66,
 140.221081,   35.228378,      -15.68,
 140.225586,   35.228378,      -15.71,
 140.230090,   35.228378,      -15.73,
 140.234595,   35.228378,      -15.75,
 140.239099,   35.228378,      -15.77,
 140.243604,   35.228378,      -15.79,
 140.248108,   35.228378,      -15.81,
 140.252613,   35.228378,      -15.82,
 140.257117,   35.228378,      -15.84,
 140.261622,   35.228378,      -15.85,
 140.266126,   35.228378,      -15.86,
 140.270631,   35.228378,      -15.87,
 140.275135,   35.228378,      -15.88,
 140.279640,   35.228378,      -15.89,
 140.284144,   35.228378,      -15.89,
 140.288649,   35.228378,      -15.90,
 140.293153,   35.228378,      -15.90,
 140.297658,   35.228378,      -15.90,
 140.302162,   35.228378,      -15.90,
 140.306667,   35.228378,      -15.90,
 140.311171,   35.228378,      -15.90,
 140.315676,   35.228378,      -15.90,
 140.320180,   35.228378,      -15.90,
 140.324685,   35.228378,      -15.90,
 140.329189,   35.228378,      -15.89,
 140.333694,   35.228378,      -15.89,
 140.338198,   35.228378,      -15.89,
 140.342703,   35.228378,      -15.88,
 140.347207,   35.228378,      -15.88,
 140.351712,   35.228378,      -15.88,
 140.356216,   35.228378,      -15.87,
 140.360721,   35.228378,      -15.87,
 140.365225,   35.228378,      -15.93,
 140.369730,   35.228378,      -16.01,
 140.374234,   35.228378,      -16.09,
 140.378739,   35.228378,      -16.18,
 140.383243,   35.228378,      -16.26,
 140.387748,   35.228378,      -16.35,
 139.140000,   35.232883,       -6.35,
 139.144505,   35.232883,       -6.87,
 139.149009,   35.232883,       -7.40,
 139.153514,   35.232883,       -7.93,
 139.158018,   35.232883,       -8.38,
 139.162523,   35.232883,       -8.78,
 139.167027,   35.232883,       -9.19,
 139.171532,   35.232883,       -9.62,
 139.176036,   35.232883,      -10.05,
 139.180541,   35.232883,      -10.49,
 139.185045,   35.232883,      -10.91,
 139.189550,   35.232883,      -11.28,
 139.194054,   35.232883,      -11.66,
 139.198559,   35.232883,      -12.05,
 139.203063,   35.232883,      -12.41,
 139.207568,   35.232883,      -12.75,
 139.212072,   35.232883,      -13.06,
 139.216577,   35.232883,      -13.35,
 139.221081,   35.232883,      -13.64,
 139.225586,   35.232883,      -13.89,
 139.230090,   35.232883,      -14.07,
 139.234595,   35.232883,      -14.21,
 139.239099,   35.232883,      -14.35,
 139.243604,   35.232883,      -14.50,
 139.248108,   35.232883,      -14.66,
 139.252613,   35.232883,      -14.82,
 139.257117,   35.232883,      -14.90,
 139.261622,   35.232883,      -14.95,
 139.266126,   35.232883,      -15.01,
 139.270631,   35.232883,      -15.08,
 139.275135,   35.232883,      -15.17,
 139.279640,   35.232883,      -15.23,
 139.284144,   35.232883,      -15.20,
 139.288649,   35.232883,      -15.18,
 139.293153,   35.232883,      -15.18,
 139.297658,   35.232883,      -15.20,
 139.302162,   35.232883,      -15.24,
 139.306667,   35.232883,      -15.18,
 139.311171,   35.232883,      -15.01,
 139.315676,   35.232883,      -14.85,
 139.320180,   35.232883,      -14.70,
 139.324685,   35.232883,      -14.56,
 139.329189,   35.232883,      -14.43,
 139.333694,   35.232883,      -14.29,
 139.338198,   35.232883,      -14.15,
 139.342703,   35.232883,      -14.00,
 139.347207,   35.232883,      -13.85,
 139.351712,   35.232883,      -13.69,
 139.356216,   35.232883,      -13.53,
 139.360721,   35.232883,      -13.36,
 139.365225,   35.232883,      -13.19,
 139.369730,   35.232883,      -12.99,
 139.374234,   35.232883,      -12.75,
 139.378739,   35.232883,      -12.51,
 139.383243,   35.232883,      -12.27,
 139.387748,   35.232883,      -12.04,
 139.392252,   35.232883,      -11.81,
 139.396757,   35.232883,      -11.59,
 139.401261,   35.232883,      -11.37,
 139.405766,   35.232883,      -11.16,
 139.410270,   35.232883,      -10.96,
 139.414775,   35.232883,      -10.79,
 139.419279,   35.232883,      -10.62,
 139.423784,   35.232883,      -10.44,
 139.428288,   35.232883,      -10.27,
 139.432793,   35.232883,      -10.10,
 139.437297,   35.232883,       -9.95,
 139.441802,   35.232883,       -9.78,
 139.446306,   35.232883,       -9.61,
 139.450811,   35.232883,       -9.41,
 139.455315,   35.232883,       -9.15,
 139.459820,   35.232883,       -8.73,
 139.464324,   35.232883,       -8.24,
 139.468829,   35.232883,       -7.77,
 139.473333,   35.232883,       -7.26,
 139.477838,   35.232883,       -6.71,
 139.482342,   35.232883,       -6.21,
 139.486847,   35.232883,       -5.77,
 139.491351,   35.232883,       -5.33,
 139.495856,   35.232883,       -4.86,
 139.500360,   35.232883,       -4.55,
 139.504865,   35.232883,       -4.28,
 139.509369,   35.232883,       -4.01,
 139.513874,   35.232883,       -3.75,
 139.518378,   35.232883,       -3.47,
 139.522883,   35.232883,       -3.19,
 139.527387,   35.232883,       -2.91,
 139.531892,   35.232883,       -2.67,
 139.536396,   35.232883,       -2.51,
 139.540901,   35.232883,       -2.36,
 139.545405,   35.232883,       -2.21,
 139.549910,   35.232883,       -2.07,
 139.554414,   35.232883,       -1.95,
 139.558919,   35.232883,       -1.85,
 139.563423,   35.232883,       -1.88,
 139.567928,   35.232883,       -2.10,
 139.572432,   35.232883,       -2.37,
 139.576937,   35.232883,       -2.95,
 139.581441,   35.232883,       -3.94,
 139.585946,   35.232883,       -4.47,
 139.590450,   35.232883,       -1.76,
 139.594955,   35.232883,        5.45,
 139.599459,   35.232883,       13.68,
 139.603964,   35.232883,       13.63,
 139.608468,   35.232883,        7.92,
 139.612973,   35.232883,        6.25,
 139.617477,   35.232883,        5.23,
 139.621982,   35.232883,        4.56,
 139.626486,   35.232883,        4.05,
 139.630991,   35.232883,        3.58,
 139.635495,   35.232883,        3.13,
 139.640000,   35.232883,        2.70,
 139.644505,   35.232883,        2.29,
 139.649009,   35.232883,        1.90,
 139.653514,   35.232883,        1.53,
 139.658018,   35.232883,        1.18,
 139.662523,   35.232883,        0.85,
 139.667027,   35.232883,        0.55,
 139.671532,   35.232883,        0.26,
 139.676036,   35.232883,       -0.01,
 139.680541,   35.232883,       -0.25,
 139.685045,   35.232883,       -0.44,
 139.689550,   35.232883,       -0.58,
 139.694054,   35.232883,       -0.64,
 139.698559,   35.232883,       -0.60,
 139.703063,   35.232883,       -0.40,
 139.707568,   35.232883,       -0.15,
 139.712072,   35.232883,        0.13,
 139.716577,   35.232883,        0.43,
 139.721081,   35.232883,        0.71,
 139.725586,   35.232883,        0.73,
 139.730090,   35.232883,        0.18,
 139.734595,   35.232883,       -0.13,
 139.739099,   35.232883,       -0.33,
 139.743604,   35.232883,       -0.43,
 139.748108,   35.232883,       -0.63,
 139.752613,   35.232883,       -0.71,
 139.757117,   35.232883,       -0.71,
 139.761622,   35.232883,       -0.83,
 139.766126,   35.232883,       -0.92,
 139.770631,   35.232883,       -0.95,
 139.775135,   35.232883,       -0.97,
 139.779640,   35.232883,       -1.04,
 139.784144,   35.232883,       -1.21,
 139.788649,   35.232883,       -1.20,
 139.793153,   35.232883,       -1.14,
 139.797658,   35.232883,       -1.19,
 139.802162,   35.232883,       -1.29,
 139.806667,   35.232883,       -1.40,
 139.811171,   35.232883,       -1.53,
 139.815676,   35.232883,       -1.55,
 139.820180,   35.232883,       -1.50,
 139.824685,   35.232883,       -1.43,
 139.829189,   35.232883,       -1.35,
 139.833694,   35.232883,       -1.30,
 139.838198,   35.232883,       -1.26,
 139.842703,   35.232883,       -1.23,
 139.847207,   35.232883,       -1.22,
 139.851712,   35.232883,       -1.23,
 139.856216,   35.232883,       -1.20,
 139.860721,   35.232883,       -1.18,
 139.865225,   35.232883,       -1.19,
 139.869730,   35.232883,       -1.23,
 139.874234,   35.232883,       -1.57,
 139.878739,   35.232883,       -1.94,
 139.883243,   35.232883,       -2.31,
 139.887748,   35.232883,       -2.67,
 139.892252,   35.232883,       -3.02,
 139.896757,   35.232883,       -3.35,
 139.901261,   35.232883,       -3.68,
 139.905766,   35.232883,       -4.00,
 139.910270,   35.232883,       -4.31,
 139.914775,   35.232883,       -4.62,
 139.919279,   35.232883,       -4.91,
 139.923784,   35.232883,       -5.20,
 139.928288,   35.232883,       -5.47,
 139.932793,   35.232883,       -5.75,
 139.937297,   35.232883,       -6.01,
 139.941802,   35.232883,       -6.28,
 139.946306,   35.232883,       -6.53,
 139.950811,   35.232883,       -6.79,
 139.955315,   35.232883,       -7.04,
 139.959820,   35.232883,       -7.29,
 139.964324,   35.232883,       -7.54,
 139.968829,   35.232883,       -7.78,
 139.973333,   35.232883,       -8.02,
 139.977838,   35.232883,       -8.26,
 139.982342,   35.232883,       -8.50,
 139.986847,   35.232883,       -8.74,
 139.991351,   35.232883,       -8.97,
 139.995856,   35.232883,       -9.20,
 140.000360,   35.232883,       -9.42,
 140.004865,   35.232883,       -9.64,
 140.009369,   35.232883,       -9.85,
 140.013874,   35.232883,      -10.06,
 140.018378,   35.232883,      -10.27,
 140.022883,   35.232883,      -10.47,
 140.027387,   35.232883,      -10.67,
 140.031892,   35.232883,      -10.87,
 140.036396,   35.232883,      -11.06,
 140.040901,   35.232883,      -11.25,
 140.045405,   35.232883,      -11.44,
 140.049910,   35.232883,      -11.62,
 140.054414,   35.232883,      -11.80,
 140.058919,   35.232883,      -11.97,
 140.063423,   35.232883,      -12.13,
 140.067928,   35.232883,      -12.30,
 140.072432,   35.232883,      -12.46,
 140.076937,   35.232883,      -12.61,
 140.081441,   35.232883,      -12.76,
 140.085946,   35.232883,      -12.91,
 140.090450,   35.232883,      -13.05,
 140.094955,   35.232883,      -13.19,
 140.099459,   35.232883,      -13.33,
 140.103964,   35.232883,      -13.46,
 140.108468,   35.232883,      -13.58,
 140.112973,   35.232883,      -13.71,
 140.117477,   35.232883,      -13.82,
 140.121982,   35.232883,      -13.94,
 140.126486,   35.232883,      -14.05,
 140.130991,   35.232883,      -14.15,
 140.135495,   35.232883,      -14.25,
 140.140000,   35.232883,      -14.35,
 140.144505,   35.232883,      -14.45,
 140.149009,   35.232883,      -14.54,
 140.153514,   35.232883,      -14.62,
 140.158018,   35.232883,      -14.70,
 140.162523,   35.232883,      -14.78,
 140.167027,   35.232883,      -14.86,
 140.171532,   35.232883,      -14.93,
 140.176036,   35.232883,      -14.99,
 140.180541,   35.232883,      -15.05,
 140.185045,   35.232883,      -15.11,
 140.189550,   35.232883,      -15.16,
 140.194054,   35.232883,      -15.21,
 140.198559,   35.232883,      -15.25,
 140.203063,   35.232883,      -15.29,
 140.207568,   35.232883,      -15.33,
 140.212072,   35.232883,      -15.36,
 140.216577,   35.232883,      -15.39,
 140.221081,   35.232883,      -15.42,
 140.225586,   35.232883,      -15.45,
 140.230090,   35.232883,      -15.47,
 140.234595,   35.232883,      -15.49,
 140.239099,   35.232883,      -15.51,
 140.243604,   35.232883,      -15.53,
 140.248108,   35.232883,      -15.55,
 140.252613,   35.232883,      -15.57,
 140.257117,   35.232883,      -15.58,
 140.261622,   35.232883,      -15.59,
 140.266126,   35.232883,      -15.61,
 140.270631,   35.232883,      -15.62,
 140.275135,   35.232883,      -15.62,
 140.279640,   35.232883,      -15.63,
 140.284144,   35.232883,      -15.64,
 140.288649,   35.232883,      -15.64,
 140.293153,   35.232883,      -15.65,
 140.297658,   35.232883,      -15.65,
 140.302162,   35.232883,      -15.65,
 140.306667,   35.232883,      -15.65,
 140.311171,   35.232883,      -15.65,
 140.315676,   35.232883,      -15.65,
 140.320180,   35.232883,      -15.65,
 140.324685,   35.232883,      -15.65,
 140.329189,   35.232883,      -15.64,
 140.333694,   35.232883,      -15.64,
 140.338198,   35.232883,      -15.64,
 140.342703,   35.232883,      -15.64,
 140.347207,   35.232883,      -15.63,
 140.351712,   35.232883,      -15.63,
 140.356216,   35.232883,      -15.63,
 140.360721,   35.232883,      -15.66,
 140.365225,   35.232883,      -15.74,
 140.369730,   35.232883,      -15.82,
 140.374234,   35.232883,      -15.90,
 140.378739,   35.232883,      -15.99,
 140.383243,   35.232883,      -16.07,
 140.387748,   35.232883,      -16.16,
 139.140000,   35.237387,       -6.04,
 139.144505,   35.237387,       -6.56,
 139.149009,   35.237387,       -7.09,
 139.153514,   35.237387,       -7.61,
 139.158018,   35.237387,       -8.11,
 139.162523,   35.237387,       -8.53,
 139.167027,   35.237387,       -8.95,
 139.171532,   35.237387,       -9.37,
 139.176036,   35.237387,       -9.80,
 139.180541,   35.237387,      -10.23,
 139.185045,   35.237387,      -10.62,
 139.189550,   35.237387,      -10.97,
 139.194054,   35.237387,      -11.33,
 139.198559,   35.237387,      -11.69,
 139.203063,   35.237387,      -12.05,
 139.207568,   35.237387,      -12.36,
 139.212072,   35.237387,      -12.67,
 139.216577,   35.237387,      -12.98,
 139.221081,   35.237387,      -13.30,
 139.225586,   35.237387,      -13.60,
 139.230090,   35.237387,      -13.71,
 139.234595,   35.237387,      -13.84,
 139.239099,   35.237387,      -13.98,
 139.243604,   35.237387,      -14.13,
 139.248108,   35.237387,      -14.29,
 139.252613,   35.237387,      -14.43,
 139.257117,   35.237387,      -14.49,
 139.261622,   35.237387,      -14.53,
 139.266126,   35.237387,      -14.59,
 139.270631,   35.237387,      -14.65,
 139.275135,   35.237387,      -14.72,
 139.279640,   35.237387,      -14.74,
 139.284144,   35.237387,      -14.75,
 139.288649,   35.237387,      -14.75,
 139.293153,   35.237387,      -14.75,
 139.297658,   35.237387,      -14.76,
 139.302162,   35.237387,      -14.75,
 139.306667,   35.237387,      -14.69,
 139.311171,   35.237387,      -14.55,
 139.315676,   35.237387,      -14.40,
 139.320180,   35.237387,      -14.26,
 139.324685,   35.237387,      -14.13,
 139.329189,   35.237387,      -14.00,
 139.333694,   35.237387,      -13.88,
 139.338198,   35.237387,      -13.75,
 139.342703,   35.237387,      -13.60,
 139.347207,   35.237387,      -13.44,
 139.351712,   35.237387,      -13.28,
 139.356216,   35.237387,      -13.12,
 139.360721,   35.237387,      -12.96,
 139.365225,   35.237387,      -12.79,
 139.369730,   35.237387,      -12.61,
 139.374234,   35.237387,      -12.37,
 139.378739,   35.237387,      -12.14,
 139.383243,   35.237387,      -11.90,
 139.387748,   35.237387,      -11.67,
 139.392252,   35.237387,      -11.44,
 139.396757,   35.237387,      -11.23,
 139.401261,   35.237387,      -11.03,
 139.405766,   35.237387,      -10.84,
 139.410270,   35.237387,      -10.66,
 139.414775,   35.237387,      -10.52,
 139.419279,   35.237387,      -10.37,
 139.423784,   35.237387,      -10.23,
 139.428288,   35.237387,      -10.07,
 139.432793,   35.237387,      -10.02,
 139.437297,   35.237387,       -9.96,
 139.441802,   35.237387,       -9.83,
 139.446306,   35.237387,       -9.70,
 139.450811,   35.237387,       -9.54,
 139.455315,   35.237387,       -9.29,
 139.459820,   35.237387,       -8.86,
 139.464324,   35.237387,       -8.19,
 139.468829,   35.237387,       -7.48,
 139.473333,   35.237387,       -6.92,
 139.477838,   35.237387,       -6.32,
 139.482342,   35.237387,       -5.78,
 139.486847,   35.237387,       -5.39,
 139.491351,   35.237387,       -4.98,
 139.495856,   35.237387,       -4.61,
 139.500360,   35.237387,       -4.33,
 139.504865,   35.237387,       -4.07,
 139.509369,   35.237387,       -3.81,
 139.513874,   35.237387,       -3.57,
 139.518378,   35.237387,       -3.34,
 139.522883,   35.237387,       -3.06,
 139.527387,   35.237387,       -2.77,
 139.531892,   35.237387,       -2.50,
 139.536396,   35.237387,       -2.33,
 139.540901,   35.237387,       -2.16,
 139.545405,   35.237387,       -1.99,
 139.549910,   35.237387,       -1.85,
 139.554414,   35.237387,       -1.72,
 139.558919,   35.237387,       -1.66,
 139.563423,   35.237387,       -1.84,
 139.567928,   35.237387,       -2.09,
 139.572432,   35.237387,       -2.45,
 139.576937,   35.237387,       -3.01,
 139.581441,   35.237387,       -3.64,
 139.585946,   35.237387,       -2.85,
 139.590450,   35.237387,       -2.08,
 139.594955,   35.237387,        3.50,
 139.599459,   35.237387,       10.44,
 139.603964,   35.237387,        8.01,
 139.608468,   35.237387,        6.75,
 139.612973,   35.237387,        5.83,
 139.617477,   35.237387,        5.08,
 139.621982,   35.237387,        4.50,
 139.626486,   35.237387,        4.02,
 139.630991,   35.237387,        3.57,
 139.635495,   35.237387,        3.13,
 139.640000,   35.237387,        2.71,
 139.644505,   35.237387,        2.32,
 139.649009,   35.237387,        1.93,
 139.653514,   35.237387,        1.57,
 139.658018,   35.237387,        1.23,
 139.662523,   35.237387,        0.90,
 139.667027,   35.237387,        0.60,
 139.671532,   35.237387,        0.33,
 139.676036,   35.237387,        0.07,
 139.680541,   35.237387,       -0.14,
 139.685045,   35.237387,       -0.32,
 139.689550,   35.237387,       -0.46,
 139.694054,   35.237387,       -0.53,
 139.698559,   35.237387,       -0.51,
 139.703063,   35.237387,       -0.36,
 139.707568,   35.237387,       -0.14,
 139.712072,   35.237387,        0.08,
 139.716577,   35.237387,        0.31,
 139.721081,   35.237387,        0.51,
 139.725586,   35.237387,        0.55,
 139.730090,   35.237387,        0.16,
 139.734595,   35.237387,       -0.27,
 139.739099,   35.237387,       -0.38,
 139.743604,   35.237387,       -0.39,
 139.748108,   35.237387,       -0.41,
 139.752613,   35.237387,       -0.50,
 139.757117,   35.237387,       -0.58,
 139.761622,   35.237387,       -0.64,
 139.766126,   35.237387,       -0.72,
 139.770631,   35.237387,       -0.77,
 139.775135,   35.237387,       -0.83,
 139.779640,   35.237387,       -0.91,
 139.784144,   35.237387,       -1.03,
 139.788649,   35.237387,       -1.13,
 139.793153,   35.237387,       -1.15,
 139.797658,   35.237387,       -1.21,
 139.802162,   35.237387,       -1.33,
 139.806667,   35.237387,       -1.45,
 139.811171,   35.237387,       -1.51,
 139.815676,   35.237387,       -1.51,
 139.820180,   35.237387,       -1.48,
 139.824685,   35.237387,       -1.40,
 139.829189,   35.237387,       -1.33,
 139.833694,   35.237387,       -1.26,
 139.838198,   35.237387,       -1.21,
 139.842703,   35.237387,       -1.15,
 139.847207,   35.237387,       -1.12,
 139.851712,   35.237387,       -1.10,
 139.856216,   35.237387,       -1.06,
 139.860721,   35.237387,       -1.05,
 139.865225,   35.237387,       -1.04,
 139.869730,   35.237387,       -1.10,
 139.874234,   35.237387,       -1.41,
 139.878739,   35.237387,       -1.74,
 139.883243,   35.237387,       -2.10,
 139.887748,   35.237387,       -2.46,
 139.892252,   35.237387,       -2.81,
 139.896757,   35.237387,       -3.15,
 139.901261,   35.237387,       -3.48,
 139.905766,   35.237387,       -3.80,
 139.910270,   35.237387,       -4.12,
 139.914775,   35.237387,       -4.42,
 139.919279,   35.237387,       -4.72,
 139.923784,   35.237387,       -5.00,
 139.928288,   35.237387,       -5.28,
 139.932793,   35.237387,       -5.56,
 139.937297,   35.237387,       -5.82,
 139.941802,   35.237387,       -6.09,
 139.946306,   35.237387,       -6.35,
 139.950811,   35.237387,       -6.60,
 139.955315,   35.237387,       -6.85,
 139.959820,   35.237387,       -7.10,
 139.964324,   35.237387,       -7.35,
 139.968829,   35.237387,       -7.59,
 139.973333,   35.237387,       -7.84,
 139.977838,   35.237387,       -8.08,
 139.982342,   35.237387,       -8.32,
 139.986847,   35.237387,       -8.55,
 139.991351,   35.237387,       -8.78,
 139.995856,   35.237387,       -9.01,
 140.000360,   35.237387,       -9.23,
 140.004865,   35.237387,       -9.44,
 140.009369,   35.237387,       -9.66,
 140.013874,   35.237387,       -9.86,
 140.018378,   35.237387,      -10.07,
 140.022883,   35.237387,      -10.27,
 140.027387,   35.237387,      -10.47,
 140.031892,   35.237387,      -10.67,
 140.036396,   35.237387,      -10.86,
 140.040901,   35.237387,      -11.04,
 140.045405,   35.237387,      -11.23,
 140.049910,   35.237387,      -11.40,
 140.054414,   35.237387,      -11.58,
 140.058919,   35.237387,      -11.75,
 140.063423,   35.237387,      -11.91,
 140.067928,   35.237387,      -12.07,
 140.072432,   35.237387,      -12.23,
 140.076937,   35.237387,      -12.38,
 140.081441,   35.237387,      -12.53,
 140.085946,   35.237387,      -12.67,
 140.090450,   35.237387,      -12.81,
 140.094955,   35.237387,      -12.95,
 140.099459,   35.237387,      -13.08,
 140.103964,   35.237387,      -13.21,
 140.108468,   35.237387,      -13.34,
 140.112973,   35.237387,      -13.46,
 140.117477,   35.237387,      -13.57,
 140.121982,   35.237387,      -13.69,
 140.126486,   35.237387,      -13.79,
 140.130991,   35.237387,      -13.90,
 140.135495,   35.237387,      -14.00,
 140.140000,   35.237387,      -14.10,
 140.144505,   35.237387,      -14.19,
 140.149009,   35.237387,      -14.28,
 140.153514,   35.237387,      -14.36,
 140.158018,   35.237387,      -14.44,
 140.162523,   35.237387,      -14.52,
 140.167027,   35.237387,      -14.59,
 140.171532,   35.237387,      -14.66,
 140.176036,   35.237387,      -14.73,
 140.180541,   35.237387,      -14.79,
 140.185045,   35.237387,      -14.85,
 140.189550,   35.237387,      -14.90,
 140.194054,   35.237387,      -14.95,
 140.198559,   35.237387,      -14.99,
 140.203063,   35.237387,      -15.03,
 140.207568,   35.237387,      -15.07,
 140.212072,   35.237387,      -15.10,
 140.216577,   35.237387,      -15.13,
 140.221081,   35.237387,      -15.16,
 140.225586,   35.237387,      -15.19,
 140.230090,   35.237387,      -15.21,
 140.234595,   35.237387,      -15.24,
 140.239099,   35.237387,      -15.26,
 140.243604,   35.237387,      -15.28,
 140.248108,   35.237387,      -15.30,
 140.252613,   35.237387,      -15.31,
 140.257117,   35.237387,      -15.33,
 140.261622,   35.237387,      -15.34,
 140.266126,   35.237387,      -15.35,
 140.270631,   35.237387,      -15.36,
 140.275135,   35.237387,      -15.37,
 140.279640,   35.237387,      -15.38,
 140.284144,   35.237387,      -15.38,
 140.288649,   35.237387,      -15.39,
 140.293153,   35.237387,      -15.39,
 140.297658,   35.237387,      -15.40,
 140.302162,   35.237387,      -15.40,
 140.306667,   35.237387,      -15.40,
 140.311171,   35.237387,      -15.40,
 140.315676,   35.237387,      -15.40,
 140.320180,   35.237387,      -15.40,
 140.324685,   35.237387,      -15.40,
 140.329189,   35.237387,      -15.40,
 140.333694,   35.237387,      -15.39,
 140.338198,   35.237387,      -15.39,
 140.342703,   35.237387,      -15.39,
 140.347207,   35.237387,      -15.39,
 140.351712,   35.237387,      -15.39,
 140.356216,   35.237387,      -15.39,
 140.360721,   35.237387,      -15.47,
 140.365225,   35.237387,      -15.55,
 140.369730,   35.237387,      -15.63,
 140.374234,   35.237387,      -15.71,
 140.378739,   35.237387,      -15.80,
 140.383243,   35.237387,      -15.88,
 140.387748,   35.237387,      -15.97,
 139.140000,   35.241892,       -5.72,
 139.144505,   35.241892,       -6.25,
 139.149009,   35.241892,       -6.78,
 139.153514,   35.241892,       -7.33,
 139.158018,   35.241892,       -7.84,
 139.162523,   35.241892,       -8.28,
 139.167027,   35.241892,       -8.73,
 139.171532,   35.241892,       -9.16,
 139.176036,   35.241892,       -9.56,
 139.180541,   35.241892,       -9.97,
 139.185045,   35.241892,      -10.34,
 139.189550,   35.241892,      -10.67,
 139.194054,   35.241892,      -11.00,
 139.198559,   35.241892,      -11.34,
 139.203063,   35.241892,      -11.67,
 139.207568,   35.241892,      -11.97,
 139.212072,   35.241892,      -12.27,
 139.216577,   35.241892,      -12.57,
 139.221081,   35.241892,      -12.88,
 139.225586,   35.241892,      -13.13,
 139.230090,   35.241892,      -13.29,
 139.234595,   35.241892,      -13.43,
 139.239099,   35.241892,      -13.57,
 139.243604,   35.241892,      -13.71,
 139.248108,   35.241892,      -13.83,
 139.252613,   35.241892,      -13.92,
 139.257117,   35.241892,      -13.99,
 139.261622,   35.241892,      -14.06,
 139.266126,   35.241892,      -14.13,
 139.270631,   35.241892,      -14.20,
 139.275135,   35.241892,      -14.23,
 139.279640,   35.241892,      -14.24,
 139.284144,   35.241892,      -14.26,
 139.288649,   35.241892,      -14.27,
 139.293153,   35.241892,      -14.26,
 139.297658,   35.241892,      -14.25,
 139.302162,   35.241892,      -14.23,
 139.306667,   35.241892,      -14.18,
 139.311171,   35.241892,      -14.07,
 139.315676,   35.241892,      -13.93,
 139.320180,   35.241892,      -13.80,
 139.324685,   35.241892,      -13.67,
 139.329189,   35.241892,      -13.55,
 139.333694,   35.241892,      -13.44,
 139.338198,   35.241892,      -13.34,
 139.342703,   35.241892,      -13.19,
 139.347207,   35.241892,      -13.03,
 139.351712,   35.241892,      -12.87,
 139.356216,   35.241892,      -12.71,
 139.360721,   35.241892,      -12.55,
 139.365225,   35.241892,      -12.39,
 139.369730,   35.241892,      -12.21,
 139.374234,   35.241892,      -11.99,
 139.378739,   35.241892,      -11.76,
 139.383243,   35.241892,      -11.53,
 139.387748,   35.241892,      -11.30,
 139.392252,   35.241892,      -11.06,
 139.396757,   35.241892,      -10.88,
 139.401261,   35.241892,      -10.71,
 139.405766,   35.241892,      -10.54,
 139.410270,   35.241892,      -10.36,
 139.414775,   35.241892,      -10.22,
 139.419279,   35.241892,      -10.08,
 139.423784,   35.241892,       -9.94,
 139.428288,   35.241892,       -9.97,
 139.432793,   35.241892,      -10.12,
 139.437297,   35.241892,      -10.18,
 139.441802,   35.241892,      -10.16,
 139.446306,   35.241892,      -10.12,
 139.450811,   35.241892,      -10.04,
 139.455315,   35.241892,       -9.85,
 139.459820,   35.241892,       -9.26,
 139.464324,   35.241892,       -8.24,
 139.468829,   35.241892,       -7.34,
 139.473333,   35.241892,       -6.70,
 139.477838,   35.241892,       -6.09,
 139.482342,   35.241892,       -5.52,
 139.486847,   35.241892,       -5.10,
 139.491351,   35.241892,       -4.70,
 139.495856,   35.241892,       -4.37,
 139.500360,   35.241892,       -4.12,
 139.504865,   35.241892,       -3.86,
 139.509369,   35.241892,       -3.63,
 139.513874,   35.241892,       -3.44,
 139.518378,   35.241892,       -3.24,
 139.522883,   35.241892,       -2.96,
 139.527387,   35.241892,       -2.65,
 139.531892,   35.241892,       -2.34,
 139.536396,   35.241892,       -2.13,
 139.540901,   35.241892,       -1.95,
 139.545405,   35.241892,       -1.78,
 139.549910,   35.241892,       -1.62,
 139.554414,   35.241892,       -1.50,
 139.558919,   35.241892,       -1.51,
 139.563423,   35.241892,       -1.69,
 139.567928,   35.241892,       -1.89,
 139.572432,   35.241892,       -2.16,
 139.576937,   35.241892,       -2.54,
 139.581441,   35.241892,       -1.92,
 139.585946,   35.241892,       -0.78,
 139.590450,   35.241892,        0.79,
 139.594955,   35.241892,        3.53,
 139.599459,   35.241892,        6.94,
 139.603964,   35.241892,        6.61,
 139.608468,   35.241892,        6.05,
 139.612973,   35.241892,        5.43,
 139.617477,   35.241892,        4.87,
 139.621982,   35.241892,        4.37,
 139.626486,   35.241892,        3.93,
 139.630991,   35.241892,        3.51,
 139.635495,   35.241892,        3.10,
 139.640000,   35.241892,        2.70,
 139.644505,   35.241892,        2.32,
 139.649009,   35.241892,        1.95,
 139.653514,   35.241892,        1.59,
 139.658018,   35.241892,        1.26,
 139.662523,   35.241892,        0.94,
 139.667027,   35.241892,        0.65,
 139.671532,   35.241892,        0.38,
 139.676036,   35.241892,        0.14,
 139.680541,   35.241892,       -0.06,
 139.685045,   35.241892,       -0.23,
 139.689550,   35.241892,       -0.36,
 139.694054,   35.241892,       -0.45,
 139.698559,   35.241892,       -0.45,
 139.703063,   35.241892,       -0.32,
 139.707568,   35.241892,       -0.13,
 139.712072,   35.241892,        0.05,
 139.716577,   35.241892,        0.24,
 139.721081,   35.241892,        0.40,
 139.725586,   35.241892,        0.44,
 139.730090,   35.241892,        0.22,
 139.734595,   35.241892,       -0.33,
 139.739099,   35.241892,       -0.35,
 139.743604,   35.241892,       -0.35,
 139.748108,   35.241892,       -0.35,
 139.752613,   35.241892,       -0.47,
 139.757117,   35.241892,       -0.56,
 139.761622,   35.241892,       -0.57,
 139.766126,   35.241892,       -0.54,
 139.770631,   35.241892,       -0.58,
 139.775135,   35.241892,       -0.63,
 139.779640,   35.241892,       -0.75,
 139.784144,   35.241892,       -0.88,
 139.788649,   35.241892,       -1.00,
 139.793153,   35.241892,       -1.05,
 139.797658,   35.241892,       -1.11,
 139.802162,   35.241892,       -1.25,
 139.806667,   35.241892,       -1.45,
 139.811171,   35.241892,       -1.49,
 139.815676,   35.241892,       -1.50,
 139.820180,   35.241892,       -1.47,
 139.824685,   35.241892,       -1.39,
 139.829189,   35.241892,       -1.31,
 139.833694,   35.241892,       -1.21,
 139.838198,   35.241892,       -1.12,
 139.842703,   35.241892,       -1.05,
 139.847207,   35.241892,       -0.99,
 139.851712,   35.241892,       -0.95,
 139.856216,   35.241892,       -0.92,
 139.860721,   35.241892,       -0.90,
 139.865225,   35.241892,       -0.89,
 139.869730,   35.241892,       -0.96,
 139.874234,   35.241892,       -1.29,
 139.878739,   35.241892,       -1.61,
 139.883243,   35.241892,       -1.94,
 139.887748,   35.241892,       -2.28,
 139.892252,   35.241892,       -2.62,
 139.896757,   35.241892,       -2.96,
 139.901261,   35.241892,       -3.29,
 139.905766,   35.241892,       -3.62,
 139.910270,   35.241892,       -3.94,
 139.914775,   35.241892,       -4.24,
 139.919279,   35.241892,       -4.53,
 139.923784,   35.241892,       -4.82,
 139.928288,   35.241892,       -5.10,
 139.932793,   35.241892,       -5.37,
 139.937297,   35.241892,       -5.64,
 139.941802,   35.241892,       -5.90,
 139.946306,   35.241892,       -6.16,
 139.950811,   35.241892,       -6.42,
 139.955315,   35.241892,       -6.67,
 139.959820,   35.241892,       -6.92,
 139.964324,   35.241892,       -7.17,
 139.968829,   35.241892,       -7.41,
 139.973333,   35.241892,       -7.66,
 139.977838,   35.241892,       -7.90,
 139.982342,   35.241892,       -8.13,
 139.986847,   35.241892,       -8.37,
 139.991351,   35.241892,       -8.59,
 139.995856,   35.241892,       -8.82,
 140.000360,   35.241892,       -9.04,
 140.004865,   35.241892,       -9.25,
 140.009369,   35.241892,       -9.46,
 140.013874,   35.241892,       -9.67,
 140.018378,   35.241892,       -9.87,
 140.022883,   35.241892,      -10.07,
 140.027387,   35.241892,      -10.27,
 140.031892,   35.241892,      -10.46,
 140.036396,   35.241892,      -10.65,
 140.040901,   35.241892,      -10.84,
 140.045405,   35.241892,      -11.01,
 140.049910,   35.241892,      -11.19,
 140.054414,   35.241892,      -11.36,
 140.058919,   35.241892,      -11.53,
 140.063423,   35.241892,      -11.69,
 140.067928,   35.241892,      -11.85,
 140.072432,   35.241892,      -12.00,
 140.076937,   35.241892,      -12.15,
 140.081441,   35.241892,      -12.30,
 140.085946,   35.241892,      -12.44,
 140.090450,   35.241892,      -12.58,
 140.094955,   35.241892,      -12.71,
 140.099459,   35.241892,      -12.84,
 140.103964,   35.241892,      -12.97,
 140.108468,   35.241892,      -13.09,
 140.112973,   35.241892,      -13.21,
 140.117477,   35.241892,      -13.32,
 140.121982,   35.241892,      -13.44,
 140.126486,   35.241892,      -13.54,
 140.130991,   35.241892,      -13.65,
 140.135495,   35.241892,      -13.74,
 140.140000,   35.241892,      -13.84,
 140.144505,   35.241892,      -13.93,
 140.149009,   35.241892,      -14.02,
 140.153514,   35.241892,      -14.10,
 140.158018,   35.241892,      -14.19,
 140.162523,   35.241892,      -14.26,
 140.167027,   35.241892,      -14.33,
 140.171532,   35.241892,      -14.40,
 140.176036,   35.241892,      -14.47,
 140.180541,   35.241892,      -14.53,
 140.185045,   35.241892,      -14.59,
 140.189550,   35.241892,      -14.64,
 140.194054,   35.241892,      -14.69,
 140.198559,   35.241892,      -14.73,
 140.203063,   35.241892,      -14.77,
 140.207568,   35.241892,      -14.81,
 140.212072,   35.241892,      -14.84,
 140.216577,   35.241892,      -14.88,
 140.221081,   35.241892,      -14.91,
 140.225586,   35.241892,      -14.93,
 140.230090,   35.241892,      -14.96,
 140.234595,   35.241892,      -14.98,
 140.239099,   35.241892,      -15.00,
 140.243604,   35.241892,      -15.02,
 140.248108,   35.241892,      -15.04,
 140.252613,   35.241892,      -15.06,
 140.257117,   35.241892,      -15.07,
 140.261622,   35.241892,      -15.09,
 140.266126,   35.241892,      -15.10,
 140.270631,   35.241892,      -15.11,
 140.275135,   35.241892,      -15.12,
 140.279640,   35.241892,      -15.13,
 140.284144,   35.241892,      -15.13,
 140.288649,   35.241892,      -15.14,
 140.293153,   35.241892,      -15.14,
 140.297658,   35.241892,      -15.15,
 140.302162,   35.241892,      -15.15,
 140.306667,   35.241892,      -15.15,
 140.311171,   35.241892,      -15.15,
 140.315676,   35.241892,      -15.15,
 140.320180,   35.241892,      -15.15,
 140.324685,   35.241892,      -15.15,
 140.329189,   35.241892,      -15.15,
 140.333694,   35.241892,      -15.15,
 140.338198,   35.241892,      -15.15,
 140.342703,   35.241892,      -15.14,
 140.347207,   35.241892,      -15.14,
 140.351712,   35.241892,      -15.14,
 140.356216,   35.241892,      -15.20,
 140.360721,   35.241892,      -15.28,
 140.365225,   35.241892,      -15.36,
 140.369730,   35.241892,      -15.44,
 140.374234,   35.241892,      -15.52,
 140.378739,   35.241892,      -15.60,
 140.383243,   35.241892,      -15.69,
 140.387748,   35.241892,      -15.77,
 139.140000,   35.246396,       -5.40,
 139.144505,   35.246396,       -5.92,
 139.149009,   35.246396,       -6.19,
 139.153514,   35.246396,       -7.10,
 139.158018,   35.246396,       -7.59,
 139.162523,   35.246396,       -8.10,
 139.167027,   35.246396,       -8.61,
 139.171532,   35.246396,       -9.06,
 139.176036,   35.246396,       -9.42,
 139.180541,   35.246396,       -9.75,
 139.185045,   35.246396,      -10.05,
 139.189550,   35.246396,      -10.38,
 139.194054,   35.246396,      -10.69,
 139.198559,   35.246396,      -11.00,
 139.203063,   35.246396,      -11.28,
 139.207568,   35.246396,      -11.56,
 139.212072,   35.246396,      -11.85,
 139.216577,   35.246396,      -12.14,
 139.221081,   35.246396,      -12.42,
 139.225586,   35.246396,      -12.64,
 139.230090,   35.246396,      -12.82,
 139.234595,   35.246396,      -12.98,
 139.239099,   35.246396,      -13.13,
 139.243604,   35.246396,      -13.25,
 139.248108,   35.246396,      -13.34,
 139.252613,   35.246396,      -13.41,
 139.257117,   35.246396,      -13.47,
 139.261622,   35.246396,      -13.54,
 139.266126,   35.246396,      -13.62,
 139.270631,   35.246396,      -13.67,
 139.275135,   35.246396,      -13.68,
 139.279640,   35.246396,      -13.70,
 139.284144,   35.246396,      -13.74,
 139.288649,   35.246396,      -13.78,
 139.293153,   35.246396,      -13.75,
 139.297658,   35.246396,      -13.72,
 139.302162,   35.246396,      -13.70,
 139.306667,   35.246396,      -13.66,
 139.311171,   35.246396,      -13.57,
 139.315676,   35.246396,      -13.44,
 139.320180,   35.246396,      -13.31,
 139.324685,   35.246396,      -13.18,
 139.329189,   35.246396,      -13.06,
 139.333694,   35.246396,      -12.95,
 139.338198,   35.246396,      -12.85,
 139.342703,   35.246396,      -12.74,
 139.347207,   35.246396,      -12.60,
 139.351712,   35.246396,      -12.45,
 139.356216,   35.246396,      -12.30,
 139.360721,   35.246396,      -12.15,
 139.365225,   35.246396,      -12.00,
 139.369730,   35.246396,      -11.82,
 139.374234,   35.246396,      -11.62,
 139.378739,   35.246396,      -11.41,
 139.383243,   35.246396,      -11.20,
 139.387748,   35.246396,      -10.98,
 139.392252,   35.246396,      -10.78,
 139.396757,   35.246396,      -10.60,
 139.401261,   35.246396,      -10.43,
 139.405766,   35.246396,      -10.26,
 139.410270,   35.246396,      -10.08,
 139.414775,   35.246396,       -9.91,
 139.419279,   35.246396,       -9.76,
 139.423784,   35.246396,       -9.65,
 139.428288,   35.246396,       -9.84,
 139.432793,   35.246396,      -10.19,
 139.437297,   35.246396,      -10.46,
 139.441802,   35.246396,      -10.59,
 139.446306,   35.246396,      -10.49,
 139.450811,   35.246396,      -10.24,
 139.455315,   35.246396,      -10.07,
 139.459820,   35.246396,       -9.14,
 139.464324,   35.246396,       -8.10,
 139.468829,   35.246396,       -7.20,
 139.473333,   35.246396,       -6.54,
 139.477838,   35.246396,       -5.93,
 139.482342,   35.246396,       -5.37,
 139.486847,   35.246396,       -4.92,
 139.491351,   35.246396,       -4.52,
 139.495856,   35.246396,       -4.18,
 139.500360,   35.246396,       -3.93,
 139.504865,   35.246396,       -3.69,
 139.509369,   35.246396,       -3.51,
 139.513874,   35.246396,       -3.33,
 139.518378,   35.246396,       -3.14,
 139.522883,   35.246396,       -2.84,
 139.527387,   35.246396,       -2.50,
 139.531892,   35.246396,       -2.20,
 139.536396,   35.246396,       -1.95,
 139.540901,   35.246396,       -1.74,
 139.545405,   35.246396,       -1.58,
 139.549910,   35.246396,       -1.39,
 139.554414,   35.246396,       -1.32,
 139.558919,   35.246396,       -1.35,
 139.563423,   35.246396,       -1.44,
 139.567928,   35.246396,       -1.50,
 139.572432,   35.246396,       -1.66,
 139.576937,   35.246396,       -1.50,
 139.581441,   35.246396,       -0.13,
 139.585946,   35.246396,        1.32,
 139.590450,   35.246396,        3.42,
 139.594955,   35.246396,        6.02,
 139.599459,   35.246396,        6.26,
 139.603964,   35.246396,        5.93,
 139.608468,   35.246396,        5.54,
 139.612973,   35.246396,        5.08,
 139.617477,   35.246396,        4.64,
 139.621982,   35.246396,        4.22,
 139.626486,   35.246396,        3.82,
 139.630991,   35.246396,        3.43,
 139.635495,   35.246396,        3.04,
 139.640000,   35.246396,        2.66,
 139.644505,   35.246396,        2.29,
 139.649009,   35.246396,        1.94,
 139.653514,   35.246396,        1.59,
 139.658018,   35.246396,        1.27,
 139.662523,   35.246396,        0.96,
 139.667027,   35.246396,        0.68,
 139.671532,   35.246396,        0.42,
 139.676036,   35.246396,        0.19,
 139.680541,   35.246396,       -0.01,
 139.685045,   35.246396,       -0.17,
 139.689550,   35.246396,       -0.29,
 139.694054,   35.246396,       -0.39,
 139.698559,   35.246396,       -0.39,
 139.703063,   35.246396,       -0.28,
 139.707568,   35.246396,       -0.12,
 139.712072,   35.246396,        0.03,
 139.716577,   35.246396,        0.19,
 139.721081,   35.246396,        0.32,
 139.725586,   35.246396,        0.37,
 139.730090,   35.246396,        0.32,
 139.734595,   35.246396,        0.18,
 139.739099,   35.246396,       -0.13,
 139.743604,   35.246396,       -0.30,
 139.748108,   35.246396,       -0.41,
 139.752613,   35.246396,       -0.57,
 139.757117,   35.246396,       -0.64,
 139.761622,   35.246396,       -0.56,
 139.766126,   35.246396,       -0.40,
 139.770631,   35.246396,       -0.37,
 139.775135,   35.246396,       -0.48,
 139.779640,   35.246396,       -0.64,
 139.784144,   35.246396,       -0.79,
 139.788649,   35.246396,       -0.84,
 139.793153,   35.246396,       -0.82,
 139.797658,   35.246396,       -0.85,
 139.802162,   35.246396,       -1.04,
 139.806667,   35.246396,       -1.34,
 139.811171,   35.246396,       -1.53,
 139.815676,   35.246396,       -1.52,
 139.820180,   35.246396,       -1.46,
 139.824685,   35.246396,       -1.38,
 139.829189,   35.246396,       -1.28,
 139.833694,   35.246396,       -1.14,
 139.838198,   35.246396,       -1.01,
 139.842703,   35.246396,       -0.94,
 139.847207,   35.246396,       -0.86,
 139.851712,   35.246396,       -0.80,
 139.856216,   35.246396,       -0.77,
 139.860721,   35.246396,       -0.75,
 139.865225,   35.246396,       -0.74,
 139.869730,   35.246396,       -0.85,
 139.874234,   35.246396,       -1.19,
 139.878739,   35.246396,       -1.51,
 139.883243,   35.246396,       -1.83,
 139.887748,   35.246396,       -2.14,
 139.892252,   35.246396,       -2.47,
 139.896757,   35.246396,       -2.80,
 139.901261,   35.246396,       -3.13,
 139.905766,   35.246396,       -3.45,
 139.910270,   35.246396,       -3.76,
 139.914775,   35.246396,       -4.07,
 139.919279,   35.246396,       -4.36,
 139.923784,   35.246396,       -4.65,
 139.928288,   35.246396,       -4.92,
 139.932793,   35.246396,       -5.20,
 139.937297,   35.246396,       -5.46,
 139.941802,   35.246396,       -5.73,
 139.946306,   35.246396,       -5.98,
 139.950811,   35.246396,       -6.24,
 139.955315,   35.246396,       -6.49,
 139.959820,   35.246396,       -6.74,
 139.964324,   35.246396,       -6.99,
 139.968829,   35.246396,       -7.23,
 139.973333,   35.246396,       -7.48,
 139.977838,   35.246396,       -7.72,
 139.982342,   35.246396,       -7.95,
 139.986847,   35.246396,       -8.18,
 139.991351,   35.246396,       -8.41,
 139.995856,   35.246396,       -8.63,
 140.000360,   35.246396,       -8.85,
 140.004865,   35.246396,       -9.06,
 140.009369,   35.246396,       -9.27,
 140.013874,   35.246396,       -9.47,
 140.018378,   35.246396,       -9.68,
 140.022883,   35.246396,       -9.88,
 140.027387,   35.246396,      -10.07,
 140.031892,   35.246396,      -10.26,
 140.036396,   35.246396,      -10.45,
 140.040901,   35.246396,      -10.63,
 140.045405,   35.246396,      -10.80,
 140.049910,   35.246396,      -10.97,
 140.054414,   35.246396,      -11.14,
 140.058919,   35.246396,      -11.31,
 140.063423,   35.246396,      -11.46,
 140.067928,   35.246396,      -11.62,
 140.072432,   35.246396,      -11.77,
 140.076937,   35.246396,      -11.92,
 140.081441,   35.246396,      -12.06,
 140.085946,   35.246396,      -12.20,
 140.090450,   35.246396,      -12.34,
 140.094955,   35.246396,      -12.47,
 140.099459,   35.246396,      -12.60,
 140.103964,   35.246396,      -12.73,
 140.108468,   35.246396,      -12.85,
 140.112973,   35.246396,      -12.96,
 140.117477,   35.246396,      -13.08,
 140.121982,   35.246396,      -13.19,
 140.126486,   35.246396,      -13.29,
 140.130991,   35.246396,      -13.39,
 140.135495,   35.246396,      -13.49,
 140.140000,   35.246396,      -13.59,
 140.144505,   35.246396,      -13.68,
 140.149009,   35.246396,      -13.76,
 140.153514,   35.246396,      -13.85,
 140.158018,   35.246396,      -13.93,
 140.162523,   35.246396,      -14.00,
 140.167027,   35.246396,      -14.08,
 140.171532,   35.246396,      -14.14,
 140.176036,   35.246396,      -14.21,
 140.180541,   35.246396,      -14.27,
 140.185045,   35.246396,      -14.33,
 140.189550,   35.246396,      -14.38,
 140.194054,   35.246396,      -14.43,
 140.198559,   35.246396,      -14.47,
 140.203063,   35.246396,      -14.51,
 140.207568,   35.246396,      -14.55,
 140.212072,   35.246396,      -14.59,
 140.216577,   35.246396,      -14.62,
 140.221081,   35.246396,      -14.65,
 140.225586,   35.246396,      -14.68,
 140.230090,   35.246396,      -14.70,
 140.234595,   35.246396,      -14.73,
 140.239099,   35.246396,      -14.75,
 140.243604,   35.246396,      -14.77,
 140.248108,   35.246396,      -14.79,
 140.252613,   35.246396,      -14.81,
 140.257117,   35.246396,      -14.82,
 140.261622,   35.246396,      -14.83,
 140.266126,   35.246396,      -14.85,
 140.270631,   35.246396,      -14.86,
 140.275135,   35.246396,      -14.86,
 140.279640,   35.246396,      -14.87,
 140.284144,   35.246396,      -14.88,
 140.288649,   35.246396,      -14.89,
 140.293153,   35.246396,      -14.89,
 140.297658,   35.246396,      -14.89,
 140.302162,   35.246396,      -14.90,
 140.306667,   35.246396,      -14.90,
 140.311171,   35.246396,      -14.90,
 140.315676,   35.246396,      -14.90,
 140.320180,   35.246396,      -14.90,
 140.324685,   35.246396,      -14.90,
 140.329189,   35.246396,      -14.90,
 140.333694,   35.246396,      -14.90,
 140.338198,   35.246396,      -14.90,
 140.342703,   35.246396,      -14.90,
 140.347207,   35.246396,      -14.90,
 140.351712,   35.246396,      -14.93,
 140.356216,   35.246396,      -15.01,
 140.360721,   35.246396,      -15.09,
 140.365225,   35.246396,      -15.16,
 140.369730,   35.246396,      -15.24,
 140.374234,   35.246396,      -15.33,
 140.378739,   35.246396,      -15.41,
 140.383243,   35.246396,      -15.49,
 140.387748,   35.246396,      -15.58,
 139.140000,   35.250901,       -5.10,
 139.144505,   35.250901,       -5.44,
 139.149009,   35.250901,       -5.72,
 139.153514,   35.250901,       -5.99,
 139.158018,   35.250901,       -6.28,
 139.162523,   35.250901,       -8.02,
 139.167027,   35.250901,       -8.54,
 139.171532,   35.250901,       -8.98,
 139.176036,   35.250901,       -9.28,
 139.180541,   35.250901,       -9.54,
 139.185045,   35.250901,       -9.77,
 139.189550,   35.250901,      -10.07,
 139.194054,   35.250901,      -10.35,
 139.198559,   35.250901,      -10.63,
 139.203063,   35.250901,      -10.89,
 139.207568,   35.250901,      -11.15,
 139.212072,   35.250901,      -11.43,
 139.216577,   35.250901,      -11.70,
 139.221081,   35.250901,      -11.96,
 139.225586,   35.250901,      -12.16,
 139.230090,   35.250901,      -12.34,
 139.234595,   35.250901,      -12.51,
 139.239099,   35.250901,      -12.67,
 139.243604,   35.250901,      -12.77,
 139.248108,   35.250901,      -12.84,
 139.252613,   35.250901,      -12.89,
 139.257117,   35.250901,      -12.95,
 139.261622,   35.250901,      -13.01,
 139.266126,   35.250901,      -13.05,
 139.270631,   35.250901,      -13.05,
 139.275135,   35.250901,      -13.07,
 139.279640,   35.250901,      -13.10,
 139.284144,   35.250901,      -13.14,
 139.288649,   35.250901,      -13.17,
 139.293153,   35.250901,      -13.17,
 139.297658,   35.250901,      -13.16,
 139.302162,   35.250901,      -13.15,
 139.306667,   35.250901,      -13.15,
 139.311171,   35.250901,      -13.06,
 139.315676,   35.250901,      -12.92,
 139.320180,   35.250901,      -12.79,
 139.324685,   35.250901,      -12.66,
 139.329189,   35.250901,      -12.54,
 139.333694,   35.250901,      -12.44,
 139.338198,   35.250901,      -12.36,
 139.342703,   35.250901,      -12.27,
 139.347207,   35.250901,      -12.16,
 139.351712,   35.250901,      -12.02,
 139.356216,   35.250901,      -11.88,
 139.360721,   35.250901,      -11.74,
 139.365225,   35.250901,      -11.60,
 139.369730,   35.250901,      -11.44,
 139.374234,   35.250901,      -11.27,
 139.378739,   35.250901,      -11.10,
 139.383243,   35.250901,      -10.91,
 139.387748,   35.250901,      -10.72,
 139.392252,   35.250901,      -10.55,
 139.396757,   35.250901,      -10.36,
 139.401261,   35.250901,      -10.18,
 139.405766,   35.250901,      -10.00,
 139.410270,   35.250901,       -9.83,
 139.414775,   35.250901,       -9.63,
 139.419279,   35.250901,       -9.46,
 139.423784,   35.250901,       -9.35,
 139.428288,   35.250901,       -9.63,
 139.432793,   35.250901,      -10.04,
 139.437297,   35.250901,      -10.49,
 139.441802,   35.250901,      -11.02,
 139.446306,   35.250901,      -10.28,
 139.450811,   35.250901,       -9.71,
 139.455315,   35.250901,       -9.13,
 139.459820,   35.250901,       -8.37,
 139.464324,   35.250901,       -7.55,
 139.468829,   35.250901,       -6.81,
 139.473333,   35.250901,       -6.26,
 139.477838,   35.250901,       -5.71,
 139.482342,   35.250901,       -5.18,
 139.486847,   35.250901,       -4.75,
 139.491351,   35.250901,       -4.37,
 139.495856,   35.250901,       -4.03,
 139.500360,   35.250901,       -3.77,
 139.504865,   35.250901,       -3.57,
 139.509369,   35.250901,       -3.40,
 139.513874,   35.250901,       -3.21,
 139.518378,   35.250901,       -2.97,
 139.522883,   35.250901,       -2.69,
 139.527387,   35.250901,       -2.37,
 139.531892,   35.250901,       -2.10,
 139.536396,   35.250901,       -1.85,
 139.540901,   35.250901,       -1.64,
 139.545405,   35.250901,       -1.46,
 139.549910,   35.250901,       -1.27,
 139.554414,   35.250901,       -1.11,
 139.558919,   35.250901,       -1.11,
 139.563423,   35.250901,       -0.89,
 139.567928,   35.250901,       -0.70,
 139.572432,   35.250901,       -0.62,
 139.576937,   35.250901,        0.33,
 139.581441,   35.250901,        1.72,
 139.585946,   35.250901,        3.44,
 139.590450,   35.250901,        5.56,
 139.594955,   35.250901,        5.83,
 139.599459,   35.250901,        5.68,
 139.603964,   35.250901,        5.41,
 139.608468,   35.250901,        5.08,
 139.612973,   35.250901,        4.74,
 139.617477,   35.250901,        4.39,
 139.621982,   35.250901,        4.05,
 139.626486,   35.250901,        3.69,
 139.630991,   35.250901,        3.32,
 139.635495,   35.250901,        2.95,
 139.640000,   35.250901,        2.60,
 139.644505,   35.250901,        2.25,
 139.649009,   35.250901,        1.91,
 139.653514,   35.250901,        1.57,
 139.658018,   35.250901,        1.26,
 139.662523,   35.250901,        0.97,
 139.667027,   35.250901,        0.69,
 139.671532,   35.250901,        0.45,
 139.676036,   35.250901,        0.23,
 139.680541,   35.250901,        0.04,
 139.685045,   35.250901,       -0.12,
 139.689550,   35.250901,       -0.24,
 139.694054,   35.250901,       -0.34,
 139.698559,   35.250901,       -0.35,
 139.703063,   35.250901,       -0.25,
 139.707568,   35.250901,       -0.12,
 139.712072,   35.250901,        0.01,
 139.716577,   35.250901,        0.15,
 139.721081,   35.250901,        0.27,
 139.725586,   35.250901,        0.32,
 139.730090,   35.250901,        0.44,
 139.734595,   35.250901,        0.66,
 139.739099,   35.250901,        0.23,
 139.743604,   35.250901,       -0.17,
 139.748108,   35.250901,       -0.39,
 139.752613,   35.250901,       -0.61,
 139.757117,   35.250901,       -0.74,
 139.761622,   35.250901,       -0.60,
 139.766126,   35.250901,       -0.39,
 139.770631,   35.250901,       -0.20,
 139.775135,   35.250901,       -0.39,
 139.779640,   35.250901,       -0.56,
 139.784144,   35.250901,       -0.72,
 139.788649,   35.250901,       -0.79,
 139.793153,   35.250901,       -0.75,
 139.797658,   35.250901,       -0.60,
 139.802162,   35.250901,       -0.97,
 139.806667,   35.250901,       -1.32,
 139.811171,   35.250901,       -1.57,
 139.815676,   35.250901,       -1.53,
 139.820180,   35.250901,       -1.46,
 139.824685,   35.250901,       -1.38,
 139.829189,   35.250901,       -1.23,
 139.833694,   35.250901,       -1.07,
 139.838198,   35.250901,       -0.91,
 139.842703,   35.250901,       -0.81,
 139.847207,   35.250901,       -0.73,
 139.851712,   35.250901,       -0.66,
 139.856216,   35.250901,       -0.61,
 139.860721,   35.250901,       -0.58,
 139.865225,   35.250901,       -0.57,
 139.869730,   35.250901,       -0.75,
 139.874234,   35.250901,       -1.09,
 139.878739,   35.250901,       -1.41,
 139.883243,   35.250901,       -1.72,
 139.887748,   35.250901,       -2.04,
 139.892252,   35.250901,       -2.35,
 139.896757,   35.250901,       -2.66,
 139.901261,   35.250901,       -2.98,
 139.905766,   35.250901,       -3.30,
 139.910270,   35.250901,       -3.60,
 139.914775,   35.250901,       -3.90,
 139.919279,   35.250901,       -4.19,
 139.923784,   35.250901,       -4.48,
 139.928288,   35.250901,       -4.75,
 139.932793,   35.250901,       -5.03,
 139.937297,   35.250901,       -5.29,
 139.941802,   35.250901,       -5.55,
 139.946306,   35.250901,       -5.81,
 139.950811,   35.250901,       -6.07,
 139.955315,   35.250901,       -6.32,
 139.959820,   35.250901,       -6.57,
 139.964324,   35.250901,       -6.81,
 139.968829,   35.250901,       -7.06,
 139.973333,   35.250901,       -7.30,
 139.977838,   35.250901,       -7.54,
 139.982342,   35.250901,       -7.77,
 139.986847,   35.250901,       -8.00,
 139.991351,   35.250901,       -8.22,
 139.995856,   35.250901,       -8.44,
 140.000360,   35.250901,       -8.66,
 140.004865,   35.250901,       -8.87,
 140.009369,   35.250901,       -9.08,
 140.013874,   35.250901,       -9.28,
 140.018378,   35.250901,       -9.48,
 140.022883,   35.250901,       -9.68,
 140.027387,   35.250901,       -9.87,
 140.031892,   35.250901,      -10.06,
 140.036396,   35.250901,      -10.24,
 140.040901,   35.250901,      -10.42,
 140.045405,   35.250901,      -10.59,
 140.049910,   35.250901,      -10.76,
 140.054414,   35.250901,      -10.92,
 140.058919,   35.250901,      -11.09,
 140.063423,   35.250901,      -11.24,
 140.067928,   35.250901,      -11.40,
 140.072432,   35.250901,      -11.55,
 140.076937,   35.250901,      -11.69,
 140.081441,   35.250901,      -11.83,
 140.085946,   35.250901,      -11.97,
 140.090450,   35.250901,      -12.10,
 140.094955,   35.250901,      -12.24,
 140.099459,   35.250901,      -12.36,
 140.103964,   35.250901,      -12.49,
 140.108468,   35.250901,      -12.60,
 140.112973,   35.250901,      -12.72,
 140.117477,   35.250901,      -12.83,
 140.121982,   35.250901,      -12.94,
 140.126486,   35.250901,      -13.04,
 140.130991,   35.250901,      -13.14,
 140.135495,   35.250901,      -13.24,
 140.140000,   35.250901,      -13.34,
 140.144505,   35.250901,      -13.43,
 140.149009,   35.250901,      -13.51,
 140.153514,   35.250901,      -13.59,
 140.158018,   35.250901,      -13.67,
 140.162523,   35.250901,      -13.75,
 140.167027,   35.250901,      -13.82,
 140.171532,   35.250901,      -13.89,
 140.176036,   35.250901,      -13.95,
 140.180541,   35.250901,      -14.01,
 140.185045,   35.250901,      -14.07,
 140.189550,   35.250901,      -14.12,
 140.194054,   35.250901,      -14.17,
 140.198559,   35.250901,      -14.22,
 140.203063,   35.250901,      -14.26,
 140.207568,   35.250901,      -14.30,
 140.212072,   35.250901,      -14.33,
 140.216577,   35.250901,      -14.37,
 140.221081,   35.250901,      -14.40,
 140.225586,   35.250901,      -14.42,
 140.230090,   35.250901,      -14.45,
 140.234595,   35.250901,      -14.48,
 140.239099,   35.250901,      -14.50,
 140.243604,   35.250901,      -14.52,
 140.248108,   35.250901,      -14.54,
 140.252613,   35.250901,      -14.55,
 140.257117,   35.250901,      -14.57,
 140.261622,   35.250901,      -14.58,
 140.266126,   35.250901,      -14.59,
 140.270631,   35.250901,      -14.60,
 140.275135,   35.250901,      -14.61,
 140.279640,   35.250901,      -14.62,
 140.284144,   35.250901,      -14.63,
 140.288649,   35.250901,      -14.64,
 140.293153,   35.250901,      -14.64,
 140.297658,   35.250901,      -14.65,
 140.302162,   35.250901,      -14.65,
 140.306667,   35.250901,      -14.65,
 140.311171,   35.250901,      -14.65,
 140.315676,   35.250901,      -14.66,
 140.320180,   35.250901,      -14.66,
 140.324685,   35.250901,      -14.66,
 140.329189,   35.250901,      -14.66,
 140.333694,   35.250901,      -14.66,
 140.338198,   35.250901,      -14.66,
 140.342703,   35.250901,      -14.66,
 140.347207,   35.250901,      -14.66,
 140.351712,   35.250901,      -14.74,
 140.356216,   35.250901,      -14.81,
 140.360721,   35.250901,      -14.89,
 140.365225,   35.250901,      -14.97,
 140.369730,   35.250901,      -15.05,
 140.374234,   35.250901,      -15.13,
 140.378739,   35.250901,      -15.21,
 140.383243,   35.250901,      -15.30,
 140.387748,   35.250901,      -15.38,
 139.140000,   35.255405,       -4.69,
 139.144505,   35.255405,       -4.97,
 139.149009,   35.255405,       -5.25,
 139.153514,   35.255405,       -5.52,
 139.158018,   35.255405,       -5.79,
 139.162523,   35.255405,       -6.05,
 139.167027,   35.255405,       -7.67,
 139.171532,   35.255405,       -8.87,
 139.176036,   35.255405,       -9.09,
 139.180541,   35.255405,       -9.32,
 139.185045,   35.255405,       -9.53,
 139.189550,   35.255405,       -9.75,
 139.194054,   35.255405,      -10.00,
 139.198559,   35.255405,      -10.26,
 139.203063,   35.255405,      -10.50,
 139.207568,   35.255405,      -10.75,
 139.212072,   35.255405,      -11.01,
 139.216577,   35.255405,      -11.26,
 139.221081,   35.255405,      -11.50,
 139.225586,   35.255405,      -11.69,
 139.230090,   35.255405,      -11.87,
 139.234595,   35.255405,      -12.05,
 139.239099,   35.255405,      -12.21,
 139.243604,   35.255405,      -12.29,
 139.248108,   35.255405,      -12.35,
 139.252613,   35.255405,      -12.41,
 139.257117,   35.255405,      -12.45,
 139.261622,   35.255405,      -12.45,
 139.266126,   35.255405,      -12.45,
 139.270631,   35.255405,      -12.45,
 139.275135,   35.255405,      -12.44,
 139.279640,   35.255405,      -12.48,
 139.284144,   35.255405,      -12.51,
 139.288649,   35.255405,      -12.55,
 139.293153,   35.255405,      -12.56,
 139.297658,   35.255405,      -12.56,
 139.302162,   35.255405,      -12.56,
 139.306667,   35.255405,      -12.56,
 139.311171,   35.255405,      -12.51,
 139.315676,   35.255405,      -12.39,
 139.320180,   35.255405,      -12.26,
 139.324685,   35.255405,      -12.13,
 139.329189,   35.255405,      -12.02,
 139.333694,   35.255405,      -11.93,
 139.338198,   35.255405,      -11.86,
 139.342703,   35.255405,      -11.79,
 139.347207,   35.255405,      -11.70,
 139.351712,   35.255405,      -11.58,
 139.356216,   35.255405,      -11.45,
 139.360721,   35.255405,      -11.32,
 139.365225,   35.255405,      -11.20,
 139.369730,   35.255405,      -11.10,
 139.374234,   35.255405,      -10.96,
 139.378739,   35.255405,      -10.81,
 139.383243,   35.255405,      -10.65,
 139.387748,   35.255405,      -10.49,
 139.392252,   35.255405,      -10.32,
 139.396757,   35.255405,      -10.13,
 139.401261,   35.255405,       -9.94,
 139.405766,   35.255405,       -9.75,
 139.410270,   35.255405,       -9.55,
 139.414775,   35.255405,       -9.33,
 139.419279,   35.255405,       -9.14,
 139.423784,   35.255405,       -9.04,
 139.428288,   35.255405,       -9.32,
 139.432793,   35.255405,       -9.69,
 139.437297,   35.255405,       -9.97,
 139.441802,   35.255405,       -9.83,
 139.446306,   35.255405,       -9.24,
 139.450811,   35.255405,       -8.66,
 139.455315,   35.255405,       -8.11,
 139.459820,   35.255405,       -7.53,
 139.464324,   35.255405,       -6.91,
 139.468829,   35.255405,       -6.37,
 139.473333,   35.255405,       -5.87,
 139.477838,   35.255405,       -5.38,
 139.482342,   35.255405,       -4.91,
 139.486847,   35.255405,       -4.52,
 139.491351,   35.255405,       -4.15,
 139.495856,   35.255405,       -3.82,
 139.500360,   35.255405,       -3.56,
 139.504865,   35.255405,       -3.37,
 139.509369,   35.255405,       -3.22,
 139.513874,   35.255405,       -3.03,
 139.518378,   35.255405,       -2.77,
 139.522883,   35.255405,       -2.54,
 139.527387,   35.255405,       -2.27,
 139.531892,   35.255405,       -2.01,
 139.536396,   35.255405,       -1.78,
 139.540901,   35.255405,       -1.57,
 139.545405,   35.255405,       -1.39,
 139.549910,   35.255405,       -1.15,
 139.554414,   35.255405,       -0.93,
 139.558919,   35.255405,       -0.72,
 139.563423,   35.255405,       -0.30,
 139.567928,   35.255405,        0.20,
 139.572432,   35.255405,        0.80,
 139.576937,   35.255405,        1.97,
 139.581441,   35.255405,        3.52,
 139.585946,   35.255405,        4.62,
 139.590450,   35.255405,        4.95,
 139.594955,   35.255405,        5.01,
 139.599459,   35.255405,        4.98,
 139.603964,   35.255405,        4.83,
 139.608468,   35.255405,        4.61,
 139.612973,   35.255405,        4.35,
 139.617477,   35.255405,        4.09,
 139.621982,   35.255405,        3.81,
 139.626486,   35.255405,        3.51,
 139.630991,   35.255405,        3.18,
 139.635495,   35.255405,        2.85,
 139.640000,   35.255405,        2.51,
 139.644505,   35.255405,        2.18,
 139.649009,   35.255405,        1.85,
 139.653514,   35.255405,        1.54,
 139.658018,   35.255405,        1.24,
 139.662523,   35.255405,        0.95,
 139.667027,   35.255405,        0.69,
 139.671532,   35.255405,        0.46,
 139.676036,   35.255405,        0.25,
 139.680541,   35.255405,        0.07,
 139.685045,   35.255405,       -0.08,
 139.689550,   35.255405,       -0.21,
 139.694054,   35.255405,       -0.30,
 139.698559,   35.255405,       -0.31,
 139.703063,   35.255405,       -0.22,
 139.707568,   35.255405,       -0.12,
 139.712072,   35.255405,       -0.01,
 139.716577,   35.255405,        0.11,
 139.721081,   35.255405,        0.20,
 139.725586,   35.255405,        0.25,
 139.730090,   35.255405,        0.45,
 139.734595,   35.255405,        0.49,
 139.739099,   35.255405,        0.27,
 139.743604,   35.255405,        0.01,
 139.748108,   35.255405,       -0.25,
 139.752613,   35.255405,       -0.50,
 139.757117,   35.255405,       -0.73,
 139.761622,   35.255405,       -0.73,
 139.766126,   35.255405,       -0.55,
 139.770631,   35.255405,       -0.38,
 139.775135,   35.255405,       -0.35,
 139.779640,   35.255405,       -0.53,
 139.784144,   35.255405,       -0.77,
 139.788649,   35.255405,       -0.94,
 139.793153,   35.255405,       -0.93,
 139.797658,   35.255405,       -1.00,
 139.802162,   35.255405,       -1.19,
 139.806667,   35.255405,       -1.46,
 139.811171,   35.255405,       -1.58,
 139.815676,   35.255405,       -1.53,
 139.820180,   35.255405,       -1.45,
 139.824685,   35.255405,       -1.31,
 139.829189,   35.255405,       -1.16,
 139.833694,   35.255405,       -1.00,
 139.838198,   35.255405,       -0.83,
 139.842703,   35.255405,       -0.68,
 139.847207,   35.255405,       -0.58,
 139.851712,   35.255405,       -0.50,
 139.856216,   35.255405,       -0.45,
 139.860721,   35.255405,       -0.41,
 139.865225,   35.255405,       -0.41,
 139.869730,   35.255405,       -0.68,
 139.874234,   35.255405,       -1.00,
 139.878739,   35.255405,       -1.32,
 139.883243,   35.255405,       -1.63,
 139.887748,   35.255405,       -1.94,
 139.892252,   35.255405,       -2.24,
 139.896757,   35.255405,       -2.55,
 139.901261,   35.255405,       -2.86,
 139.905766,   35.255405,       -3.16,
 139.910270,   35.255405,       -3.46,
 139.914775,   35.255405,       -3.75,
 139.919279,   35.255405,       -4.04,
 139.923784,   35.255405,       -4.32,
 139.928288,   35.255405,       -4.59,
 139.932793,   35.255405,       -4.86,
 139.937297,   35.255405,       -5.13,
 139.941802,   35.255405,       -5.39,
 139.946306,   35.255405,       -5.64,
 139.950811,   35.255405,       -5.90,
 139.955315,   35.255405,       -6.15,
 139.959820,   35.255405,       -6.40,
 139.964324,   35.255405,       -6.64,
 139.968829,   35.255405,       -6.88,
 139.973333,   35.255405,       -7.13,
 139.977838,   35.255405,       -7.36,
 139.982342,   35.255405,       -7.59,
 139.986847,   35.255405,       -7.82,
 139.991351,   35.255405,       -8.04,
 139.995856,   35.255405,       -8.26,
 140.000360,   35.255405,       -8.47,
 140.004865,   35.255405,       -8.68,
 140.009369,   35.255405,       -8.89,
 140.013874,   35.255405,       -9.09,
 140.018378,   35.255405,       -9.29,
 140.022883,   35.255405,       -9.48,
 140.027387,   35.255405,       -9.67,
 140.031892,   35.255405,       -9.85,
 140.036396,   35.255405,      -10.03,
 140.040901,   35.255405,      -10.21,
 140.045405,   35.255405,      -10.38,
 140.049910,   35.255405,      -10.55,
 140.054414,   35.255405,      -10.71,
 140.058919,   35.255405,      -10.87,
 140.063423,   35.255405,      -11.02,
 140.067928,   35.255405,      -11.17,
 140.072432,   35.255405,      -11.32,
 140.076937,   35.255405,      -11.46,
 140.081441,   35.255405,      -11.60,
 140.085946,   35.255405,      -11.74,
 140.090450,   35.255405,      -11.87,
 140.094955,   35.255405,      -12.00,
 140.099459,   35.255405,      -12.12,
 140.103964,   35.255405,      -12.25,
 140.108468,   35.255405,      -12.36,
 140.112973,   35.255405,      -12.48,
 140.117477,   35.255405,      -12.59,
 140.121982,   35.255405,      -12.69,
 140.126486,   35.255405,      -12.80,
 140.130991,   35.255405,      -12.90,
 140.135495,   35.255405,      -12.99,
 140.140000,   35.255405,      -13.09,
 140.144505,   35.255405,      -13.17,
 140.149009,   35.255405,      -13.26,
 140.153514,   35.255405,      -13.34,
 140.158018,   35.255405,      -13.42,
 140.162523,   35.255405,      -13.49,
 140.167027,   35.255405,      -13.57,
 140.171532,   35.255405,      -13.63,
 140.176036,   35.255405,      -13.70,
 140.180541,   35.255405,      -13.76,
 140.185045,   35.255405,      -13.81,
 140.189550,   35.255405,      -13.87,
 140.194054,   35.255405,      -13.92,
 140.198559,   35.255405,      -13.96,
 140.203063,   35.255405,      -14.00,
 140.207568,   35.255405,      -14.04,
 140.212072,   35.255405,      -14.08,
 140.216577,   35.255405,      -14.11,
 140.221081,   35.255405,      -14.14,
 140.225586,   35.255405,      -14.17,
 140.230090,   35.255405,      -14.20,
 140.234595,   35.255405,      -14.22,
 140.239099,   35.255405,      -14.25,
 140.243604,   35.255405,      -14.27,
 140.248108,   35.255405,      -14.29,
 140.252613,   35.255405,      -14.30,
 140.257117,   35.255405,      -14.32,
 140.261622,   35.255405,      -14.33,
 140.266126,   35.255405,      -14.34,
 140.270631,   35.255405,      -14.35,
 140.275135,   35.255405,      -14.36,
 140.279640,   35.255405,      -14.37,
 140.284144,   35.255405,      -14.38,
 140.288649,   35.255405,      -14.39,
 140.293153,   35.255405,      -14.39,
 140.297658,   35.255405,      -14.40,
 140.302162,   35.255405,      -14.40,
 140.306667,   35.255405,      -14.40,
 140.311171,   35.255405,      -14.41,
 140.315676,   35.255405,      -14.41,
 140.320180,   35.255405,      -14.41,
 140.324685,   35.255405,      -14.41,
 140.329189,   35.255405,      -14.41,
 140.333694,   35.255405,      -14.41,
 140.338198,   35.255405,      -14.41,
 140.342703,   35.255405,      -14.41,
 140.347207,   35.255405,      -14.47,
 140.351712,   35.255405,      -14.54,
 140.356216,   35.255405,      -14.62,
 140.360721,   35.255405,      -14.70,
 140.365225,   35.255405,      -14.78,
 140.369730,   35.255405,      -14.86,
 140.374234,   35.255405,      -14.94,
 140.378739,   35.255405,      -15.02,
 140.383243,   35.255405,      -15.10,
 140.387748,   35.255405,      -15.18,
 139.140000,   35.259910,       -4.22,
 139.144505,   35.259910,       -4.51,
 139.149009,   35.259910,       -4.79,
 139.153514,   35.259910,       -5.06,
 139.158018,   35.259910,       -5.33,
 139.162523,   35.259910,       -5.60,
 139.167027,   35.259910,       -5.85,
 139.171532,   35.259910,       -6.11,
 139.176036,   35.259910,       -8.78,
 139.180541,   35.259910,       -9.09,
 139.185045,   35.259910,       -9.31,
 139.189550,   35.259910,       -9.49,
 139.194054,   35.259910,       -9.68,
 139.198559,   35.259910,       -9.89,
 139.203063,   35.259910,      -10.12,
 139.207568,   35.259910,      -10.36,
 139.212072,   35.259910,      -10.61,
 139.216577,   35.259910,      -10.84,
 139.221081,   35.259910,      -11.04,
 139.225586,   35.259910,      -11.23,
 139.230090,   35.259910,      -11.41,
 139.234595,   35.259910,      -11.59,
 139.239099,   35.259910,      -11.73,
 139.243604,   35.259910,      -11.81,
 139.248108,   35.259910,      -11.88,
 139.252613,   35.259910,      -11.93,
 139.257117,   35.259910,      -11.94,
 139.261622,   35.259910,      -11.91,
 139.266126,   35.259910,      -11.88,
 139.270631,   35.259910,      -11.87,
 139.275135,   35.259910,      -11.83,
 139.279640,   35.259910,      -11.85,
 139.284144,   35.259910,      -11.88,
 139.288649,   35.259910,      -11.92,
 139.293153,   35.259910,      -11.93,
 139.297658,   35.259910,      -11.91,
 139.302162,   35.259910,      -11.89,
 139.306667,   35.259910,      -11.87,
 139.311171,   35.259910,      -11.85,
 139.315676,   35.259910,      -11.79,
 139.320180,   35.259910,      -11.70,
 139.324685,   35.259910,      -11.59,
 139.329189,   35.259910,      -11.48,
 139.333694,   35.259910,      -11.41,
 139.338198,   35.259910,      -11.36,
 139.342703,   35.259910,      -11.31,
 139.347207,   35.259910,      -11.24,
 139.351712,   35.259910,      -11.14,
 139.356216,   35.259910,      -11.03,
 139.360721,   35.259910,      -10.93,
 139.365225,   35.259910,      -10.84,
 139.369730,   35.259910,      -10.79,
 139.374234,   35.259910,      -10.68,
 139.378739,   35.259910,      -10.54,
 139.383243,   35.259910,      -10.40,
 139.387748,   35.259910,      -10.27,
 139.392252,   35.259910,      -10.09,
 139.396757,   35.259910,       -9.87,
 139.401261,   35.259910,       -9.67,
 139.405766,   35.259910,       -9.46,
 139.410270,   35.259910,       -9.22,
 139.414775,   35.259910,       -9.00,
 139.419279,   35.259910,       -8.80,
 139.423784,   35.259910,       -8.79,
 139.428288,   35.259910,       -8.94,
 139.432793,   35.259910,       -9.20,
 139.437297,   35.259910,       -9.16,
 139.441802,   35.259910,       -8.67,
 139.446306,   35.259910,       -8.05,
 139.450811,   35.259910,       -7.56,
 139.455315,   35.259910,       -7.13,
 139.459820,   35.259910,       -6.77,
 139.464324,   35.259910,       -6.29,
 139.468829,   35.259910,       -5.79,
 139.473333,   35.259910,       -5.44,
 139.477838,   35.259910,       -5.04,
 139.482342,   35.259910,       -4.61,
 139.486847,   35.259910,       -4.23,
 139.491351,   35.259910,       -3.86,
 139.495856,   35.259910,       -3.55,
 139.500360,   35.259910,       -3.29,
 139.504865,   35.259910,       -3.08,
 139.509369,   35.259910,       -2.93,
 139.513874,   35.259910,       -2.76,
 139.518378,   35.259910,       -2.55,
 139.522883,   35.259910,       -2.34,
 139.527387,   35.259910,       -2.13,
 139.531892,   35.259910,       -1.89,
 139.536396,   35.259910,       -1.65,
 139.540901,   35.259910,       -1.44,
 139.545405,   35.259910,       -1.21,
 139.549910,   35.259910,       -0.97,
 139.554414,   35.259910,       -0.72,
 139.558919,   35.259910,       -0.36,
 139.563423,   35.259910,        0.08,
 139.567928,   35.259910,        0.57,
 139.572432,   35.259910,        1.25,
 139.576937,   35.259910,        2.39,
 139.581441,   35.259910,        3.41,
 139.585946,   35.259910,        3.81,
 139.590450,   35.259910,        4.09,
 139.594955,   35.259910,        4.23,
 139.599459,   35.259910,        4.29,
 139.603964,   35.259910,        4.23,
 139.608468,   35.259910,        4.10,
 139.612973,   35.259910,        3.93,
 139.617477,   35.259910,        3.73,
 139.621982,   35.259910,        3.52,
 139.626486,   35.259910,        3.28,
 139.630991,   35.259910,        3.01,
 139.635495,   35.259910,        2.71,
 139.640000,   35.259910,        2.40,
 139.644505,   35.259910,        2.08,
 139.649009,   35.259910,        1.78,
 139.653514,   35.259910,        1.48,
 139.658018,   35.259910,        1.19,
 139.662523,   35.259910,        0.93,
 139.667027,   35.259910,        0.68,
 139.671532,   35.259910,        0.46,
 139.676036,   35.259910,        0.27,
 139.680541,   35.259910,        0.10,
 139.685045,   35.259910,       -0.06,
 139.689550,   35.259910,       -0.18,
 139.694054,   35.259910,       -0.28,
 139.698559,   35.259910,       -0.28,
 139.703063,   35.259910,       -0.21,
 139.707568,   35.259910,       -0.14,
 139.712072,   35.259910,       -0.05,
 139.716577,   35.259910,        0.03,
 139.721081,   35.259910,        0.08,
 139.725586,   35.259910,        0.18,
 139.730090,   35.259910,        0.27,
 139.734595,   35.259910,        0.29,
 139.739099,   35.259910,        0.21,
 139.743604,   35.259910,        0.12,
 139.748108,   35.259910,       -0.14,
 139.752613,   35.259910,       -0.43,
 139.757117,   35.259910,       -0.68,
 139.761622,   35.259910,       -0.89,
 139.766126,   35.259910,       -0.74,
 139.770631,   35.259910,       -0.58,
 139.775135,   35.259910,       -0.42,
 139.779640,   35.259910,       -0.55,
 139.784144,   35.259910,       -0.81,
 139.788649,   35.259910,       -1.08,
 139.793153,   35.259910,       -1.22,
 139.797658,   35.259910,       -1.31,
 139.802162,   35.259910,       -1.48,
 139.806667,   35.259910,       -1.61,
 139.811171,   35.259910,       -1.56,
 139.815676,   35.259910,       -1.52,
 139.820180,   35.259910,       -1.39,
 139.824685,   35.259910,       -1.24,
 139.829189,   35.259910,       -1.08,
 139.833694,   35.259910,       -0.91,
 139.838198,   35.259910,       -0.74,
 139.842703,   35.259910,       -0.57,
 139.847207,   35.259910,       -0.42,
 139.851712,   35.259910,       -0.33,
 139.856216,   35.259910,       -0.26,
 139.860721,   35.259910,       -0.22,
 139.865225,   35.259910,       -0.36,
 139.869730,   35.259910,       -0.61,
 139.874234,   35.259910,       -0.92,
 139.878739,   35.259910,       -1.23,
 139.883243,   35.259910,       -1.53,
 139.887748,   35.259910,       -1.84,
 139.892252,   35.259910,       -2.14,
 139.896757,   35.259910,       -2.45,
 139.901261,   35.259910,       -2.75,
 139.905766,   35.259910,       -3.05,
 139.910270,   35.259910,       -3.34,
 139.914775,   35.259910,       -3.62,
 139.919279,   35.259910,       -3.90,
 139.923784,   35.259910,       -4.17,
 139.928288,   35.259910,       -4.44,
 139.932793,   35.259910,       -4.71,
 139.937297,   35.259910,       -4.97,
 139.941802,   35.259910,       -5.23,
 139.946306,   35.259910,       -5.48,
 139.950811,   35.259910,       -5.73,
 139.955315,   35.259910,       -5.98,
 139.959820,   35.259910,       -6.23,
 139.964324,   35.259910,       -6.47,
 139.968829,   35.259910,       -6.72,
 139.973333,   35.259910,       -6.95,
 139.977838,   35.259910,       -7.19,
 139.982342,   35.259910,       -7.42,
 139.986847,   35.259910,       -7.64,
 139.991351,   35.259910,       -7.86,
 139.995856,   35.259910,       -8.08,
 140.000360,   35.259910,       -8.29,
 140.004865,   35.259910,       -8.50,
 140.009369,   35.259910,       -8.70,
 140.013874,   35.259910,       -8.90,
 140.018378,   35.259910,       -9.09,
 140.022883,   35.259910,       -9.28,
 140.027387,   35.259910,       -9.47,
 140.031892,   35.259910,       -9.65,
 140.036396,   35.259910,       -9.83,
 140.040901,   35.259910,      -10.00,
 140.045405,   35.259910,      -10.17,
 140.049910,   35.259910,      -10.33,
 140.054414,   35.259910,      -10.49,
 140.058919,   35.259910,      -10.65,
 140.063423,   35.259910,      -10.80,
 140.067928,   35.259910,      -10.95,
 140.072432,   35.259910,      -11.09,
 140.076937,   35.259910,      -11.24,
 140.081441,   35.259910,      -11.37,
 140.085946,   35.259910,      -11.51,
 140.090450,   35.259910,      -11.64,
 140.094955,   35.259910,      -11.76,
 140.099459,   35.259910,      -11.89,
 140.103964,   35.259910,      -12.01,
 140.108468,   35.259910,      -12.12,
 140.112973,   35.259910,      -12.24,
 140.117477,   35.259910,      -12.34,
 140.121982,   35.259910,      -12.45,
 140.126486,   35.259910,      -12.55,
 140.130991,   35.259910,      -12.65,
 140.135495,   35.259910,      -12.75,
 140.140000,   35.259910,      -12.84,
 140.144505,   35.259910,      -12.93,
 140.149009,   35.259910,      -13.01,
 140.153514,   35.259910,      -13.09,
 140.158018,   35.259910,      -13.17,
 140.162523,   35.259910,      -13.24,
 140.167027,   35.259910,      -13.31,
 140.171532,   35.259910,      -13.38,
 140.176036,   35.259910,      -13.44,
 140.180541,   35.259910,      -13.50,
 140.185045,   35.259910,      -13.56,
 140.189550,   35.259910,      -13.61,
 140.194054,   35.259910,      -13.66,
 140.198559,   35.259910,      -13.71,
 140.203063,   35.259910,      -13.75,
 140.207568,   35.259910,      -13.79,
 140.212072,   35.259910,      -13.83,
 140.216577,   35.259910,      -13.86,
 140.221081,   35.259910,      -13.89,
 140.225586,   35.259910,      -13.92,
 140.230090,   35.259910,      -13.95,
 140.234595,   35.259910,      -13.97,
 140.239099,   35.259910,      -13.99,
 140.243604,   35.259910,      -14.02,
 140.248108,   35.259910,      -14.03,
 140.252613,   35.259910,      -14.05,
 140.257117,   35.259910,      -14.07,
 140.261622,   35.259910,      -14.08,
 140.266126,   35.259910,      -14.09,
 140.270631,   35.259910,      -14.10,
 140.275135,   35.259910,      -14.11,
 140.279640,   35.259910,      -14.12,
 140.284144,   35.259910,      -14.13,
 140.288649,   35.259910,      -14.14,
 140.293153,   35.259910,      -14.14,
 140.297658,   35.259910,      -14.15,
 140.302162,   35.259910,      -14.15,
 140.306667,   35.259910,      -14.16,
 140.311171,   35.259910,      -14.16,
 140.315676,   35.259910,      -14.16,
 140.320180,   35.259910,      -14.16,
 140.324685,   35.259910,      -14.17,
 140.329189,   35.259910,      -14.17,
 140.333694,   35.259910,      -14.17,
 140.338198,   35.259910,      -14.17,
 140.342703,   35.259910,      -14.20,
 140.347207,   35.259910,      -14.27,
 140.351712,   35.259910,      -14.35,
 140.356216,   35.259910,      -14.43,
 140.360721,   35.259910,      -14.50,
 140.365225,   35.259910,      -14.58,
 140.369730,   35.259910,      -14.66,
 140.374234,   35.259910,      -14.74,
 140.378739,   35.259910,      -14.82,
 140.383243,   35.259910,      -14.90,
 140.387748,   35.259910,      -14.99,
 139.140000,   35.264414,       -3.76,
 139.144505,   35.264414,       -4.05,
 139.149009,   35.264414,       -4.33,
 139.153514,   35.264414,       -4.61,
 139.158018,   35.264414,       -4.88,
 139.162523,   35.264414,       -5.14,
 139.167027,   35.264414,       -5.41,
 139.171532,   35.264414,       -5.66,
 139.176036,   35.264414,       -5.91,
 139.180541,   35.264414,       -7.57,
 139.185045,   35.264414,       -9.02,
 139.189550,   35.264414,       -9.22,
 139.194054,   35.264414,       -9.40,
 139.198559,   35.264414,       -9.58,
 139.203063,   35.264414,       -9.75,
 139.207568,   35.264414,       -9.97,
 139.212072,   35.264414,      -10.20,
 139.216577,   35.264414,      -10.40,
 139.221081,   35.264414,      -10.59,
 139.225586,   35.264414,      -10.78,
 139.230090,   35.264414,      -10.97,
 139.234595,   35.264414,      -11.15,
 139.239099,   35.264414,      -11.25,
 139.243604,   35.264414,      -11.34,
 139.248108,   35.264414,      -11.42,
 139.252613,   35.264414,      -11.47,
 139.257117,   35.264414,      -11.44,
 139.261622,   35.264414,      -11.39,
 139.266126,   35.264414,      -11.33,
 139.270631,   35.264414,      -11.28,
 139.275135,   35.264414,      -11.21,
 139.279640,   35.264414,      -11.21,
 139.284144,   35.264414,      -11.23,
 139.288649,   35.264414,      -11.24,
 139.293153,   35.264414,      -11.24,
 139.297658,   35.264414,      -11.22,
 139.302162,   35.264414,      -11.20,
 139.306667,   35.264414,      -11.18,
 139.311171,   35.264414,      -11.16,
 139.315676,   35.264414,      -11.14,
 139.320180,   35.264414,      -11.10,
 139.324685,   35.264414,      -11.03,
 139.329189,   35.264414,      -10.95,
 139.333694,   35.264414,      -10.91,
 139.338198,   35.264414,      -10.87,
 139.342703,   35.264414,      -10.84,
 139.347207,   35.264414,      -10.78,
 139.351712,   35.264414,      -10.70,
 139.356216,   35.264414,      -10.62,
 139.360721,   35.264414,      -10.56,
 139.365225,   35.264414,      -10.53,
 139.369730,   35.264414,      -10.48,
 139.374234,   35.264414,      -10.39,
 139.378739,   35.264414,      -10.26,
 139.383243,   35.264414,      -10.14,
 139.387748,   35.264414,      -10.01,
 139.392252,   35.264414,       -9.81,
 139.396757,   35.264414,       -9.59,
 139.401261,   35.264414,       -9.36,
 139.405766,   35.264414,       -9.13,
 139.410270,   35.264414,       -8.89,
 139.414775,   35.264414,       -8.64,
 139.419279,   35.264414,       -8.43,
 139.423784,   35.264414,       -8.50,
 139.428288,   35.264414,       -8.61,
 139.432793,   35.264414,       -8.79,
 139.437297,   35.264414,       -8.69,
 139.441802,   35.264414,       -8.12,
 139.446306,   35.264414,       -7.16,
 139.450811,   35.264414,       -6.61,
 139.455315,   35.264414,       -6.31,
 139.459820,   35.264414,       -5.97,
 139.464324,   35.264414,       -5.57,
 139.468829,   35.264414,       -5.19,
 139.473333,   35.264414,       -4.95,
 139.477838,   35.264414,       -4.65,
 139.482342,   35.264414,       -4.25,
 139.486847,   35.264414,       -3.87,
 139.491351,   35.264414,       -3.52,
 139.495856,   35.264414,       -3.24,
 139.500360,   35.264414,       -2.98,
 139.504865,   35.264414,       -2.77,
 139.509369,   35.264414,       -2.61,
 139.513874,   35.264414,       -2.46,
 139.518378,   35.264414,       -2.32,
 139.522883,   35.264414,       -2.13,
 139.527387,   35.264414,       -1.96,
 139.531892,   35.264414,       -1.75,
 139.536396,   35.264414,       -1.52,
 139.540901,   35.264414,       -1.31,
 139.545405,   35.264414,       -1.09,
 139.549910,   35.264414,       -0.81,
 139.554414,   35.264414,       -0.55,
 139.558919,   35.264414,       -0.17,
 139.563423,   35.264414,        0.35,
 139.567928,   35.264414,        0.70,
 139.572432,   35.264414,        1.23,
 139.576937,   35.264414,        2.05,
 139.581441,   35.264414,        2.62,
 139.585946,   35.264414,        3.02,
 139.590450,   35.264414,        3.29,
 139.594955,   35.264414,        3.48,
 139.599459,   35.264414,        3.61,
 139.603964,   35.264414,        3.62,
 139.608468,   35.264414,        3.57,
 139.612973,   35.264414,        3.47,
 139.617477,   35.264414,        3.34,
 139.621982,   35.264414,        3.19,
 139.626486,   35.264414,        3.01,
 139.630991,   35.264414,        2.80,
 139.635495,   35.264414,        2.55,
 139.640000,   35.264414,        2.27,
 139.644505,   35.264414,        1.97,
 139.649009,   35.264414,        1.68,
 139.653514,   35.264414,        1.40,
 139.658018,   35.264414,        1.13,
 139.662523,   35.264414,        0.88,
 139.667027,   35.264414,        0.66,
 139.671532,   35.264414,        0.45,
 139.676036,   35.264414,        0.28,
 139.680541,   35.264414,        0.12,
 139.685045,   35.264414,       -0.03,
 139.689550,   35.264414,       -0.15,
 139.694054,   35.264414,       -0.25,
 139.698559,   35.264414,       -0.24,
 139.703063,   35.264414,       -0.21,
 139.707568,   35.264414,       -0.17,
 139.712072,   35.264414,       -0.14,
 139.716577,   35.264414,       -0.12,
 139.721081,   35.264414,       -0.06,
 139.725586,   35.264414,       -0.00,
 139.730090,   35.264414,        0.06,
 139.734595,   35.264414,        0.07,
 139.739099,   35.264414,        0.03,
 139.743604,   35.264414,       -0.01,
 139.748108,   35.264414,       -0.18,
 139.752613,   35.264414,       -0.44,
 139.757117,   35.264414,       -0.68,
 139.761622,   35.264414,       -0.85,
 139.766126,   35.264414,       -0.87,
 139.770631,   35.264414,       -0.76,
 139.775135,   35.264414,       -0.65,
 139.779640,   35.264414,       -0.65,
 139.784144,   35.264414,       -0.85,
 139.788649,   35.264414,       -1.09,
 139.793153,   35.264414,       -1.30,
 139.797658,   35.264414,       -1.46,
 139.802162,   35.264414,       -1.56,
 139.806667,   35.264414,       -1.56,
 139.811171,   35.264414,       -1.53,
 139.815676,   35.264414,       -1.47,
 139.820180,   35.264414,       -1.33,
 139.824685,   35.264414,       -1.16,
 139.829189,   35.264414,       -1.00,
 139.833694,   35.264414,       -0.82,
 139.838198,   35.264414,       -0.64,
 139.842703,   35.264414,       -0.46,
 139.847207,   35.264414,       -0.30,
 139.851712,   35.264414,       -0.14,
 139.856216,   35.264414,       -0.05,
 139.860721,   35.264414,       -0.13,
 139.865225,   35.264414,       -0.32,
 139.869730,   35.264414,       -0.55,
 139.874234,   35.264414,       -0.84,
 139.878739,   35.264414,       -1.14,
 139.883243,   35.264414,       -1.44,
 139.887748,   35.264414,       -1.74,
 139.892252,   35.264414,       -2.04,
 139.896757,   35.264414,       -2.34,
 139.901261,   35.264414,       -2.65,
 139.905766,   35.264414,       -2.94,
 139.910270,   35.264414,       -3.22,
 139.914775,   35.264414,       -3.50,
 139.919279,   35.264414,       -3.77,
 139.923784,   35.264414,       -4.04,
 139.928288,   35.264414,       -4.30,
 139.932793,   35.264414,       -4.56,
 139.937297,   35.264414,       -4.82,
 139.941802,   35.264414,       -5.07,
 139.946306,   35.264414,       -5.33,
 139.950811,   35.264414,       -5.58,
 139.955315,   35.264414,       -5.82,
 139.959820,   35.264414,       -6.07,
 139.964324,   35.264414,       -6.31,
 139.968829,   35.264414,       -6.55,
 139.973333,   35.264414,       -6.79,
 139.977838,   35.264414,       -7.02,
 139.982342,   35.264414,       -7.24,
 139.986847,   35.264414,       -7.47,
 139.991351,   35.264414,       -7.68,
 139.995856,   35.264414,       -7.90,
 140.000360,   35.264414,       -8.10,
 140.004865,   35.264414,       -8.31,
 140.009369,   35.264414,       -8.51,
 140.013874,   35.264414,       -8.71,
 140.018378,   35.264414,       -8.90,
 140.022883,   35.264414,       -9.09,
 140.027387,   35.264414,       -9.27,
 140.031892,   35.264414,       -9.45,
 140.036396,   35.264414,       -9.62,
 140.040901,   35.264414,       -9.79,
 140.045405,   35.264414,       -9.96,
 140.049910,   35.264414,      -10.12,
 140.054414,   35.264414,      -10.28,
 140.058919,   35.264414,      -10.43,
 140.063423,   35.264414,      -10.58,
 140.067928,   35.264414,      -10.73,
 140.072432,   35.264414,      -10.87,
 140.076937,   35.264414,      -11.01,
 140.081441,   35.264414,      -11.14,
 140.085946,   35.264414,      -11.28,
 140.090450,   35.264414,      -11.41,
 140.094955,   35.264414,      -11.53,
 140.099459,   35.264414,      -11.65,
 140.103964,   35.264414,      -11.77,
 140.108468,   35.264414,      -11.89,
 140.112973,   35.264414,      -12.00,
 140.117477,   35.264414,      -12.10,
 140.121982,   35.264414,      -12.21,
 140.126486,   35.264414,      -12.31,
 140.130991,   35.264414,      -12.41,
 140.135495,   35.264414,      -12.50,
 140.140000,   35.264414,      -12.59,
 140.144505,   35.264414,      -12.68,
 140.149009,   35.264414,      -12.76,
 140.153514,   35.264414,      -12.84,
 140.158018,   35.264414,      -12.92,
 140.162523,   35.264414,      -12.99,
 140.167027,   35.264414,      -13.06,
 140.171532,   35.264414,      -13.13,
 140.176036,   35.264414,      -13.19,
 140.180541,   35.264414,      -13.25,
 140.185045,   35.264414,      -13.31,
 140.189550,   35.264414,      -13.36,
 140.194054,   35.264414,      -13.41,
 140.198559,   35.264414,      -13.46,
 140.203063,   35.264414,      -13.50,
 140.207568,   35.264414,      -13.54,
 140.212072,   35.264414,      -13.58,
 140.216577,   35.264414,      -13.61,
 140.221081,   35.264414,      -13.64,
 140.225586,   35.264414,      -13.67,
 140.230090,   35.264414,      -13.70,
 140.234595,   35.264414,      -13.72,
 140.239099,   35.264414,      -13.74,
 140.243604,   35.264414,      -13.76,
 140.248108,   35.264414,      -13.78,
 140.252613,   35.264414,      -13.80,
 140.257117,   35.264414,      -13.82,
 140.261622,   35.264414,      -13.83,
 140.266126,   35.264414,      -13.84,
 140.270631,   35.264414,      -13.85,
 140.275135,   35.264414,      -13.86,
 140.279640,   35.264414,      -13.87,
 140.284144,   35.264414,      -13.88,
 140.288649,   35.264414,      -13.89,
 140.293153,   35.264414,      -13.90,
 140.297658,   35.264414,      -13.90,
 140.302162,   35.264414,      -13.91,
 140.306667,   35.264414,      -13.91,
 140.311171,   35.264414,      -13.91,
 140.315676,   35.264414,      -13.92,
 140.320180,   35.264414,      -13.92,
 140.324685,   35.264414,      -13.92,
 140.329189,   35.264414,      -13.92,
 140.333694,   35.264414,      -13.92,
 140.338198,   35.264414,      -13.93,
 140.342703,   35.264414,      -14.01,
 140.347207,   35.264414,      -14.08,
 140.351712,   35.264414,      -14.15,
 140.356216,   35.264414,      -14.23,
 140.360721,   35.264414,      -14.31,
 140.365225,   35.264414,      -14.38,
 140.369730,   35.264414,      -14.46,
 140.374234,   35.264414,      -14.54,
 140.378739,   35.264414,      -14.62,
 140.383243,   35.264414,      -14.70,
 140.387748,   35.264414,      -14.79,
 139.140000,   35.268919,       -3.31,
 139.144505,   35.268919,       -3.60,
 139.149009,   35.268919,       -3.88,
 139.153514,   35.268919,       -4.16,
 139.158018,   35.268919,       -4.43,
 139.162523,   35.268919,       -4.70,
 139.167027,   35.268919,       -4.96,
 139.171532,   35.268919,       -5.22,
 139.176036,   35.268919,       -5.47,
 139.180541,   35.268919,       -5.72,
 139.185045,   35.268919,       -5.96,
 139.189550,   35.268919,       -8.71,
 139.194054,   35.268919,       -9.09,
 139.198559,   35.268919,       -9.27,
 139.203063,   35.268919,       -9.45,
 139.207568,   35.268919,       -9.61,
 139.212072,   35.268919,       -9.79,
 139.216577,   35.268919,       -9.97,
 139.221081,   35.268919,      -10.15,
 139.225586,   35.268919,      -10.34,
 139.230090,   35.268919,      -10.52,
 139.234595,   35.268919,      -10.68,
 139.239099,   35.268919,      -10.78,
 139.243604,   35.268919,      -10.87,
 139.248108,   35.268919,      -10.95,
 139.252613,   35.268919,      -10.99,
 139.257117,   35.268919,      -10.95,
 139.261622,   35.268919,      -10.90,
 139.266126,   35.268919,      -10.85,
 139.270631,   35.268919,      -10.75,
 139.275135,   35.268919,      -10.65,
 139.279640,   35.268919,      -10.57,
 139.284144,   35.268919,      -10.54,
 139.288649,   35.268919,      -10.51,
 139.293153,   35.268919,      -10.52,
 139.297658,   35.268919,      -10.52,
 139.302162,   35.268919,      -10.50,
 139.306667,   35.268919,      -10.49,
 139.311171,   35.268919,      -10.50,
 139.315676,   35.268919,      -10.50,
 139.320180,   35.268919,      -10.48,
 139.324685,   35.268919,      -10.45,
 139.329189,   35.268919,      -10.46,
 139.333694,   35.268919,      -10.44,
 139.338198,   35.268919,      -10.40,
 139.342703,   35.268919,      -10.36,
 139.347207,   35.268919,      -10.32,
 139.351712,   35.268919,      -10.32,
 139.356216,   35.268919,      -10.30,
 139.360721,   35.268919,      -10.26,
 139.365225,   35.268919,      -10.23,
 139.369730,   35.268919,      -10.18,
 139.374234,   35.268919,      -10.09,
 139.378739,   35.268919,       -9.97,
 139.383243,   35.268919,       -9.84,
 139.387748,   35.268919,       -9.70,
 139.392252,   35.268919,       -9.51,
 139.396757,   35.268919,       -9.28,
 139.401261,   35.268919,       -9.05,
 139.405766,   35.268919,       -8.81,
 139.410270,   35.268919,       -8.55,
 139.414775,   35.268919,       -8.29,
 139.419279,   35.268919,       -8.10,
 139.423784,   35.268919,       -8.15,
 139.428288,   35.268919,       -8.24,
 139.432793,   35.268919,       -8.61,
 139.437297,   35.268919,       -9.01,
 139.441802,   35.268919,       -8.59,
 139.446306,   35.268919,       -7.37,
 139.450811,   35.268919,       -6.19,
 139.455315,   35.268919,       -5.75,
 139.459820,   35.268919,       -5.42,
 139.464324,   35.268919,       -5.08,
 139.468829,   35.268919,       -4.80,
 139.473333,   35.268919,       -4.54,
 139.477838,   35.268919,       -4.21,
 139.482342,   35.268919,       -3.81,
 139.486847,   35.268919,       -3.42,
 139.491351,   35.268919,       -3.12,
 139.495856,   35.268919,       -2.84,
 139.500360,   35.268919,       -2.61,
 139.504865,   35.268919,       -2.44,
 139.509369,   35.268919,       -2.28,
 139.513874,   35.268919,       -2.15,
 139.518378,   35.268919,       -2.05,
 139.522883,   35.268919,       -1.90,
 139.527387,   35.268919,       -1.76,
 139.531892,   35.268919,       -1.61,
 139.536396,   35.268919,       -1.42,
 139.540901,   35.268919,       -1.27,
 139.545405,   35.268919,       -1.07,
 139.549910,   35.268919,       -0.86,
 139.554414,   35.268919,       -0.64,
 139.558919,   35.268919,       -0.28,
 139.563423,   35.268919,        0.03,
 139.567928,   35.268919,        0.38,
 139.572432,   35.268919,        0.90,
 139.576937,   35.268919,        1.45,
 139.581441,   35.268919,        1.88,
 139.585946,   35.268919,        2.25,
 139.590450,   35.268919,        2.53,
 139.594955,   35.268919,        2.74,
 139.599459,   35.268919,        2.92,
 139.603964,   35.268919,        3.01,
 139.608468,   35.268919,        3.03,
 139.612973,   35.268919,        3.00,
 139.617477,   35.268919,        2.93,
 139.621982,   35.268919,        2.83,
 139.626486,   35.268919,        2.71,
 139.630991,   35.268919,        2.55,
 139.635495,   35.268919,        2.35,
 139.640000,   35.268919,        2.11,
 139.644505,   35.268919,        1.84,
 139.649009,   35.268919,        1.57,
 139.653514,   35.268919,        1.31,
 139.658018,   35.268919,        1.06,
 139.662523,   35.268919,        0.82,
 139.667027,   35.268919,        0.61,
 139.671532,   35.268919,        0.43,
 139.676036,   35.268919,        0.27,
 139.680541,   35.268919,        0.13,
 139.685045,   35.268919,       -0.00,
 139.689550,   35.268919,       -0.11,
 139.694054,   35.268919,       -0.17,
 139.698559,   35.268919,       -0.21,
 139.703063,   35.268919,       -0.24,
 139.707568,   35.268919,       -0.25,
 139.712072,   35.268919,       -0.25,
 139.716577,   35.268919,       -0.22,
 139.721081,   35.268919,       -0.19,
 139.725586,   35.268919,       -0.14,
 139.730090,   35.268919,       -0.08,
 139.734595,   35.268919,       -0.08,
 139.739099,   35.268919,       -0.13,
 139.743604,   35.268919,       -0.20,
 139.748108,   35.268919,       -0.35,
 139.752613,   35.268919,       -0.53,
 139.757117,   35.268919,       -0.71,
 139.761622,   35.268919,       -0.83,
 139.766126,   35.268919,       -0.91,
 139.770631,   35.268919,       -0.94,
 139.775135,   35.268919,       -0.88,
 139.779640,   35.268919,       -0.84,
 139.784144,   35.268919,       -0.87,
 139.788649,   35.268919,       -1.11,
 139.793153,   35.268919,       -1.32,
 139.797658,   35.268919,       -1.50,
 139.802162,   35.268919,       -1.52,
 139.806667,   35.268919,       -1.51,
 139.811171,   35.268919,       -1.49,
 139.815676,   35.268919,       -1.42,
 139.820180,   35.268919,       -1.25,
 139.824685,   35.268919,       -1.09,
 139.829189,   35.268919,       -0.92,
 139.833694,   35.268919,       -0.72,
 139.838198,   35.268919,       -0.52,
 139.842703,   35.268919,       -0.34,
 139.847207,   35.268919,       -0.15,
 139.851712,   35.268919,        0.03,
 139.856216,   35.268919,        0.07,
 139.860721,   35.268919,       -0.09,
 139.865225,   35.268919,       -0.27,
 139.869730,   35.268919,       -0.48,
 139.874234,   35.268919,       -0.76,
 139.878739,   35.268919,       -1.05,
 139.883243,   35.268919,       -1.35,
 139.887748,   35.268919,       -1.65,
 139.892252,   35.268919,       -1.94,
 139.896757,   35.268919,       -2.24,
 139.901261,   35.268919,       -2.54,
 139.905766,   35.268919,       -2.83,
 139.910270,   35.268919,       -3.11,
 139.914775,   35.268919,       -3.38,
 139.919279,   35.268919,       -3.65,
 139.923784,   35.268919,       -3.91,
 139.928288,   35.268919,       -4.17,
 139.932793,   35.268919,       -4.43,
 139.937297,   35.268919,       -4.68,
 139.941802,   35.268919,       -4.93,
 139.946306,   35.268919,       -5.18,
 139.950811,   35.268919,       -5.43,
 139.955315,   35.268919,       -5.67,
 139.959820,   35.268919,       -5.91,
 139.964324,   35.268919,       -6.15,
 139.968829,   35.268919,       -6.39,
 139.973333,   35.268919,       -6.62,
 139.977838,   35.268919,       -6.85,
 139.982342,   35.268919,       -7.07,
 139.986847,   35.268919,       -7.29,
 139.991351,   35.268919,       -7.51,
 139.995856,   35.268919,       -7.72,
 140.000360,   35.268919,       -7.92,
 140.004865,   35.268919,       -8.12,
 140.009369,   35.268919,       -8.32,
 140.013874,   35.268919,       -8.52,
 140.018378,   35.268919,       -8.71,
 140.022883,   35.268919,       -8.89,
 140.027387,   35.268919,       -9.07,
 140.031892,   35.268919,       -9.24,
 140.036396,   35.268919,       -9.42,
 140.040901,   35.268919,       -9.58,
 140.045405,   35.268919,       -9.75,
 140.049910,   35.268919,       -9.91,
 140.054414,   35.268919,      -10.06,
 140.058919,   35.268919,      -10.21,
 140.063423,   35.268919,      -10.36,
 140.067928,   35.268919,      -10.51,
 140.072432,   35.268919,      -10.65,
 140.076937,   35.268919,      -10.78,
 140.081441,   35.268919,      -10.92,
 140.085946,   35.268919,      -11.05,
 140.090450,   35.268919,      -11.17,
 140.094955,   35.268919,      -11.30,
 140.099459,   35.268919,      -11.42,
 140.103964,   35.268919,      -11.54,
 140.108468,   35.268919,      -11.65,
 140.112973,   35.268919,      -11.76,
 140.117477,   35.268919,      -11.86,
 140.121982,   35.268919,      -11.97,
 140.126486,   35.268919,      -12.07,
 140.130991,   35.268919,      -12.16,
 140.135495,   35.268919,      -12.26,
 140.140000,   35.268919,      -12.35,
 140.144505,   35.268919,      -12.43,
 140.149009,   35.268919,      -12.52,
 140.153514,   35.268919,      -12.59,
 140.158018,   35.268919,      -12.67,
 140.162523,   35.268919,      -12.74,
 140.167027,   35.268919,      -12.81,
 140.171532,   35.268919,      -12.88,
 140.176036,   35.268919,      -12.94,
 140.180541,   35.268919,      -13.00,
 140.185045,   35.268919,      -13.06,
 140.189550,   35.268919,      -13.11,
 140.194054,   35.268919,      -13.16,
 140.198559,   35.268919,      -13.21,
 140.203063,   35.268919,      -13.25,
 140.207568,   35.268919,      -13.29,
 140.212072,   35.268919,      -13.33,
 140.216577,   35.268919,      -13.36,
 140.221081,   35.268919,      -13.39,
 140.225586,   35.268919,      -13.42,
 140.230090,   35.268919,      -13.45,
 140.234595,   35.268919,      -13.47,
 140.239099,   35.268919,      -13.49,
 140.243604,   35.268919,      -13.51,
 140.248108,   35.268919,      -13.53,
 140.252613,   35.268919,      -13.55,
 140.257117,   35.268919,      -13.57,
 140.261622,   35.268919,      -13.58,
 140.266126,   35.268919,      -13.59,
 140.270631,   35.268919,      -13.60,
 140.275135,   35.268919,      -13.62,
 140.279640,   35.268919,      -13.62,
 140.284144,   35.268919,      -13.63,
 140.288649,   35.268919,      -13.64,
 140.293153,   35.268919,      -13.65,
 140.297658,   35.268919,      -13.65,
 140.302162,   35.268919,      -13.66,
 140.306667,   35.268919,      -13.67,
 140.311171,   35.268919,      -13.67,
 140.315676,   35.268919,      -13.67,
 140.320180,   35.268919,      -13.67,
 140.324685,   35.268919,      -13.68,
 140.329189,   35.268919,      -13.68,
 140.333694,   35.268919,      -13.68,
 140.338198,   35.268919,      -13.74,
 140.342703,   35.268919,      -13.81,
 140.347207,   35.268919,      -13.88,
 140.351712,   35.268919,      -13.96,
 140.356216,   35.268919,      -14.03,
 140.360721,   35.268919,      -14.11,
 140.365225,   35.268919,      -14.19,
 140.369730,   35.268919,      -14.26,
 140.374234,   35.268919,      -14.34,
 140.378739,   35.268919,      -14.42,
 140.383243,   35.268919,      -14.50,
 140.387748,   35.268919,      -14.59,
 139.140000,   35.273423,       -2.85,
 139.144505,   35.273423,       -3.15,
 139.149009,   35.273423,       -3.43,
 139.153514,   35.273423,       -3.71,
 139.158018,   35.273423,       -3.99,
 139.162523,   35.273423,       -4.26,
 139.167027,   35.273423,       -4.53,
 139.171532,   35.273423,       -4.79,
 139.176036,   35.273423,       -5.04,
 139.180541,   35.273423,       -5.29,
 139.185045,   35.273423,       -5.53,
 139.189550,   35.273423,       -5.77,
 139.194054,   35.273423,       -7.39,
 139.198559,   35.273423,       -9.01,
 139.203063,   35.273423,       -9.20,
 139.207568,   35.273423,       -9.37,
 139.212072,   35.273423,       -9.50,
 139.216577,   35.273423,       -9.63,
 139.221081,   35.273423,       -9.75,
 139.225586,   35.273423,       -9.93,
 139.230090,   35.273423,      -10.09,
 139.234595,   35.273423,      -10.22,
 139.239099,   35.273423,      -10.33,
 139.243604,   35.273423,      -10.41,
 139.248108,   35.273423,      -10.49,
 139.252613,   35.273423,      -10.52,
 139.257117,   35.273423,      -10.49,
 139.261622,   35.273423,      -10.43,
 139.266126,   35.273423,      -10.37,
 139.270631,   35.273423,      -10.27,
 139.275135,   35.273423,      -10.17,
 139.279640,   35.273423,      -10.06,
 139.284144,   35.273423,       -9.94,
 139.288649,   35.273423,       -9.84,
 139.293153,   35.273423,       -9.91,
 139.297658,   35.273423,       -9.92,
 139.302162,   35.273423,       -9.88,
 139.306667,   35.273423,       -9.87,
 139.311171,   35.273423,       -9.89,
 139.315676,   35.273423,       -9.89,
 139.320180,   35.273423,       -9.89,
 139.324685,   35.273423,       -9.91,
 139.329189,   35.273423,       -9.96,
 139.333694,   35.273423,       -9.97,
 139.338198,   35.273423,       -9.95,
 139.342703,   35.273423,       -9.93,
 139.347207,   35.273423,       -9.95,
 139.351712,   35.273423,      -10.01,
 139.356216,   35.273423,      -10.02,
 139.360721,   35.273423,       -9.99,
 139.365225,   35.273423,       -9.94,
 139.369730,   35.273423,       -9.89,
 139.374234,   35.273423,       -9.79,
 139.378739,   35.273423,       -9.66,
 139.383243,   35.273423,       -9.53,
 139.387748,   35.273423,       -9.40,
 139.392252,   35.273423,       -9.21,
 139.396757,   35.273423,       -8.97,
 139.401261,   35.273423,       -8.72,
 139.405766,   35.273423,       -8.46,
 139.410270,   35.273423,       -8.19,
 139.414775,   35.273423,       -7.92,
 139.419279,   35.273423,       -7.77,
 139.423784,   35.273423,       -7.77,
 139.428288,   35.273423,       -7.81,
 139.432793,   35.273423,       -8.14,
 139.437297,   35.273423,       -8.76,
 139.441802,   35.273423,       -8.64,
 139.446306,   35.273423,       -7.03,
 139.450811,   35.273423,       -5.76,
 139.455315,   35.273423,       -5.31,
 139.459820,   35.273423,       -4.98,
 139.464324,   35.273423,       -4.69,
 139.468829,   35.273423,       -4.44,
 139.473333,   35.273423,       -4.16,
 139.477838,   35.273423,       -3.75,
 139.482342,   35.273423,       -3.34,
 139.486847,   35.273423,       -3.00,
 139.491351,   35.273423,       -2.72,
 139.495856,   35.273423,       -2.45,
 139.500360,   35.273423,       -2.27,
 139.504865,   35.273423,       -2.11,
 139.509369,   35.273423,       -1.97,
 139.513874,   35.273423,       -1.87,
 139.518378,   35.273423,       -1.78,
 139.522883,   35.273423,       -1.71,
 139.527387,   35.273423,       -1.60,
 139.531892,   35.273423,       -1.49,
 139.536396,   35.273423,       -1.43,
 139.540901,   35.273423,       -1.29,
 139.545405,   35.273423,       -1.18,
 139.549910,   35.273423,       -1.04,
 139.554414,   35.273423,       -0.83,
 139.558919,   35.273423,       -0.57,
 139.563423,   35.273423,       -0.31,
 139.567928,   35.273423,       -0.08,
 139.572432,   35.273423,        0.35,
 139.576937,   35.273423,        0.78,
 139.581441,   35.273423,        1.16,
 139.585946,   35.273423,        1.51,
 139.590450,   35.273423,        1.80,
 139.594955,   35.273423,        2.05,
 139.599459,   35.273423,        2.27,
 139.603964,   35.273423,        2.42,
 139.608468,   35.273423,        2.49,
 139.612973,   35.273423,        2.52,
 139.617477,   35.273423,        2.50,
 139.621982,   35.273423,        2.45,
 139.626486,   35.273423,        2.38,
 139.630991,   35.273423,        2.27,
 139.635495,   35.273423,        2.12,
 139.640000,   35.273423,        1.92,
 139.644505,   35.273423,        1.69,
 139.649009,   35.273423,        1.43,
 139.653514,   35.273423,        1.19,
 139.658018,   35.273423,        0.95,
 139.662523,   35.273423,        0.74,
 139.667027,   35.273423,        0.55,
 139.671532,   35.273423,        0.39,
 139.676036,   35.273423,        0.25,
 139.680541,   35.273423,        0.13,
 139.685045,   35.273423,        0.01,
 139.689550,   35.273423,       -0.10,
 139.694054,   35.273423,       -0.18,
 139.698559,   35.273423,       -0.23,
 139.703063,   35.273423,       -0.25,
 139.707568,   35.273423,       -0.26,
 139.712072,   35.273423,       -0.26,
 139.716577,   35.273423,       -0.23,
 139.721081,   35.273423,       -0.19,
 139.725586,   35.273423,       -0.18,
 139.730090,   35.273423,       -0.17,
 139.734595,   35.273423,       -0.18,
 139.739099,   35.273423,       -0.23,
 139.743604,   35.273423,       -0.35,
 139.748108,   35.273423,       -0.50,
 139.752613,   35.273423,       -0.66,
 139.757117,   35.273423,       -0.77,
 139.761622,   35.273423,       -0.87,
 139.766126,   35.273423,       -0.96,
 139.770631,   35.273423,       -1.05,
 139.775135,   35.273423,       -1.08,
 139.779640,   35.273423,       -1.05,
 139.784144,   35.273423,       -1.04,
 139.788649,   35.273423,       -1.17,
 139.793153,   35.273423,       -1.35,
 139.797658,   35.273423,       -1.46,
 139.802162,   35.273423,       -1.47,
 139.806667,   35.273423,       -1.46,
 139.811171,   35.273423,       -1.43,
 139.815676,   35.273423,       -1.35,
 139.820180,   35.273423,       -1.18,
 139.824685,   35.273423,       -1.01,
 139.829189,   35.273423,       -0.84,
 139.833694,   35.273423,       -0.64,
 139.838198,   35.273423,       -0.44,
 139.842703,   35.273423,       -0.20,
 139.847207,   35.273423,        0.04,
 139.851712,   35.273423,        0.19,
 139.856216,   35.273423,        0.07,
 139.860721,   35.273423,       -0.05,
 139.865225,   35.273423,       -0.22,
 139.869730,   35.273423,       -0.42,
 139.874234,   35.273423,       -0.68,
 139.878739,   35.273423,       -0.97,
 139.883243,   35.273423,       -1.26,
 139.887748,   35.273423,       -1.55,
 139.892252,   35.273423,       -1.85,
 139.896757,   35.273423,       -2.14,
 139.901261,   35.273423,       -2.44,
 139.905766,   35.273423,       -2.72,
 139.910270,   35.273423,       -2.99,
 139.914775,   35.273423,       -3.26,
 139.919279,   35.273423,       -3.53,
 139.923784,   35.273423,       -3.78,
 139.928288,   35.273423,       -4.04,
 139.932793,   35.273423,       -4.29,
 139.937297,   35.273423,       -4.54,
 139.941802,   35.273423,       -4.79,
 139.946306,   35.273423,       -5.03,
 139.950811,   35.273423,       -5.28,
 139.955315,   35.273423,       -5.52,
 139.959820,   35.273423,       -5.76,
 139.964324,   35.273423,       -6.00,
 139.968829,   35.273423,       -6.23,
 139.973333,   35.273423,       -6.46,
 139.977838,   35.273423,       -6.68,
 139.982342,   35.273423,       -6.90,
 139.986847,   35.273423,       -7.12,
 139.991351,   35.273423,       -7.33,
 139.995856,   35.273423,       -7.54,
 140.000360,   35.273423,       -7.74,
 140.004865,   35.273423,       -7.94,
 140.009369,   35.273423,       -8.13,
 140.013874,   35.273423,       -8.32,
 140.018378,   35.273423,       -8.51,
 140.022883,   35.273423,       -8.69,
 140.027387,   35.273423,       -8.87,
 140.031892,   35.273423,       -9.04,
 140.036396,   35.273423,       -9.21,
 140.040901,   35.273423,       -9.38,
 140.045405,   35.273423,       -9.54,
 140.049910,   35.273423,       -9.69,
 140.054414,   35.273423,       -9.85,
 140.058919,   35.273423,      -10.00,
 140.063423,   35.273423,      -10.14,
 140.067928,   35.273423,      -10.28,
 140.072432,   35.273423,      -10.42,
 140.076937,   35.273423,      -10.56,
 140.081441,   35.273423,      -10.69,
 140.085946,   35.273423,      -10.82,
 140.090450,   35.273423,      -10.95,
 140.094955,   35.273423,      -11.07,
 140.099459,   35.273423,      -11.19,
 140.103964,   35.273423,      -11.30,
 140.108468,   35.273423,      -11.41,
 140.112973,   35.273423,      -11.52,
 140.117477,   35.273423,      -11.63,
 140.121982,   35.273423,      -11.73,
 140.126486,   35.273423,      -11.83,
 140.130991,   35.273423,      -11.92,
 140.135495,   35.273423,      -12.01,
 140.140000,   35.273423,      -12.10,
 140.144505,   35.273423,      -12.19,
 140.149009,   35.273423,      -12.27,
 140.153514,   35.273423,      -12.35,
 140.158018,   35.273423,      -12.42,
 140.162523,   35.273423,      -12.50,
 140.167027,   35.273423,      -12.57,
 140.171532,   35.273423,      -12.63,
 140.176036,   35.273423,      -12.69,
 140.180541,   35.273423,      -12.75,
 140.185045,   35.273423,      -12.81,
 140.189550,   35.273423,      -12.86,
 140.194054,   35.273423,      -12.91,
 140.198559,   35.273423,      -12.96,
 140.203063,   35.273423,      -13.00,
 140.207568,   35.273423,      -13.04,
 140.212072,   35.273423,      -13.08,
 140.216577,   35.273423,      -13.11,
 140.221081,   35.273423,      -13.14,
 140.225586,   35.273423,      -13.17,
 140.230090,   35.273423,      -13.20,
 140.234595,   35.273423,      -13.22,
 140.239099,   35.273423,      -13.24,
 140.243604,   35.273423,      -13.26,
 140.248108,   35.273423,      -13.28,
 140.252613,   35.273423,      -13.30,
 140.257117,   35.273423,      -13.32,
 140.261622,   35.273423,      -13.33,
 140.266126,   35.273423,      -13.35,
 140.270631,   35.273423,      -13.36,
 140.275135,   35.273423,      -13.37,
 140.279640,   35.273423,      -13.38,
 140.284144,   35.273423,      -13.39,
 140.288649,   35.273423,      -13.40,
 140.293153,   35.273423,      -13.40,
 140.297658,   35.273423,      -13.41,
 140.302162,   35.273423,      -13.42,
 140.306667,   35.273423,      -13.42,
 140.311171,   35.273423,      -13.42,
 140.315676,   35.273423,      -13.43,
 140.320180,   35.273423,      -13.43,
 140.324685,   35.273423,      -13.43,
 140.329189,   35.273423,      -13.44,
 140.333694,   35.273423,      -13.47,
 140.338198,   35.273423,      -13.54,
 140.342703,   35.273423,      -13.61,
 140.347207,   35.273423,      -13.69,
 140.351712,   35.273423,      -13.76,
 140.356216,   35.273423,      -13.83,
 140.360721,   35.273423,      -13.91,
 140.365225,   35.273423,      -13.99,
 140.369730,   35.273423,      -14.06,
 140.374234,   35.273423,      -14.14,
 140.378739,   35.273423,      -14.22,
 140.383243,   35.273423,      -14.30,
 140.387748,   35.273423,      -14.39,
 139.140000,   35.277928,       -2.41,
 139.144505,   35.277928,       -2.70,
 139.149009,   35.277928,       -2.99,
 139.153514,   35.277928,       -3.27,
 139.158018,   35.277928,       -3.55,
 139.162523,   35.277928,       -3.83,
 139.167027,   35.277928,       -4.09,
 139.171532,   35.277928,       -4.36,
 139.176036,   35.277928,       -4.61,
 139.180541,   35.277928,       -4.86,
 139.185045,   35.277928,       -5.11,
 139.189550,   35.277928,       -5.35,
 139.194054,   35.277928,       -5.59,
 139.198559,   35.277928,       -5.82,
 139.203063,   35.277928,       -8.86,
 139.207568,   35.277928,       -9.14,
 139.212072,   35.277928,       -9.27,
 139.216577,   35.277928,       -9.40,
 139.221081,   35.277928,       -9.53,
 139.225586,   35.277928,       -9.64,
 139.230090,   35.277928,       -9.75,
 139.234595,   35.277928,       -9.83,
 139.239099,   35.277928,       -9.88,
 139.243604,   35.277928,       -9.97,
 139.248108,   35.277928,      -10.03,
 139.252613,   35.277928,      -10.07,
 139.257117,   35.277928,      -10.04,
 139.261622,   35.277928,       -9.98,
 139.266126,   35.277928,       -9.92,
 139.270631,   35.277928,       -9.82,
 139.275135,   35.277928,       -9.71,
 139.279640,   35.277928,       -9.59,
 139.284144,   35.277928,       -9.54,
 139.288649,   35.277928,       -9.50,
 139.293153,   35.277928,       -9.49,
 139.297658,   35.277928,       -9.48,
 139.302162,   35.277928,       -9.47,
 139.306667,   35.277928,       -9.41,
 139.311171,   35.277928,       -9.36,
 139.315676,   35.277928,       -9.34,
 139.320180,   35.277928,       -9.34,
 139.324685,   35.277928,       -9.39,
 139.329189,   35.277928,       -9.47,
 139.333694,   35.277928,       -9.51,
 139.338198,   35.277928,       -9.51,
 139.342703,   35.277928,       -9.54,
 139.347207,   35.277928,       -9.61,
 139.351712,   35.277928,       -9.70,
 139.356216,   35.277928,       -9.74,
 139.360721,   35.277928,       -9.72,
 139.365225,   35.277928,       -9.66,
 139.369730,   35.277928,       -9.58,
 139.374234,   35.277928,       -9.46,
 139.378739,   35.277928,       -9.33,
 139.383243,   35.277928,       -9.21,
 139.387748,   35.277928,       -9.09,
 139.392252,   35.277928,       -8.90,
 139.396757,   35.277928,       -8.64,
 139.401261,   35.277928,       -8.37,
 139.405766,   35.277928,       -8.10,
 139.410270,   35.277928,       -7.82,
 139.414775,   35.277928,       -7.55,
 139.419279,   35.277928,       -7.38,
 139.423784,   35.277928,       -7.32,
 139.428288,   35.277928,       -7.19,
 139.432793,   35.277928,       -7.13,
 139.437297,   35.277928,       -7.30,
 139.441802,   35.277928,       -6.85,
 139.446306,   35.277928,       -5.86,
 139.450811,   35.277928,       -5.11,
 139.455315,   35.277928,       -4.86,
 139.459820,   35.277928,       -4.57,
 139.464324,   35.277928,       -4.32,
 139.468829,   35.277928,       -4.07,
 139.473333,   35.277928,       -3.70,
 139.477838,   35.277928,       -3.26,
 139.482342,   35.277928,       -2.88,
 139.486847,   35.277928,       -2.59,
 139.491351,   35.277928,       -2.31,
 139.495856,   35.277928,       -2.11,
 139.500360,   35.277928,       -1.95,
 139.504865,   35.277928,       -1.80,
 139.509369,   35.277928,       -1.71,
 139.513874,   35.277928,       -1.61,
 139.518378,   35.277928,       -1.56,
 139.522883,   35.277928,       -1.55,
 139.527387,   35.277928,       -1.50,
 139.531892,   35.277928,       -1.50,
 139.536396,   35.277928,       -1.51,
 139.540901,   35.277928,       -1.44,
 139.545405,   35.277928,       -1.41,
 139.549910,   35.277928,       -1.34,
 139.554414,   35.277928,       -1.11,
 139.558919,   35.277928,       -0.84,
 139.563423,   35.277928,       -0.66,
 139.567928,   35.277928,       -0.54,
 139.572432,   35.277928,       -0.24,
 139.576937,   35.277928,        0.11,
 139.581441,   35.277928,        0.49,
 139.585946,   35.277928,        0.86,
 139.590450,   35.277928,        1.18,
 139.594955,   35.277928,        1.45,
 139.599459,   35.277928,        1.68,
 139.603964,   35.277928,        1.87,
 139.608468,   35.277928,        1.99,
 139.612973,   35.277928,        2.06,
 139.617477,   35.277928,        2.08,
 139.621982,   35.277928,        2.07,
 139.626486,   35.277928,        2.03,
 139.630991,   35.277928,        1.96,
 139.635495,   35.277928,        1.86,
 139.640000,   35.277928,        1.71,
 139.644505,   35.277928,        1.51,
 139.649009,   35.277928,        1.27,
 139.653514,   35.277928,        1.04,
 139.658018,   35.277928,        0.83,
 139.662523,   35.277928,        0.64,
 139.667027,   35.277928,        0.47,
 139.671532,   35.277928,        0.34,
 139.676036,   35.277928,        0.21,
 139.680541,   35.277928,        0.08,
 139.685045,   35.277928,       -0.07,
 139.689550,   35.277928,       -0.12,
 139.694054,   35.277928,       -0.18,
 139.698559,   35.277928,       -0.22,
 139.703063,   35.277928,       -0.25,
 139.707568,   35.277928,       -0.24,
 139.712072,   35.277928,       -0.23,
 139.716577,   35.277928,       -0.24,
 139.721081,   35.277928,       -0.23,
 139.725586,   35.277928,       -0.23,
 139.730090,   35.277928,       -0.25,
 139.734595,   35.277928,       -0.27,
 139.739099,   35.277928,       -0.34,
 139.743604,   35.277928,       -0.47,
 139.748108,   35.277928,       -0.62,
 139.752613,   35.277928,       -0.75,
 139.757117,   35.277928,       -0.84,
 139.761622,   35.277928,       -0.94,
 139.766126,   35.277928,       -1.02,
 139.770631,   35.277928,       -1.08,
 139.775135,   35.277928,       -1.19,
 139.779640,   35.277928,       -1.18,
 139.784144,   35.277928,       -1.17,
 139.788649,   35.277928,       -1.26,
 139.793153,   35.277928,       -1.34,
 139.797658,   35.277928,       -1.40,
 139.802162,   35.277928,       -1.44,
 139.806667,   35.277928,       -1.41,
 139.811171,   35.277928,       -1.36,
 139.815676,   35.277928,       -1.27,
 139.820180,   35.277928,       -1.11,
 139.824685,   35.277928,       -0.94,
 139.829189,   35.277928,       -0.76,
 139.833694,   35.277928,       -0.58,
 139.838198,   35.277928,       -0.40,
 139.842703,   35.277928,       -0.14,
 139.847207,   35.277928,        0.22,
 139.851712,   35.277928,        0.24,
 139.856216,   35.277928,        0.09,
 139.860721,   35.277928,       -0.01,
 139.865225,   35.277928,       -0.17,
 139.869730,   35.277928,       -0.35,
 139.874234,   35.277928,       -0.60,
 139.878739,   35.277928,       -0.88,
 139.883243,   35.277928,       -1.16,
 139.887748,   35.277928,       -1.46,
 139.892252,   35.277928,       -1.75,
 139.896757,   35.277928,       -2.04,
 139.901261,   35.277928,       -2.33,
 139.905766,   35.277928,       -2.61,
 139.910270,   35.277928,       -2.88,
 139.914775,   35.277928,       -3.14,
 139.919279,   35.277928,       -3.40,
 139.923784,   35.277928,       -3.66,
 139.928288,   35.277928,       -3.91,
 139.932793,   35.277928,       -4.16,
 139.937297,   35.277928,       -4.40,
 139.941802,   35.277928,       -4.65,
 139.946306,   35.277928,       -4.89,
 139.950811,   35.277928,       -5.13,
 139.955315,   35.277928,       -5.37,
 139.959820,   35.277928,       -5.60,
 139.964324,   35.277928,       -5.84,
 139.968829,   35.277928,       -6.07,
 139.973333,   35.277928,       -6.29,
 139.977838,   35.277928,       -6.51,
 139.982342,   35.277928,       -6.73,
 139.986847,   35.277928,       -6.94,
 139.991351,   35.277928,       -7.15,
 139.995856,   35.277928,       -7.36,
 140.000360,   35.277928,       -7.56,
 140.004865,   35.277928,       -7.75,
 140.009369,   35.277928,       -7.95,
 140.013874,   35.277928,       -8.13,
 140.018378,   35.277928,       -8.32,
 140.022883,   35.277928,       -8.49,
 140.027387,   35.277928,       -8.67,
 140.031892,   35.277928,       -8.84,
 140.036396,   35.277928,       -9.01,
 140.040901,   35.277928,       -9.17,
 140.045405,   35.277928,       -9.33,
 140.049910,   35.277928,       -9.48,
 140.054414,   35.277928,       -9.63,
 140.058919,   35.277928,       -9.78,
 140.063423,   35.277928,       -9.92,
 140.067928,   35.277928,      -10.06,
 140.072432,   35.277928,      -10.20,
 140.076937,   35.277928,      -10.34,
 140.081441,   35.277928,      -10.47,
 140.085946,   35.277928,      -10.59,
 140.090450,   35.277928,      -10.72,
 140.094955,   35.277928,      -10.84,
 140.099459,   35.277928,      -10.95,
 140.103964,   35.277928,      -11.07,
 140.108468,   35.277928,      -11.18,
 140.112973,   35.277928,      -11.29,
 140.117477,   35.277928,      -11.39,
 140.121982,   35.277928,      -11.49,
 140.126486,   35.277928,      -11.59,
 140.130991,   35.277928,      -11.68,
 140.135495,   35.277928,      -11.77,
 140.140000,   35.277928,      -11.86,
 140.144505,   35.277928,      -11.95,
 140.149009,   35.277928,      -12.03,
 140.153514,   35.277928,      -12.10,
 140.158018,   35.277928,      -12.18,
 140.162523,   35.277928,      -12.25,
 140.167027,   35.277928,      -12.32,
 140.171532,   35.277928,      -12.38,
 140.176036,   35.277928,      -12.45,
 140.180541,   35.277928,      -12.51,
 140.185045,   35.277928,      -12.56,
 140.189550,   35.277928,      -12.62,
 140.194054,   35.277928,      -12.67,
 140.198559,   35.277928,      -12.71,
 140.203063,   35.277928,      -12.75,
 140.207568,   35.277928,      -12.79,
 140.212072,   35.277928,      -12.83,
 140.216577,   35.277928,      -12.86,
 140.221081,   35.277928,      -12.89,
 140.225586,   35.277928,      -12.92,
 140.230090,   35.277928,      -12.95,
 140.234595,   35.277928,      -12.97,
 140.239099,   35.277928,      -12.99,
 140.243604,   35.277928,      -13.02,
 140.248108,   35.277928,      -13.03,
 140.252613,   35.277928,      -13.05,
 140.257117,   35.277928,      -13.07,
 140.261622,   35.277928,      -13.08,
 140.266126,   35.277928,      -13.10,
 140.270631,   35.277928,      -13.11,
 140.275135,   35.277928,      -13.12,
 140.279640,   35.277928,      -13.13,
 140.284144,   35.277928,      -13.14,
 140.288649,   35.277928,      -13.15,
 140.293153,   35.277928,      -13.16,
 140.297658,   35.277928,      -13.16,
 140.302162,   35.277928,      -13.17,
 140.306667,   35.277928,      -13.18,
 140.311171,   35.277928,      -13.18,
 140.315676,   35.277928,      -13.18,
 140.320180,   35.277928,      -13.19,
 140.324685,   35.277928,      -13.19,
 140.329189,   35.277928,      -13.21,
 140.333694,   35.277928,      -13.27,
 140.338198,   35.277928,      -13.34,
 140.342703,   35.277928,      -13.42,
 140.347207,   35.277928,      -13.49,
 140.351712,   35.277928,      -13.56,
 140.356216,   35.277928,      -13.63,
 140.360721,   35.277928,      -13.71,
 140.365225,   35.277928,      -13.79,
 140.369730,   35.277928,      -13.86,
 140.374234,   35.277928,      -13.94,
 140.378739,   35.277928,      -14.02,
 140.383243,   35.277928,      -14.10,
 140.387748,   35.277928,      -14.18,
 139.140000,   35.282432,       -1.97,
 139.144505,   35.282432,       -2.26,
 139.149009,   35.282432,       -2.56,
 139.153514,   35.282432,       -2.84,
 139.158018,   35.282432,       -3.12,
 139.162523,   35.282432,       -3.40,
 139.167027,   35.282432,       -3.67,
 139.171532,   35.282432,       -3.93,
 139.176036,   35.282432,       -4.19,
 139.180541,   35.282432,       -4.44,
 139.185045,   35.282432,       -4.69,
 139.189550,   35.282432,       -4.94,
 139.194054,   35.282432,       -5.17,
 139.198559,   35.282432,       -5.41,
 139.203063,   35.282432,       -5.63,
 139.207568,   35.282432,       -7.09,
 139.212072,   35.282432,       -9.00,
 139.216577,   35.282432,       -9.17,
 139.221081,   35.282432,       -9.31,
 139.225586,   35.282432,       -9.42,
 139.230090,   35.282432,       -9.50,
 139.234595,   35.282432,       -9.57,
 139.239099,   35.282432,       -9.62,
 139.243604,   35.282432,       -9.64,
 139.248108,   35.282432,       -9.65,
 139.252613,   35.282432,       -9.64,
 139.257117,   35.282432,       -9.61,
 139.261622,   35.282432,       -9.56,
 139.266126,   35.282432,       -9.50,
 139.270631,   35.282432,       -9.41,
 139.275135,   35.282432,       -9.32,
 139.279640,   35.282432,       -9.26,
 139.284144,   35.282432,       -9.22,
 139.288649,   35.282432,       -9.18,
 139.293153,   35.282432,       -9.13,
 139.297658,   35.282432,       -9.09,
 139.302162,   35.282432,       -9.05,
 139.306667,   35.282432,       -8.99,
 139.311171,   35.282432,       -8.92,
 139.315676,   35.282432,       -8.85,
 139.320180,   35.282432,       -8.81,
 139.324685,   35.282432,       -8.93,
 139.329189,   35.282432,       -9.01,
 139.333694,   35.282432,       -9.06,
 139.338198,   35.282432,       -9.08,
 139.342703,   35.282432,       -9.20,
 139.347207,   35.282432,       -9.31,
 139.351712,   35.282432,       -9.41,
 139.356216,   35.282432,       -9.47,
 139.360721,   35.282432,       -9.46,
 139.365225,   35.282432,       -9.37,
 139.369730,   35.282432,       -9.26,
 139.374234,   35.282432,       -9.12,
 139.378739,   35.282432,       -8.99,
 139.383243,   35.282432,       -8.86,
 139.387748,   35.282432,       -8.73,
 139.392252,   35.282432,       -8.54,
 139.396757,   35.282432,       -8.28,
 139.401261,   35.282432,       -8.01,
 139.405766,   35.282432,       -7.73,
 139.410270,   35.282432,       -7.46,
 139.414775,   35.282432,       -7.19,
 139.419279,   35.282432,       -6.98,
 139.423784,   35.282432,       -6.83,
 139.428288,   35.282432,       -6.60,
 139.432793,   35.282432,       -6.34,
 139.437297,   35.282432,       -5.94,
 139.441802,   35.282432,       -5.43,
 139.446306,   35.282432,       -4.87,
 139.450811,   35.282432,       -4.62,
 139.455315,   35.282432,       -4.39,
 139.459820,   35.282432,       -4.14,
 139.464324,   35.282432,       -3.90,
 139.468829,   35.282432,       -3.64,
 139.473333,   35.282432,       -3.21,
 139.477838,   35.282432,       -2.78,
 139.482342,   35.282432,       -2.46,
 139.486847,   35.282432,       -2.17,
 139.491351,   35.282432,       -1.94,
 139.495856,   35.282432,       -1.79,
 139.500360,   35.282432,       -1.64,
 139.504865,   35.282432,       -1.58,
 139.509369,   35.282432,       -1.51,
 139.513874,   35.282432,       -1.44,
 139.518378,   35.282432,       -1.47,
 139.522883,   35.282432,       -1.48,
 139.527387,   35.282432,       -1.52,
 139.531892,   35.282432,       -1.57,
 139.536396,   35.282432,       -1.60,
 139.540901,   35.282432,       -1.61,
 139.545405,   35.282432,       -1.59,
 139.549910,   35.282432,       -1.59,
 139.554414,   35.282432,       -1.43,
 139.558919,   35.282432,       -1.21,
 139.563423,   35.282432,       -1.16,
 139.567928,   35.282432,       -1.12,
 139.572432,   35.282432,       -0.85,
 139.576937,   35.282432,       -0.40,
 139.581441,   35.282432,       -0.00,
 139.585946,   35.282432,        0.36,
 139.590450,   35.282432,        0.67,
 139.594955,   35.282432,        0.94,
 139.599459,   35.282432,        1.17,
 139.603964,   35.282432,        1.37,
 139.608468,   35.282432,        1.53,
 139.612973,   35.282432,        1.63,
 139.617477,   35.282432,        1.68,
 139.621982,   35.282432,        1.70,
 139.626486,   35.282432,        1.68,
 139.630991,   35.282432,        1.64,
 139.635495,   35.282432,        1.58,
 139.640000,   35.282432,        1.47,
 139.644505,   35.282432,        1.29,
 139.649009,   35.282432,        1.08,
 139.653514,   35.282432,        0.87,
 139.658018,   35.282432,        0.68,
 139.662523,   35.282432,        0.51,
 139.667027,   35.282432,        0.38,
 139.671532,   35.282432,        0.25,
 139.676036,   35.282432,        0.11,
 139.680541,   35.282432,       -0.02,
 139.685045,   35.282432,       -0.08,
 139.689550,   35.282432,       -0.11,
 139.694054,   35.282432,       -0.15,
 139.698559,   35.282432,       -0.19,
 139.703063,   35.282432,       -0.21,
 139.707568,   35.282432,       -0.21,
 139.712072,   35.282432,       -0.23,
 139.716577,   35.282432,       -0.27,
 139.721081,   35.282432,       -0.29,
 139.725586,   35.282432,       -0.32,
 139.730090,   35.282432,       -0.35,
 139.734595,   35.282432,       -0.40,
 139.739099,   35.282432,       -0.47,
 139.743604,   35.282432,       -0.58,
 139.748108,   35.282432,       -0.71,
 139.752613,   35.282432,       -0.80,
 139.757117,   35.282432,       -0.89,
 139.761622,   35.282432,       -0.97,
 139.766126,   35.282432,       -1.00,
 139.770631,   35.282432,       -1.05,
 139.775135,   35.282432,       -1.10,
 139.779640,   35.282432,       -1.12,
 139.784144,   35.282432,       -1.15,
 139.788649,   35.282432,       -1.21,
 139.793153,   35.282432,       -1.27,
 139.797658,   35.282432,       -1.32,
 139.802162,   35.282432,       -1.36,
 139.806667,   35.282432,       -1.33,
 139.811171,   35.282432,       -1.27,
 139.815676,   35.282432,       -1.21,
 139.820180,   35.282432,       -1.04,
 139.824685,   35.282432,       -0.85,
 139.829189,   35.282432,       -0.67,
 139.833694,   35.282432,       -0.52,
 139.838198,   35.282432,       -0.37,
 139.842703,   35.282432,       -0.13,
 139.847207,   35.282432,        0.16,
 139.851712,   35.282432,        0.25,
 139.856216,   35.282432,        0.13,
 139.860721,   35.282432,        0.04,
 139.865225,   35.282432,       -0.11,
 139.869730,   35.282432,       -0.28,
 139.874234,   35.282432,       -0.52,
 139.878739,   35.282432,       -0.79,
 139.883243,   35.282432,       -1.07,
 139.887748,   35.282432,       -1.36,
 139.892252,   35.282432,       -1.65,
 139.896757,   35.282432,       -1.94,
 139.901261,   35.282432,       -2.23,
 139.905766,   35.282432,       -2.50,
 139.910270,   35.282432,       -2.77,
 139.914775,   35.282432,       -3.02,
 139.919279,   35.282432,       -3.28,
 139.923784,   35.282432,       -3.53,
 139.928288,   35.282432,       -3.78,
 139.932793,   35.282432,       -4.02,
 139.937297,   35.282432,       -4.26,
 139.941802,   35.282432,       -4.50,
 139.946306,   35.282432,       -4.74,
 139.950811,   35.282432,       -4.98,
 139.955315,   35.282432,       -5.22,
 139.959820,   35.282432,       -5.45,
 139.964324,   35.282432,       -5.68,
 139.968829,   35.282432,       -5.91,
 139.973333,   35.282432,       -6.13,
 139.977838,   35.282432,       -6.35,
 139.982342,   35.282432,       -6.56,
 139.986847,   35.282432,       -6.77,
 139.991351,   35.282432,       -6.97,
 139.995856,   35.282432,       -7.18,
 140.000360,   35.282432,       -7.37,
 140.004865,   35.282432,       -7.57,
 140.009369,   35.282432,       -7.76,
 140.013874,   35.282432,       -7.94,
 140.018378,   35.282432,       -8.12,
 140.022883,   35.282432,       -8.30,
 140.027387,   35.282432,       -8.47,
 140.031892,   35.282432,       -8.64,
 140.036396,   35.282432,       -8.80,
 140.040901,   35.282432,       -8.96,
 140.045405,   35.282432,       -9.12,
 140.049910,   35.282432,       -9.27,
 140.054414,   35.282432,       -9.42,
 140.058919,   35.282432,       -9.56,
 140.063423,   35.282432,       -9.71,
 140.067928,   35.282432,       -9.85,
 140.072432,   35.282432,       -9.98,
 140.076937,   35.282432,      -10.11,
 140.081441,   35.282432,      -10.24,
 140.085946,   35.282432,      -10.37,
 140.090450,   35.282432,      -10.49,
 140.094955,   35.282432,      -10.61,
 140.099459,   35.282432,      -10.72,
 140.103964,   35.282432,      -10.84,
 140.108468,   35.282432,      -10.95,
 140.112973,   35.282432,      -11.05,
 140.117477,   35.282432,      -11.15,
 140.121982,   35.282432,      -11.25,
 140.126486,   35.282432,      -11.35,
 140.130991,   35.282432,      -11.44,
 140.135495,   35.282432,      -11.53,
 140.140000,   35.282432,      -11.62,
 140.144505,   35.282432,      -11.70,
 140.149009,   35.282432,      -11.78,
 140.153514,   35.282432,      -11.86,
 140.158018,   35.282432,      -11.94,
 140.162523,   35.282432,      -12.01,
 140.167027,   35.282432,      -12.08,
 140.171532,   35.282432,      -12.14,
 140.176036,   35.282432,      -12.20,
 140.180541,   35.282432,      -12.26,
 140.185045,   35.282432,      -12.32,
 140.189550,   35.282432,      -12.37,
 140.194054,   35.282432,      -12.42,
 140.198559,   35.282432,      -12.47,
 140.203063,   35.282432,      -12.51,
 140.207568,   35.282432,      -12.55,
 140.212072,   35.282432,      -12.58,
 140.216577,   35.282432,      -12.61,
 140.221081,   35.282432,      -12.65,
 140.225586,   35.282432,      -12.67,
 140.230090,   35.282432,      -12.70,
 140.234595,   35.282432,      -12.72,
 140.239099,   35.282432,      -12.75,
 140.243604,   35.282432,      -12.77,
 140.248108,   35.282432,      -12.79,
 140.252613,   35.282432,      -12.81,
 140.257117,   35.282432,      -12.82,
 140.261622,   35.282432,      -12.84,
 140.266126,   35.282432,      -12.85,
 140.270631,   35.282432,      -12.86,
 140.275135,   35.282432,      -12.88,
 140.279640,   35.282432,      -12.89,
 140.284144,   35.282432,      -12.90,
 140.288649,   35.282432,      -12.91,
 140.293153,   35.282432,      -12.91,
 140.297658,   35.282432,      -12.92,
 140.302162,   35.282432,      -12.93,
 140.306667,   35.282432,      -12.93,
 140.311171,   35.282432,      -12.94,
 140.315676,   35.282432,      -12.94,
 140.320180,   35.282432,      -12.95,
 140.324685,   35.282432,      -12.95,
 140.329189,   35.282432,      -13.01,
 140.333694,   35.282432,      -13.08,
 140.338198,   35.282432,      -13.15,
 140.342703,   35.282432,      -13.22,
 140.347207,   35.282432,      -13.29,
 140.351712,   35.282432,      -13.36,
 140.356216,   35.282432,      -13.43,
 140.360721,   35.282432,      -13.51,
 140.365225,   35.282432,      -13.58,
 140.369730,   35.282432,      -13.66,
 140.374234,   35.282432,      -13.74,
 140.378739,   35.282432,      -13.82,
 140.383243,   35.282432,      -13.90,
 140.387748,   35.282432,      -13.98,
 139.140000,   35.286937,       -1.53,
 139.144505,   35.286937,       -1.83,
 139.149009,   35.286937,       -2.12,
 139.153514,   35.286937,       -2.41,
 139.158018,   35.286937,       -2.69,
 139.162523,   35.286937,       -2.97,
 139.167027,   35.286937,       -3.24,
 139.171532,   35.286937,       -3.51,
 139.176036,   35.286937,       -3.77,
 139.180541,   35.286937,       -4.03,
 139.185045,   35.286937,       -4.28,
 139.189550,   35.286937,       -4.52,
 139.194054,   35.286937,       -4.77,
 139.198559,   35.286937,       -5.00,
 139.203063,   35.286937,       -5.23,
 139.207568,   35.286937,       -5.46,
 139.212072,   35.286937,       -5.67,
 139.216577,   35.286937,       -8.27,
 139.221081,   35.286937,       -8.93,
 139.225586,   35.286937,       -9.10,
 139.230090,   35.286937,       -9.27,
 139.234595,   35.286937,       -9.34,
 139.239099,   35.286937,       -9.39,
 139.243604,   35.286937,       -9.40,
 139.248108,   35.286937,       -9.40,
 139.252613,   35.286937,       -9.40,
 139.257117,   35.286937,       -9.33,
 139.261622,   35.286937,       -9.24,
 139.266126,   35.286937,       -9.11,
 139.270631,   35.286937,       -9.02,
 139.275135,   35.286937,       -8.99,
 139.279640,   35.286937,       -8.96,
 139.284144,   35.286937,       -8.92,
 139.288649,   35.286937,       -8.85,
 139.293153,   35.286937,       -8.78,
 139.297658,   35.286937,       -8.72,
 139.302162,   35.286937,       -8.65,
 139.306667,   35.286937,       -8.61,
 139.311171,   35.286937,       -8.58,
 139.315676,   35.286937,       -8.52,
 139.320180,   35.286937,       -8.52,
 139.324685,   35.286937,       -8.57,
 139.329189,   35.286937,       -8.64,
 139.333694,   35.286937,       -8.72,
 139.338198,   35.286937,       -8.83,
 139.342703,   35.286937,       -8.94,
 139.347207,   35.286937,       -9.04,
 139.351712,   35.286937,       -9.13,
 139.356216,   35.286937,       -9.21,
 139.360721,   35.286937,       -9.20,
 139.365225,   35.286937,       -9.10,
 139.369730,   35.286937,       -8.97,
 139.374234,   35.286937,       -8.81,
 139.378739,   35.286937,       -8.65,
 139.383243,   35.286937,       -8.50,
 139.387748,   35.286937,       -8.35,
 139.392252,   35.286937,       -8.17,
 139.396757,   35.286937,       -7.91,
 139.401261,   35.286937,       -7.61,
 139.405766,   35.286937,       -7.30,
 139.410270,   35.286937,       -7.03,
 139.414775,   35.286937,       -6.79,
 139.419279,   35.286937,       -6.54,
 139.423784,   35.286937,       -6.29,
 139.428288,   35.286937,       -6.04,
 139.432793,   35.286937,       -5.69,
 139.437297,   35.286937,       -5.25,
 139.441802,   35.286937,       -4.77,
 139.446306,   35.286937,       -4.43,
 139.450811,   35.286937,       -4.15,
 139.455315,   35.286937,       -3.91,
 139.459820,   35.286937,       -3.66,
 139.464324,   35.286937,       -3.41,
 139.468829,   35.286937,       -3.08,
 139.473333,   35.286937,       -2.70,
 139.477838,   35.286937,       -2.33,
 139.482342,   35.286937,       -2.04,
 139.486847,   35.286937,       -1.77,
 139.491351,   35.286937,       -1.63,
 139.495856,   35.286937,       -1.47,
 139.500360,   35.286937,       -1.39,
 139.504865,   35.286937,       -1.40,
 139.509369,   35.286937,       -1.36,
 139.513874,   35.286937,       -1.40,
 139.518378,   35.286937,       -1.47,
 139.522883,   35.286937,       -1.52,
 139.527387,   35.286937,       -1.60,
 139.531892,   35.286937,       -1.67,
 139.536396,   35.286937,       -1.70,
 139.540901,   35.286937,       -1.73,
 139.545405,   35.286937,       -1.73,
 139.549910,   35.286937,       -1.74,
 139.554414,   35.286937,       -1.77,
 139.558919,   35.286937,       -1.60,
 139.563423,   35.286937,       -1.53,
 139.567928,   35.286937,       -1.53,
 139.572432,   35.286937,       -1.14,
 139.576937,   35.286937,       -0.75,
 139.581441,   35.286937,       -0.39,
 139.585946,   35.286937,       -0.06,
 139.590450,   35.286937,        0.24,
 139.594955,   35.286937,        0.50,
 139.599459,   35.286937,        0.73,
 139.603964,   35.286937,        0.92,
 139.608468,   35.286937,        1.09,
 139.612973,   35.286937,        1.22,
 139.617477,   35.286937,        1.30,
 139.621982,   35.286937,        1.35,
 139.626486,   35.286937,        1.36,
 139.630991,   35.286937,        1.33,
 139.635495,   35.286937,        1.28,
 139.640000,   35.286937,        1.21,
 139.644505,   35.286937,        1.06,
 139.649009,   35.286937,        0.85,
 139.653514,   35.286937,        0.65,
 139.658018,   35.286937,        0.49,
 139.662523,   35.286937,        0.37,
 139.667027,   35.286937,        0.26,
 139.671532,   35.286937,        0.16,
 139.676036,   35.286937,        0.07,
 139.680541,   35.286937,        0.04,
 139.685045,   35.286937,        0.01,
 139.689550,   35.286937,       -0.03,
 139.694054,   35.286937,       -0.06,
 139.698559,   35.286937,       -0.12,
 139.703063,   35.286937,       -0.13,
 139.707568,   35.286937,       -0.15,
 139.712072,   35.286937,       -0.22,
 139.716577,   35.286937,       -0.28,
 139.721081,   35.286937,       -0.34,
 139.725586,   35.286937,       -0.40,
 139.730090,   35.286937,       -0.46,
 139.734595,   35.286937,       -0.52,
 139.739099,   35.286937,       -0.59,
 139.743604,   35.286937,       -0.69,
 139.748108,   35.286937,       -0.76,
 139.752613,   35.286937,       -0.83,
 139.757117,   35.286937,       -0.93,
 139.761622,   35.286937,       -0.96,
 139.766126,   35.286937,       -0.96,
 139.770631,   35.286937,       -0.98,
 139.775135,   35.286937,       -1.00,
 139.779640,   35.286937,       -1.01,
 139.784144,   35.286937,       -1.06,
 139.788649,   35.286937,       -1.12,
 139.793153,   35.286937,       -1.19,
 139.797658,   35.286937,       -1.22,
 139.802162,   35.286937,       -1.24,
 139.806667,   35.286937,       -1.24,
 139.811171,   35.286937,       -1.16,
 139.815676,   35.286937,       -1.07,
 139.820180,   35.286937,       -0.91,
 139.824685,   35.286937,       -0.73,
 139.829189,   35.286937,       -0.56,
 139.833694,   35.286937,       -0.41,
 139.838198,   35.286937,       -0.25,
 139.842703,   35.286937,       -0.08,
 139.847207,   35.286937,        0.11,
 139.851712,   35.286937,        0.26,
 139.856216,   35.286937,        0.18,
 139.860721,   35.286937,        0.09,
 139.865225,   35.286937,       -0.05,
 139.869730,   35.286937,       -0.22,
 139.874234,   35.286937,       -0.44,
 139.878739,   35.286937,       -0.70,
 139.883243,   35.286937,       -0.98,
 139.887748,   35.286937,       -1.26,
 139.892252,   35.286937,       -1.55,
 139.896757,   35.286937,       -1.84,
 139.901261,   35.286937,       -2.12,
 139.905766,   35.286937,       -2.39,
 139.910270,   35.286937,       -2.65,
 139.914775,   35.286937,       -2.91,
 139.919279,   35.286937,       -3.16,
 139.923784,   35.286937,       -3.40,
 139.928288,   35.286937,       -3.65,
 139.932793,   35.286937,       -3.89,
 139.937297,   35.286937,       -4.13,
 139.941802,   35.286937,       -4.36,
 139.946306,   35.286937,       -4.60,
 139.950811,   35.286937,       -4.83,
 139.955315,   35.286937,       -5.06,
 139.959820,   35.286937,       -5.29,
 139.964324,   35.286937,       -5.52,
 139.968829,   35.286937,       -5.74,
 139.973333,   35.286937,       -5.96,
 139.977838,   35.286937,       -6.18,
 139.982342,   35.286937,       -6.39,
 139.986847,   35.286937,       -6.59,
 139.991351,   35.286937,       -6.80,
 139.995856,   35.286937,       -6.99,
 140.000360,   35.286937,       -7.19,
 140.004865,   35.286937,       -7.38,
 140.009369,   35.286937,       -7.57,
 140.013874,   35.286937,       -7.75,
 140.018378,   35.286937,       -7.93,
 140.022883,   35.286937,       -8.10,
 140.027387,   35.286937,       -8.27,
 140.031892,   35.286937,       -8.44,
 140.036396,   35.286937,       -8.60,
 140.040901,   35.286937,       -8.75,
 140.045405,   35.286937,       -8.91,
 140.049910,   35.286937,       -9.06,
 140.054414,   35.286937,       -9.21,
 140.058919,   35.286937,       -9.35,
 140.063423,   35.286937,       -9.49,
 140.067928,   35.286937,       -9.63,
 140.072432,   35.286937,       -9.76,
 140.076937,   35.286937,       -9.89,
 140.081441,   35.286937,      -10.02,
 140.085946,   35.286937,      -10.14,
 140.090450,   35.286937,      -10.26,
 140.094955,   35.286937,      -10.38,
 140.099459,   35.286937,      -10.49,
 140.103964,   35.286937,      -10.61,
 140.108468,   35.286937,      -10.71,
 140.112973,   35.286937,      -10.82,
 140.117477,   35.286937,      -10.92,
 140.121982,   35.286937,      -11.02,
 140.126486,   35.286937,      -11.11,
 140.130991,   35.286937,      -11.21,
 140.135495,   35.286937,      -11.30,
 140.140000,   35.286937,      -11.38,
 140.144505,   35.286937,      -11.46,
 140.149009,   35.286937,      -11.54,
 140.153514,   35.286937,      -11.62,
 140.158018,   35.286937,      -11.69,
 140.162523,   35.286937,      -11.76,
 140.167027,   35.286937,      -11.83,
 140.171532,   35.286937,      -11.90,
 140.176036,   35.286937,      -11.96,
 140.180541,   35.286937,      -12.02,
 140.185045,   35.286937,      -12.07,
 140.189550,   35.286937,      -12.13,
 140.194054,   35.286937,      -12.17,
 140.198559,   35.286937,      -12.22,
 140.203063,   35.286937,      -12.26,
 140.207568,   35.286937,      -12.30,
 140.212072,   35.286937,      -12.34,
 140.216577,   35.286937,      -12.37,
 140.221081,   35.286937,      -12.40,
 140.225586,   35.286937,      -12.43,
 140.230090,   35.286937,      -12.45,
 140.234595,   35.286937,      -12.48,
 140.239099,   35.286937,      -12.50,
 140.243604,   35.286937,      -12.52,
 140.248108,   35.286937,      -12.54,
 140.252613,   35.286937,      -12.56,
 140.257117,   35.286937,      -12.58,
 140.261622,   35.286937,      -12.59,
 140.266126,   35.286937,      -12.61,
 140.270631,   35.286937,      -12.62,
 140.275135,   35.286937,      -12.63,
 140.279640,   35.286937,      -12.64,
 140.284144,   35.286937,      -12.65,
 140.288649,   35.286937,      -12.66,
 140.293153,   35.286937,      -12.67,
 140.297658,   35.286937,      -12.68,
 140.302162,   35.286937,      -12.68,
 140.306667,   35.286937,      -12.69,
 140.311171,   35.286937,      -12.70,
 140.315676,   35.286937,      -12.70,
 140.320180,   35.286937,      -12.70,
 140.324685,   35.286937,      -12.74,
 140.329189,   35.286937,      -12.81,
 140.333694,   35.286937,      -12.88,
 140.338198,   35.286937,      -12.95,
 140.342703,   35.286937,      -13.02,
 140.347207,   35.286937,      -13.09,
 140.351712,   35.286937,      -13.16,
 140.356216,   35.286937,      -13.23,
 140.360721,   35.286937,      -13.31,
 140.365225,   35.286937,      -13.38,
 140.369730,   35.286937,      -13.46,
 140.374234,   35.286937,      -13.54,
 140.378739,   35.286937,      -13.62,
 140.383243,   35.286937,      -13.70,
 140.387748,   35.286937,      -13.78,
 139.140000,   35.291441,       -1.10,
 139.144505,   35.291441,       -1.40,
 139.149009,   35.291441,       -1.70,
 139.153514,   35.291441,       -1.99,
 139.158018,   35.291441,       -2.27,
 139.162523,   35.291441,       -2.55,
 139.167027,   35.291441,       -2.83,
 139.171532,   35.291441,       -3.10,
 139.176036,   35.291441,       -3.36,
 139.180541,   35.291441,       -3.62,
 139.185045,   35.291441,       -3.87,
 139.189550,   35.291441,       -4.12,
 139.194054,   35.291441,       -4.36,
 139.198559,   35.291441,       -4.60,
 139.203063,   35.291441,       -4.83,
 139.207568,   35.291441,       -5.06,
 139.212072,   35.291441,       -5.28,
 139.216577,   35.291441,       -5.50,
 139.221081,   35.291441,       -6.72,
 139.225586,   35.291441,       -8.76,
 139.230090,   35.291441,       -8.85,
 139.234595,   35.291441,       -8.97,
 139.239099,   35.291441,       -9.16,
 139.243604,   35.291441,       -9.19,
 139.248108,   35.291441,       -9.20,
 139.252613,   35.291441,       -9.20,
 139.257117,   35.291441,       -9.15,
 139.261622,   35.291441,       -9.02,
 139.266126,   35.291441,       -8.87,
 139.270631,   35.291441,       -8.75,
 139.275135,   35.291441,       -8.71,
 139.279640,   35.291441,       -8.65,
 139.284144,   35.291441,       -8.52,
 139.288649,   35.291441,       -8.42,
 139.293153,   35.291441,       -8.39,
 139.297658,   35.291441,       -8.37,
 139.302162,   35.291441,       -8.32,
 139.306667,   35.291441,       -8.30,
 139.311171,   35.291441,       -8.29,
 139.315676,   35.291441,       -8.27,
 139.320180,   35.291441,       -8.26,
 139.324685,   35.291441,       -8.29,
 139.329189,   35.291441,       -8.35,
 139.333694,   35.291441,       -8.46,
 139.338198,   35.291441,       -8.59,
 139.342703,   35.291441,       -8.71,
 139.347207,   35.291441,       -8.80,
 139.351712,   35.291441,       -8.87,
 139.356216,   35.291441,       -8.93,
 139.360721,   35.291441,       -8.94,
 139.365225,   35.291441,       -8.85,
 139.369730,   35.291441,       -8.74,
 139.374234,   35.291441,       -8.56,
 139.378739,   35.291441,       -8.32,
 139.383243,   35.291441,       -8.15,
 139.387748,   35.291441,       -7.98,
 139.392252,   35.291441,       -7.81,
 139.396757,   35.291441,       -7.48,
 139.401261,   35.291441,       -7.13,
 139.405766,   35.291441,       -6.82,
 139.410270,   35.291441,       -6.56,
 139.414775,   35.291441,       -6.27,
 139.419279,   35.291441,       -5.99,
 139.423784,   35.291441,       -5.72,
 139.428288,   35.291441,       -5.43,
 139.432793,   35.291441,       -5.06,
 139.437297,   35.291441,       -4.63,
 139.441802,   35.291441,       -4.26,
 139.446306,   35.291441,       -3.95,
 139.450811,   35.291441,       -3.67,
 139.455315,   35.291441,       -3.45,
 139.459820,   35.291441,       -3.21,
 139.464324,   35.291441,       -2.93,
 139.468829,   35.291441,       -2.59,
 139.473333,   35.291441,       -2.26,
 139.477838,   35.291441,       -2.01,
 139.482342,   35.291441,       -1.73,
 139.486847,   35.291441,       -1.53,
 139.491351,   35.291441,       -1.40,
 139.495856,   35.291441,       -1.31,
 139.500360,   35.291441,       -1.33,
 139.504865,   35.291441,       -1.34,
 139.509369,   35.291441,       -1.37,
 139.513874,   35.291441,       -1.46,
 139.518378,   35.291441,       -1.54,
 139.522883,   35.291441,       -1.61,
 139.527387,   35.291441,       -1.69,
 139.531892,   35.291441,       -1.74,
 139.536396,   35.291441,       -1.78,
 139.540901,   35.291441,       -1.80,
 139.545405,   35.291441,       -1.80,
 139.549910,   35.291441,       -1.81,
 139.554414,   35.291441,       -1.83,
 139.558919,   35.291441,       -1.81,
 139.563423,   35.291441,       -1.73,
 139.567928,   35.291441,       -1.60,
 139.572432,   35.291441,       -1.33,
 139.576937,   35.291441,       -1.01,
 139.581441,   35.291441,       -0.70,
 139.585946,   35.291441,       -0.40,
 139.590450,   35.291441,       -0.13,
 139.594955,   35.291441,        0.12,
 139.599459,   35.291441,        0.34,
 139.603964,   35.291441,        0.53,
 139.608468,   35.291441,        0.70,
 139.612973,   35.291441,        0.84,
 139.617477,   35.291441,        0.94,
 139.621982,   35.291441,        1.01,
 139.626486,   35.291441,        1.04,
 139.630991,   35.291441,        1.03,
 139.635495,   35.291441,        0.99,
 139.640000,   35.291441,        0.94,
 139.644505,   35.291441,        0.81,
 139.649009,   35.291441,        0.60,
 139.653514,   35.291441,        0.44,
 139.658018,   35.291441,        0.34,
 139.662523,   35.291441,        0.25,
 139.667027,   35.291441,        0.21,
 139.671532,   35.291441,        0.28,
 139.676036,   35.291441,        0.42,
 139.680541,   35.291441,        0.22,
 139.685045,   35.291441,        0.24,
 139.689550,   35.291441,        0.21,
 139.694054,   35.291441,        0.11,
 139.698559,   35.291441,        0.05,
 139.703063,   35.291441,       -0.01,
 139.707568,   35.291441,       -0.09,
 139.712072,   35.291441,       -0.20,
 139.716577,   35.291441,       -0.29,
 139.721081,   35.291441,       -0.37,
 139.725586,   35.291441,       -0.45,
 139.730090,   35.291441,       -0.52,
 139.734595,   35.291441,       -0.59,
 139.739099,   35.291441,       -0.67,
 139.743604,   35.291441,       -0.73,
 139.748108,   35.291441,       -0.77,
 139.752613,   35.291441,       -0.84,
 139.757117,   35.291441,       -0.89,
 139.761622,   35.291441,       -0.90,
 139.766126,   35.291441,       -0.88,
 139.770631,   35.291441,       -0.89,
 139.775135,   35.291441,       -0.92,
 139.779640,   35.291441,       -0.94,
 139.784144,   35.291441,       -0.97,
 139.788649,   35.291441,       -1.02,
 139.793153,   35.291441,       -1.07,
 139.797658,   35.291441,       -1.06,
 139.802162,   35.291441,       -1.07,
 139.806667,   35.291441,       -1.09,
 139.811171,   35.291441,       -0.99,
 139.815676,   35.291441,       -0.87,
 139.820180,   35.291441,       -0.73,
 139.824685,   35.291441,       -0.57,
 139.829189,   35.291441,       -0.41,
 139.833694,   35.291441,       -0.23,
 139.838198,   35.291441,       -0.06,
 139.842703,   35.291441,        0.10,
 139.847207,   35.291441,        0.23,
 139.851712,   35.291441,        0.28,
 139.856216,   35.291441,        0.22,
 139.860721,   35.291441,        0.14,
 139.865225,   35.291441,        0.00,
 139.869730,   35.291441,       -0.15,
 139.874234,   35.291441,       -0.37,
 139.878739,   35.291441,       -0.62,
 139.883243,   35.291441,       -0.89,
 139.887748,   35.291441,       -1.17,
 139.892252,   35.291441,       -1.45,
 139.896757,   35.291441,       -1.74,
 139.901261,   35.291441,       -2.02,
 139.905766,   35.291441,       -2.28,
 139.910270,   35.291441,       -2.54,
 139.914775,   35.291441,       -2.79,
 139.919279,   35.291441,       -3.03,
 139.923784,   35.291441,       -3.28,
 139.928288,   35.291441,       -3.51,
 139.932793,   35.291441,       -3.75,
 139.937297,   35.291441,       -3.99,
 139.941802,   35.291441,       -4.22,
 139.946306,   35.291441,       -4.45,
 139.950811,   35.291441,       -4.68,
 139.955315,   35.291441,       -4.91,
 139.959820,   35.291441,       -5.14,
 139.964324,   35.291441,       -5.36,
 139.968829,   35.291441,       -5.58,
 139.973333,   35.291441,       -5.80,
 139.977838,   35.291441,       -6.01,
 139.982342,   35.291441,       -6.22,
 139.986847,   35.291441,       -6.42,
 139.991351,   35.291441,       -6.62,
 139.995856,   35.291441,       -6.81,
 140.000360,   35.291441,       -7.01,
 140.004865,   35.291441,       -7.20,
 140.009369,   35.291441,       -7.38,
 140.013874,   35.291441,       -7.56,
 140.018378,   35.291441,       -7.73,
 140.022883,   35.291441,       -7.90,
 140.027387,   35.291441,       -8.07,
 140.031892,   35.291441,       -8.23,
 140.036396,   35.291441,       -8.39,
 140.040901,   35.291441,       -8.55,
 140.045405,   35.291441,       -8.70,
 140.049910,   35.291441,       -8.85,
 140.054414,   35.291441,       -8.99,
 140.058919,   35.291441,       -9.14,
 140.063423,   35.291441,       -9.27,
 140.067928,   35.291441,       -9.41,
 140.072432,   35.291441,       -9.54,
 140.076937,   35.291441,       -9.67,
 140.081441,   35.291441,       -9.80,
 140.085946,   35.291441,       -9.92,
 140.090450,   35.291441,      -10.04,
 140.094955,   35.291441,      -10.15,
 140.099459,   35.291441,      -10.27,
 140.103964,   35.291441,      -10.38,
 140.108468,   35.291441,      -10.48,
 140.112973,   35.291441,      -10.59,
 140.117477,   35.291441,      -10.69,
 140.121982,   35.291441,      -10.78,
 140.126486,   35.291441,      -10.88,
 140.130991,   35.291441,      -10.97,
 140.135495,   35.291441,      -11.06,
 140.140000,   35.291441,      -11.14,
 140.144505,   35.291441,      -11.23,
 140.149009,   35.291441,      -11.30,
 140.153514,   35.291441,      -11.38,
 140.158018,   35.291441,      -11.45,
 140.162523,   35.291441,      -11.52,
 140.167027,   35.291441,      -11.59,
 140.171532,   35.291441,      -11.66,
 140.176036,   35.291441,      -11.72,
 140.180541,   35.291441,      -11.78,
 140.185045,   35.291441,      -11.83,
 140.189550,   35.291441,      -11.88,
 140.194054,   35.291441,      -11.93,
 140.198559,   35.291441,      -11.98,
 140.203063,   35.291441,      -12.02,
 140.207568,   35.291441,      -12.05,
 140.212072,   35.291441,      -12.09,
 140.216577,   35.291441,      -12.12,
 140.221081,   35.291441,      -12.15,
 140.225586,   35.291441,      -12.18,
 140.230090,   35.291441,      -12.21,
 140.234595,   35.291441,      -12.23,
 140.239099,   35.291441,      -12.25,
 140.243604,   35.291441,      -12.28,
 140.248108,   35.291441,      -12.30,
 140.252613,   35.291441,      -12.31,
 140.257117,   35.291441,      -12.33,
 140.261622,   35.291441,      -12.35,
 140.266126,   35.291441,      -12.36,
 140.270631,   35.291441,      -12.38,
 140.275135,   35.291441,      -12.39,
 140.279640,   35.291441,      -12.40,
 140.284144,   35.291441,      -12.41,
 140.288649,   35.291441,      -12.42,
 140.293153,   35.291441,      -12.43,
 140.297658,   35.291441,      -12.44,
 140.302162,   35.291441,      -12.44,
 140.306667,   35.291441,      -12.45,
 140.311171,   35.291441,      -12.45,
 140.315676,   35.291441,      -12.46,
 140.320180,   35.291441,      -12.48,
 140.324685,   35.291441,      -12.54,
 140.329189,   35.291441,      -12.61,
 140.333694,   35.291441,      -12.68,
 140.338198,   35.291441,      -12.75,
 140.342703,   35.291441,      -12.81,
 140.347207,   35.291441,      -12.89,
 140.351712,   35.291441,      -12.96,
 140.356216,   35.291441,      -13.03,
 140.360721,   35.291441,      -13.10,
 140.365225,   35.291441,      -13.18,
 140.369730,   35.291441,      -13.26,
 140.374234,   35.291441,      -13.33,
 140.378739,   35.291441,      -13.41,
 140.383243,   35.291441,      -13.49,
 140.387748,   35.291441,      -13.57,
 139.140000,   35.295946,       -0.68,
 139.144505,   35.295946,       -0.98,
 139.149009,   35.295946,       -1.28,
 139.153514,   35.295946,       -1.57,
 139.158018,   35.295946,       -1.86,
 139.162523,   35.295946,       -2.14,
 139.167027,   35.295946,       -2.42,
 139.171532,   35.295946,       -2.69,
 139.176036,   35.295946,       -2.95,
 139.180541,   35.295946,       -3.21,
 139.185045,   35.295946,       -3.47,
 139.189550,   35.295946,       -3.72,
 139.194054,   35.295946,       -3.96,
 139.198559,   35.295946,       -4.20,
 139.203063,   35.295946,       -4.44,
 139.207568,   35.295946,       -4.67,
 139.212072,   35.295946,       -4.89,
 139.216577,   35.295946,       -5.11,
 139.221081,   35.295946,       -5.32,
 139.225586,   35.295946,       -5.53,
 139.230090,   35.295946,       -7.72,
 139.234595,   35.295946,       -8.68,
 139.239099,   35.295946,       -8.77,
 139.243604,   35.295946,       -8.87,
 139.248108,   35.295946,       -8.97,
 139.252613,   35.295946,       -9.02,
 139.257117,   35.295946,       -8.99,
 139.261622,   35.295946,       -8.83,
 139.266126,   35.295946,       -8.66,
 139.270631,   35.295946,       -8.51,
 139.275135,   35.295946,       -8.42,
 139.279640,   35.295946,       -8.28,
 139.284144,   35.295946,       -8.07,
 139.288649,   35.295946,       -7.87,
 139.293153,   35.295946,       -7.94,
 139.297658,   35.295946,       -7.99,
 139.302162,   35.295946,       -7.99,
 139.306667,   35.295946,       -7.93,
 139.311171,   35.295946,       -7.89,
 139.315676,   35.295946,       -7.88,
 139.320180,   35.295946,       -7.91,
 139.324685,   35.295946,       -7.98,
 139.329189,   35.295946,       -8.08,
 139.333694,   35.295946,       -8.24,
 139.338198,   35.295946,       -8.38,
 139.342703,   35.295946,       -8.49,
 139.347207,   35.295946,       -8.57,
 139.351712,   35.295946,       -8.62,
 139.356216,   35.295946,       -8.64,
 139.360721,   35.295946,       -8.66,
 139.365225,   35.295946,       -8.64,
 139.369730,   35.295946,       -8.56,
 139.374234,   35.295946,       -8.33,
 139.378739,   35.295946,       -8.02,
 139.383243,   35.295946,       -7.79,
 139.387748,   35.295946,       -7.56,
 139.392252,   35.295946,       -7.28,
 139.396757,   35.295946,       -6.86,
 139.401261,   35.295946,       -6.50,
 139.405766,   35.295946,       -6.22,
 139.410270,   35.295946,       -5.96,
 139.414775,   35.295946,       -5.66,
 139.419279,   35.295946,       -5.39,
 139.423784,   35.295946,       -5.13,
 139.428288,   35.295946,       -4.80,
 139.432793,   35.295946,       -4.46,
 139.437297,   35.295946,       -4.10,
 139.441802,   35.295946,       -3.75,
 139.446306,   35.295946,       -3.41,
 139.450811,   35.295946,       -3.22,
 139.455315,   35.295946,       -3.02,
 139.459820,   35.295946,       -2.78,
 139.464324,   35.295946,       -2.50,
 139.468829,   35.295946,       -2.19,
 139.473333,   35.295946,       -1.96,
 139.477838,   35.295946,       -1.77,
 139.482342,   35.295946,       -1.56,
 139.486847,   35.295946,       -1.44,
 139.491351,   35.295946,       -1.29,
 139.495856,   35.295946,       -1.35,
 139.500360,   35.295946,       -1.38,
 139.504865,   35.295946,       -1.41,
 139.509369,   35.295946,       -1.49,
 139.513874,   35.295946,       -1.58,
 139.518378,   35.295946,       -1.66,
 139.522883,   35.295946,       -1.73,
 139.527387,   35.295946,       -1.79,
 139.531892,   35.295946,       -1.83,
 139.536396,   35.295946,       -1.84,
 139.540901,   35.295946,       -1.85,
 139.545405,   35.295946,       -1.84,
 139.549910,   35.295946,       -1.87,
 139.554414,   35.295946,       -1.91,
 139.558919,   35.295946,       -1.90,
 139.563423,   35.295946,       -1.79,
 139.567928,   35.295946,       -1.63,
 139.572432,   35.295946,       -1.44,
 139.576937,   35.295946,       -1.18,
 139.581441,   35.295946,       -0.92,
 139.585946,   35.295946,       -0.66,
 139.590450,   35.295946,       -0.42,
 139.594955,   35.295946,       -0.19,
 139.599459,   35.295946,        0.01,
 139.603964,   35.295946,        0.20,
 139.608468,   35.295946,        0.36,
 139.612973,   35.295946,        0.50,
 139.617477,   35.295946,        0.61,
 139.621982,   35.295946,        0.69,
 139.626486,   35.295946,        0.74,
 139.630991,   35.295946,        0.75,
 139.635495,   35.295946,        0.72,
 139.640000,   35.295946,        0.67,
 139.644505,   35.295946,        0.55,
 139.649009,   35.295946,        0.38,
 139.653514,   35.295946,        0.32,
 139.658018,   35.295946,        0.26,
 139.662523,   35.295946,        0.29,
 139.667027,   35.295946,        0.41,
 139.671532,   35.295946,        0.60,
 139.676036,   35.295946,        0.85,
 139.680541,   35.295946,        0.73,
 139.685045,   35.295946,        0.62,
 139.689550,   35.295946,        0.47,
 139.694054,   35.295946,        0.33,
 139.698559,   35.295946,        0.20,
 139.703063,   35.295946,        0.06,
 139.707568,   35.295946,       -0.08,
 139.712072,   35.295946,       -0.21,
 139.716577,   35.295946,       -0.33,
 139.721081,   35.295946,       -0.42,
 139.725586,   35.295946,       -0.50,
 139.730090,   35.295946,       -0.57,
 139.734595,   35.295946,       -0.64,
 139.739099,   35.295946,       -0.72,
 139.743604,   35.295946,       -0.73,
 139.748108,   35.295946,       -0.76,
 139.752613,   35.295946,       -0.79,
 139.757117,   35.295946,       -0.80,
 139.761622,   35.295946,       -0.83,
 139.766126,   35.295946,       -0.82,
 139.770631,   35.295946,       -0.84,
 139.775135,   35.295946,       -0.85,
 139.779640,   35.295946,       -0.85,
 139.784144,   35.295946,       -0.85,
 139.788649,   35.295946,       -0.87,
 139.793153,   35.295946,       -0.87,
 139.797658,   35.295946,       -0.85,
 139.802162,   35.295946,       -0.84,
 139.806667,   35.295946,       -0.81,
 139.811171,   35.295946,       -0.74,
 139.815676,   35.295946,       -0.67,
 139.820180,   35.295946,       -0.50,
 139.824685,   35.295946,       -0.31,
 139.829189,   35.295946,       -0.12,
 139.833694,   35.295946,        0.02,
 139.838198,   35.295946,        0.16,
 139.842703,   35.295946,        0.30,
 139.847207,   35.295946,        0.29,
 139.851712,   35.295946,        0.30,
 139.856216,   35.295946,        0.25,
 139.860721,   35.295946,        0.17,
 139.865225,   35.295946,        0.05,
 139.869730,   35.295946,       -0.10,
 139.874234,   35.295946,       -0.30,
 139.878739,   35.295946,       -0.54,
 139.883243,   35.295946,       -0.80,
 139.887748,   35.295946,       -1.07,
 139.892252,   35.295946,       -1.36,
 139.896757,   35.295946,       -1.64,
 139.901261,   35.295946,       -1.91,
 139.905766,   35.295946,       -2.17,
 139.910270,   35.295946,       -2.42,
 139.914775,   35.295946,       -2.67,
 139.919279,   35.295946,       -2.91,
 139.923784,   35.295946,       -3.15,
 139.928288,   35.295946,       -3.38,
 139.932793,   35.295946,       -3.62,
 139.937297,   35.295946,       -3.85,
 139.941802,   35.295946,       -4.08,
 139.946306,   35.295946,       -4.31,
 139.950811,   35.295946,       -4.53,
 139.955315,   35.295946,       -4.76,
 139.959820,   35.295946,       -4.98,
 139.964324,   35.295946,       -5.21,
 139.968829,   35.295946,       -5.42,
 139.973333,   35.295946,       -5.63,
 139.977838,   35.295946,       -5.84,
 139.982342,   35.295946,       -6.04,
 139.986847,   35.295946,       -6.24,
 139.991351,   35.295946,       -6.44,
 139.995856,   35.295946,       -6.63,
 140.000360,   35.295946,       -6.82,
 140.004865,   35.295946,       -7.01,
 140.009369,   35.295946,       -7.19,
 140.013874,   35.295946,       -7.37,
 140.018378,   35.295946,       -7.54,
 140.022883,   35.295946,       -7.71,
 140.027387,   35.295946,       -7.87,
 140.031892,   35.295946,       -8.03,
 140.036396,   35.295946,       -8.19,
 140.040901,   35.295946,       -8.34,
 140.045405,   35.295946,       -8.49,
 140.049910,   35.295946,       -8.64,
 140.054414,   35.295946,       -8.78,
 140.058919,   35.295946,       -8.92,
 140.063423,   35.295946,       -9.06,
 140.067928,   35.295946,       -9.19,
 140.072432,   35.295946,       -9.32,
 140.076937,   35.295946,       -9.45,
 140.081441,   35.295946,       -9.57,
 140.085946,   35.295946,       -9.70,
 140.090450,   35.295946,       -9.81,
 140.094955,   35.295946,       -9.93,
 140.099459,   35.295946,      -10.04,
 140.103964,   35.295946,      -10.15,
 140.108468,   35.295946,      -10.25,
 140.112973,   35.295946,      -10.36,
 140.117477,   35.295946,      -10.46,
 140.121982,   35.295946,      -10.55,
 140.126486,   35.295946,      -10.65,
 140.130991,   35.295946,      -10.74,
 140.135495,   35.295946,      -10.82,
 140.140000,   35.295946,      -10.91,
 140.144505,   35.295946,      -10.99,
 140.149009,   35.295946,      -11.07,
 140.153514,   35.295946,      -11.14,
 140.158018,   35.295946,      -11.21,
 140.162523,   35.295946,      -11.28,
 140.167027,   35.295946,      -11.35,
 140.171532,   35.295946,      -11.42,
 140.176036,   35.295946,      -11.48,
 140.180541,   35.295946,      -11.54,
 140.185045,   35.295946,      -11.59,
 140.189550,   35.295946,      -11.64,
 140.194054,   35.295946,      -11.69,
 140.198559,   35.295946,      -11.73,
 140.203063,   35.295946,      -11.77,
 140.207568,   35.295946,      -11.81,
 140.212072,   35.295946,      -11.84,
 140.216577,   35.295946,      -11.88,
 140.221081,   35.295946,      -11.91,
 140.225586,   35.295946,      -11.93,
 140.230090,   35.295946,      -11.96,
 140.234595,   35.295946,      -11.98,
 140.239099,   35.295946,      -12.01,
 140.243604,   35.295946,      -12.03,
 140.248108,   35.295946,      -12.05,
 140.252613,   35.295946,      -12.07,
 140.257117,   35.295946,      -12.09,
 140.261622,   35.295946,      -12.10,
 140.266126,   35.295946,      -12.12,
 140.270631,   35.295946,      -12.13,
 140.275135,   35.295946,      -12.14,
 140.279640,   35.295946,      -12.16,
 140.284144,   35.295946,      -12.17,
 140.288649,   35.295946,      -12.18,
 140.293153,   35.295946,      -12.19,
 140.297658,   35.295946,      -12.19,
 140.302162,   35.295946,      -12.20,
 140.306667,   35.295946,      -12.21,
 140.311171,   35.295946,      -12.21,
 140.315676,   35.295946,      -12.22,
 140.320180,   35.295946,      -12.28,
 140.324685,   35.295946,      -12.34,
 140.329189,   35.295946,      -12.41,
 140.333694,   35.295946,      -12.47,
 140.338198,   35.295946,      -12.54,
 140.342703,   35.295946,      -12.61,
 140.347207,   35.295946,      -12.68,
 140.351712,   35.295946,      -12.75,
 140.356216,   35.295946,      -12.83,
 140.360721,   35.295946,      -12.90,
 140.365225,   35.295946,      -12.97,
 140.369730,   35.295946,      -13.05,
 140.374234,   35.295946,      -13.13,
 140.378739,   35.295946,      -13.21,
 140.383243,   35.295946,      -13.28,
 140.387748,   35.295946,      -13.36,
 139.140000,   35.300450,       -0.26,
 139.144505,   35.300450,       -0.56,
 139.149009,   35.300450,       -0.86,
 139.153514,   35.300450,       -1.16,
 139.158018,   35.300450,       -1.45,
 139.162523,   35.300450,       -1.73,
 139.167027,   35.300450,       -2.01,
 139.171532,   35.300450,       -2.28,
 139.176036,   35.300450,       -2.55,
 139.180541,   35.300450,       -2.81,
 139.185045,   35.300450,       -3.07,
 139.189550,   35.300450,       -3.32,
 139.194054,   35.300450,       -3.57,
 139.198559,   35.300450,       -3.81,
 139.203063,   35.300450,       -4.05,
 139.207568,   35.300450,       -4.28,
 139.212072,   35.300450,       -4.51,
 139.216577,   35.300450,       -4.73,
 139.221081,   35.300450,       -4.94,
 139.225586,   35.300450,       -5.15,
 139.230090,   35.300450,       -5.36,
 139.234595,   35.300450,       -6.41,
 139.239099,   35.300450,       -8.48,
 139.243604,   35.300450,       -8.56,
 139.248108,   35.300450,       -8.60,
 139.252613,   35.300450,       -8.65,
 139.257117,   35.300450,       -8.71,
 139.261622,   35.300450,       -8.74,
 139.266126,   35.300450,       -8.48,
 139.270631,   35.300450,       -8.27,
 139.275135,   35.300450,       -8.12,
 139.279640,   35.300450,       -7.93,
 139.284144,   35.300450,       -7.73,
 139.288649,   35.300450,       -7.53,
 139.293153,   35.300450,       -7.55,
 139.297658,   35.300450,       -7.55,
 139.302162,   35.300450,       -7.52,
 139.306667,   35.300450,       -7.46,
 139.311171,   35.300450,       -7.41,
 139.315676,   35.300450,       -7.37,
 139.320180,   35.300450,       -7.51,
 139.324685,   35.300450,       -7.63,
 139.329189,   35.300450,       -7.85,
 139.333694,   35.300450,       -8.05,
 139.338198,   35.300450,       -8.22,
 139.342703,   35.300450,       -8.40,
 139.347207,   35.300450,       -8.62,
 139.351712,   35.300450,       -8.59,
 139.356216,   35.300450,       -8.43,
 139.360721,   35.300450,       -8.28,
 139.365225,   35.300450,       -8.26,
 139.369730,   35.300450,       -8.19,
 139.374234,   35.300450,       -7.86,
 139.378739,   35.300450,       -7.56,
 139.383243,   35.300450,       -7.31,
 139.387748,   35.300450,       -7.05,
 139.392252,   35.300450,       -6.64,
 139.396757,   35.300450,       -6.15,
 139.401261,   35.300450,       -5.74,
 139.405766,   35.300450,       -5.48,
 139.410270,   35.300450,       -5.24,
 139.414775,   35.300450,       -4.97,
 139.419279,   35.300450,       -4.73,
 139.423784,   35.300450,       -4.50,
 139.428288,   35.300450,       -4.20,
 139.432793,   35.300450,       -3.88,
 139.437297,   35.300450,       -3.57,
 139.441802,   35.300450,       -3.23,
 139.446306,   35.300450,       -2.99,
 139.450811,   35.300450,       -2.83,
 139.455315,   35.300450,       -2.64,
 139.459820,   35.300450,       -2.45,
 139.464324,   35.300450,       -2.19,
 139.468829,   35.300450,       -1.91,
 139.473333,   35.300450,       -1.72,
 139.477838,   35.300450,       -1.54,
 139.482342,   35.300450,       -1.49,
 139.486847,   35.300450,       -1.47,
 139.491351,   35.300450,       -1.43,
 139.495856,   35.300450,       -1.45,
 139.500360,   35.300450,       -1.47,
 139.504865,   35.300450,       -1.53,
 139.509369,   35.300450,       -1.62,
 139.513874,   35.300450,       -1.72,
 139.518378,   35.300450,       -1.82,
 139.522883,   35.300450,       -1.91,
 139.527387,   35.300450,       -1.97,
 139.531892,   35.300450,       -1.97,
 139.536396,   35.300450,       -1.95,
 139.540901,   35.300450,       -1.92,
 139.545405,   35.300450,       -1.95,
 139.549910,   35.300450,       -2.02,
 139.554414,   35.300450,       -2.04,
 139.558919,   35.300450,       -1.94,
 139.563423,   35.300450,       -1.78,
 139.567928,   35.300450,       -1.64,
 139.572432,   35.300450,       -1.49,
 139.576937,   35.300450,       -1.29,
 139.581441,   35.300450,       -1.07,
 139.585946,   35.300450,       -0.85,
 139.590450,   35.300450,       -0.64,
 139.594955,   35.300450,       -0.44,
 139.599459,   35.300450,       -0.25,
 139.603964,   35.300450,       -0.07,
 139.608468,   35.300450,        0.08,
 139.612973,   35.300450,        0.22,
 139.617477,   35.300450,        0.33,
 139.621982,   35.300450,        0.42,
 139.626486,   35.300450,        0.48,
 139.630991,   35.300450,        0.50,
 139.635495,   35.300450,        0.49,
 139.640000,   35.300450,        0.44,
 139.644505,   35.300450,        0.39,
 139.649009,   35.300450,        0.36,
 139.653514,   35.300450,        0.32,
 139.658018,   35.300450,        0.31,
 139.662523,   35.300450,        0.28,
 139.667027,   35.300450,        0.54,
 139.671532,   35.300450,        0.81,
 139.676036,   35.300450,        1.01,
 139.680541,   35.300450,        1.10,
 139.685045,   35.300450,        0.86,
 139.689550,   35.300450,        0.61,
 139.694054,   35.300450,        0.42,
 139.698559,   35.300450,        0.21,
 139.703063,   35.300450,        0.04,
 139.707568,   35.300450,       -0.12,
 139.712072,   35.300450,       -0.26,
 139.716577,   35.300450,       -0.39,
 139.721081,   35.300450,       -0.49,
 139.725586,   35.300450,       -0.56,
 139.730090,   35.300450,       -0.63,
 139.734595,   35.300450,       -0.70,
 139.739099,   35.300450,       -0.75,
 139.743604,   35.300450,       -0.71,
 139.748108,   35.300450,       -0.70,
 139.752613,   35.300450,       -0.69,
 139.757117,   35.300450,       -0.69,
 139.761622,   35.300450,       -0.73,
 139.766126,   35.300450,       -0.76,
 139.770631,   35.300450,       -0.79,
 139.775135,   35.300450,       -0.79,
 139.779640,   35.300450,       -0.78,
 139.784144,   35.300450,       -0.73,
 139.788649,   35.300450,       -0.70,
 139.793153,   35.300450,       -0.68,
 139.797658,   35.300450,       -0.65,
 139.802162,   35.300450,       -0.62,
 139.806667,   35.300450,       -0.55,
 139.811171,   35.300450,       -0.48,
 139.815676,   35.300450,       -0.40,
 139.820180,   35.300450,       -0.23,
 139.824685,   35.300450,       -0.02,
 139.829189,   35.300450,        0.18,
 139.833694,   35.300450,        0.30,
 139.838198,   35.300450,        0.31,
 139.842703,   35.300450,        0.26,
 139.847207,   35.300450,        0.27,
 139.851712,   35.300450,        0.31,
 139.856216,   35.300450,        0.27,
 139.860721,   35.300450,        0.21,
 139.865225,   35.300450,        0.10,
 139.869730,   35.300450,       -0.04,
 139.874234,   35.300450,       -0.23,
 139.878739,   35.300450,       -0.46,
 139.883243,   35.300450,       -0.71,
 139.887748,   35.300450,       -0.98,
 139.892252,   35.300450,       -1.26,
 139.896757,   35.300450,       -1.54,
 139.901261,   35.300450,       -1.81,
 139.905766,   35.300450,       -2.06,
 139.910270,   35.300450,       -2.31,
 139.914775,   35.300450,       -2.55,
 139.919279,   35.300450,       -2.79,
 139.923784,   35.300450,       -3.02,
 139.928288,   35.300450,       -3.25,
 139.932793,   35.300450,       -3.48,
 139.937297,   35.300450,       -3.71,
 139.941802,   35.300450,       -3.94,
 139.946306,   35.300450,       -4.16,
 139.950811,   35.300450,       -4.39,
 139.955315,   35.300450,       -4.61,
 139.959820,   35.300450,       -4.83,
 139.964324,   35.300450,       -5.05,
 139.968829,   35.300450,       -5.26,
 139.973333,   35.300450,       -5.47,
 139.977838,   35.300450,       -5.67,
 139.982342,   35.300450,       -5.87,
 139.986847,   35.300450,       -6.07,
 139.991351,   35.300450,       -6.26,
 139.995856,   35.300450,       -6.45,
 140.000360,   35.300450,       -6.64,
 140.004865,   35.300450,       -6.82,
 140.009369,   35.300450,       -7.00,
 140.013874,   35.300450,       -7.18,
 140.018378,   35.300450,       -7.35,
 140.022883,   35.300450,       -7.51,
 140.027387,   35.300450,       -7.67,
 140.031892,   35.300450,       -7.83,
 140.036396,   35.300450,       -7.99,
 140.040901,   35.300450,       -8.14,
 140.045405,   35.300450,       -8.29,
 140.049910,   35.300450,       -8.43,
 140.054414,   35.300450,       -8.57,
 140.058919,   35.300450,       -8.71,
 140.063423,   35.300450,       -8.84,
 140.067928,   35.300450,       -8.98,
 140.072432,   35.300450,       -9.11,
 140.076937,   35.300450,       -9.23,
 140.081441,   35.300450,       -9.35,
 140.085946,   35.300450,       -9.47,
 140.090450,   35.300450,       -9.59,
 140.094955,   35.300450,       -9.70,
 140.099459,   35.300450,       -9.81,
 140.103964,   35.300450,       -9.92,
 140.108468,   35.300450,      -10.03,
 140.112973,   35.300450,      -10.13,
 140.117477,   35.300450,      -10.23,
 140.121982,   35.300450,      -10.32,
 140.126486,   35.300450,      -10.41,
 140.130991,   35.300450,      -10.50,
 140.135495,   35.300450,      -10.59,
 140.140000,   35.300450,      -10.67,
 140.144505,   35.300450,      -10.75,
 140.149009,   35.300450,      -10.83,
 140.153514,   35.300450,      -10.91,
 140.158018,   35.300450,      -10.98,
 140.162523,   35.300450,      -11.05,
 140.167027,   35.300450,      -11.11,
 140.171532,   35.300450,      -11.18,
 140.176036,   35.300450,      -11.24,
 140.180541,   35.300450,      -11.30,
 140.185045,   35.300450,      -11.35,
 140.189550,   35.300450,      -11.40,
 140.194054,   35.300450,      -11.44,
 140.198559,   35.300450,      -11.49,
 140.203063,   35.300450,      -11.53,
 140.207568,   35.300450,      -11.56,
 140.212072,   35.300450,      -11.60,
 140.216577,   35.300450,      -11.63,
 140.221081,   35.300450,      -11.66,
 140.225586,   35.300450,      -11.69,
 140.230090,   35.300450,      -11.72,
 140.234595,   35.300450,      -11.74,
 140.239099,   35.300450,      -11.76,
 140.243604,   35.300450,      -11.79,
 140.248108,   35.300450,      -11.81,
 140.252613,   35.300450,      -11.83,
 140.257117,   35.300450,      -11.84,
 140.261622,   35.300450,      -11.86,
 140.266126,   35.300450,      -11.88,
 140.270631,   35.300450,      -11.89,
 140.275135,   35.300450,      -11.90,
 140.279640,   35.300450,      -11.91,
 140.284144,   35.300450,      -11.92,
 140.288649,   35.300450,      -11.93,
 140.293153,   35.300450,      -11.94,
 140.297658,   35.300450,      -11.95,
 140.302162,   35.300450,      -11.96,
 140.306667,   35.300450,      -11.97,
 140.311171,   35.300450,      -11.97,
 140.315676,   35.300450,      -12.01,
 140.320180,   35.300450,      -12.08,
 140.324685,   35.300450,      -12.14,
 140.329189,   35.300450,      -12.21,
 140.333694,   35.300450,      -12.27,
 140.338198,   35.300450,      -12.34,
 140.342703,   35.300450,      -12.41,
 140.347207,   35.300450,      -12.48,
 140.351712,   35.300450,      -12.55,
 140.356216,   35.300450,      -12.62,
 140.360721,   35.300450,      -12.70,
 140.365225,   35.300450,      -12.77,
 140.369730,   35.300450,      -12.84,
 140.374234,   35.300450,      -12.92,
 140.378739,   35.300450,      -13.00,
 140.383243,   35.300450,      -13.08,
 140.387748,   35.300450,      -13.16,
 139.140000,   35.304955,        0.15,
 139.144505,   35.304955,       -0.15,
 139.149009,   35.304955,       -0.45,
 139.153514,   35.304955,       -0.75,
 139.158018,   35.304955,       -1.04,
 139.162523,   35.304955,       -1.33,
 139.167027,   35.304955,       -1.61,
 139.171532,   35.304955,       -1.88,
 139.176036,   35.304955,       -2.15,
 139.180541,   35.304955,       -2.42,
 139.185045,   35.304955,       -2.68,
 139.189550,   35.304955,       -2.93,
 139.194054,   35.304955,       -3.18,
 139.198559,   35.304955,       -3.43,
 139.203063,   35.304955,       -3.67,
 139.207568,   35.304955,       -3.90,
 139.212072,   35.304955,       -4.13,
 139.216577,   35.304955,       -4.35,
 139.221081,   35.304955,       -4.57,
 139.225586,   35.304955,       -4.78,
 139.230090,   35.304955,       -4.99,
 139.234595,   35.304955,       -5.19,
 139.239099,   35.304955,       -5.39,
 139.243604,   35.304955,       -7.27,
 139.248108,   35.304955,       -8.40,
 139.252613,   35.304955,       -8.41,
 139.257117,   35.304955,       -8.42,
 139.261622,   35.304955,       -8.44,
 139.266126,   35.304955,       -8.45,
 139.270631,   35.304955,       -8.45,
 139.275135,   35.304955,       -8.31,
 139.279640,   35.304955,       -8.08,
 139.284144,   35.304955,       -7.82,
 139.288649,   35.304955,       -7.46,
 139.293153,   35.304955,       -7.14,
 139.297658,   35.304955,       -7.08,
 139.302162,   35.304955,       -7.01,
 139.306667,   35.304955,       -6.96,
 139.311171,   35.304955,       -6.97,
 139.315676,   35.304955,       -7.04,
 139.320180,   35.304955,       -7.18,
 139.324685,   35.304955,       -7.34,
 139.329189,   35.304955,       -7.58,
 139.333694,   35.304955,       -7.87,
 139.338198,   35.304955,       -8.12,
 139.342703,   35.304955,       -8.44,
 139.347207,   35.304955,       -8.79,
 139.351712,   35.304955,       -8.91,
 139.356216,   35.304955,       -8.38,
 139.360721,   35.304955,       -7.73,
 139.365225,   35.304955,       -7.53,
 139.369730,   35.304955,       -7.37,
 139.374234,   35.304955,       -7.12,
 139.378739,   35.304955,       -6.83,
 139.383243,   35.304955,       -6.56,
 139.387748,   35.304955,       -6.28,
 139.392252,   35.304955,       -5.84,
 139.396757,   35.304955,       -5.35,
 139.401261,   35.304955,       -5.03,
 139.405766,   35.304955,       -4.82,
 139.410270,   35.304955,       -4.56,
 139.414775,   35.304955,       -4.32,
 139.419279,   35.304955,       -4.11,
 139.423784,   35.304955,       -3.89,
 139.428288,   35.304955,       -3.63,
 139.432793,   35.304955,       -3.33,
 139.437297,   35.304955,       -3.02,
 139.441802,   35.304955,       -2.77,
 139.446306,   35.304955,       -2.64,
 139.450811,   35.304955,       -2.49,
 139.455315,   35.304955,       -2.34,
 139.459820,   35.304955,       -2.20,
 139.464324,   35.304955,       -1.99,
 139.468829,   35.304955,       -1.76,
 139.473333,   35.304955,       -1.53,
 139.477838,   35.304955,       -1.35,
 139.482342,   35.304955,       -1.40,
 139.486847,   35.304955,       -1.47,
 139.491351,   35.304955,       -1.54,
 139.495856,   35.304955,       -1.59,
 139.500360,   35.304955,       -1.63,
 139.504865,   35.304955,       -1.69,
 139.509369,   35.304955,       -1.77,
 139.513874,   35.304955,       -1.86,
 139.518378,   35.304955,       -1.97,
 139.522883,   35.304955,       -2.08,
 139.527387,   35.304955,       -2.15,
 139.531892,   35.304955,       -2.12,
 139.536396,   35.304955,       -2.08,
 139.540901,   35.304955,       -2.03,
 139.545405,   35.304955,       -2.08,
 139.549910,   35.304955,       -2.15,
 139.554414,   35.304955,       -2.04,
 139.558919,   35.304955,       -1.91,
 139.563423,   35.304955,       -1.78,
 139.567928,   35.304955,       -1.64,
 139.572432,   35.304955,       -1.50,
 139.576937,   35.304955,       -1.34,
 139.581441,   35.304955,       -1.17,
 139.585946,   35.304955,       -0.99,
 139.590450,   35.304955,       -0.80,
 139.594955,   35.304955,       -0.62,
 139.599459,   35.304955,       -0.45,
 139.603964,   35.304955,       -0.29,
 139.608468,   35.304955,       -0.14,
 139.612973,   35.304955,       -0.01,
 139.617477,   35.304955,        0.11,
 139.621982,   35.304955,        0.20,
 139.626486,   35.304955,        0.27,
 139.630991,   35.304955,        0.31,
 139.635495,   35.304955,        0.33,
 139.640000,   35.304955,        0.35,
 139.644505,   35.304955,        0.43,
 139.649009,   35.304955,        0.41,
 139.653514,   35.304955,        0.40,
 139.658018,   35.304955,        0.41,
 139.662523,   35.304955,        0.45,
 139.667027,   35.304955,        0.70,
 139.671532,   35.304955,        0.94,
 139.676036,   35.304955,        1.00,
 139.680541,   35.304955,        1.05,
 139.685045,   35.304955,        0.87,
 139.689550,   35.304955,        0.63,
 139.694054,   35.304955,        0.37,
 139.698559,   35.304955,        0.15,
 139.703063,   35.304955,       -0.06,
 139.707568,   35.304955,       -0.23,
 139.712072,   35.304955,       -0.38,
 139.716577,   35.304955,       -0.50,
 139.721081,   35.304955,       -0.60,
 139.725586,   35.304955,       -0.68,
 139.730090,   35.304955,       -0.73,
 139.734595,   35.304955,       -0.77,
 139.739099,   35.304955,       -0.77,
 139.743604,   35.304955,       -0.67,
 139.748108,   35.304955,       -0.60,
 139.752613,   35.304955,       -0.58,
 139.757117,   35.304955,       -0.60,
 139.761622,   35.304955,       -0.66,
 139.766126,   35.304955,       -0.70,
 139.770631,   35.304955,       -0.74,
 139.775135,   35.304955,       -0.71,
 139.779640,   35.304955,       -0.66,
 139.784144,   35.304955,       -0.61,
 139.788649,   35.304955,       -0.56,
 139.793153,   35.304955,       -0.53,
 139.797658,   35.304955,       -0.50,
 139.802162,   35.304955,       -0.46,
 139.806667,   35.304955,       -0.39,
 139.811171,   35.304955,       -0.27,
 139.815676,   35.304955,       -0.14,
 139.820180,   35.304955,        0.01,
 139.824685,   35.304955,        0.08,
 139.829189,   35.304955,        0.23,
 139.833694,   35.304955,        0.23,
 139.838198,   35.304955,        0.22,
 139.842703,   35.304955,        0.21,
 139.847207,   35.304955,        0.25,
 139.851712,   35.304955,        0.31,
 139.856216,   35.304955,        0.29,
 139.860721,   35.304955,        0.24,
 139.865225,   35.304955,        0.14,
 139.869730,   35.304955,        0.01,
 139.874234,   35.304955,       -0.16,
 139.878739,   35.304955,       -0.38,
 139.883243,   35.304955,       -0.62,
 139.887748,   35.304955,       -0.89,
 139.892252,   35.304955,       -1.16,
 139.896757,   35.304955,       -1.44,
 139.901261,   35.304955,       -1.70,
 139.905766,   35.304955,       -1.95,
 139.910270,   35.304955,       -2.20,
 139.914775,   35.304955,       -2.43,
 139.919279,   35.304955,       -2.67,
 139.923784,   35.304955,       -2.90,
 139.928288,   35.304955,       -3.12,
 139.932793,   35.304955,       -3.35,
 139.937297,   35.304955,       -3.57,
 139.941802,   35.304955,       -3.80,
 139.946306,   35.304955,       -4.02,
 139.950811,   35.304955,       -4.24,
 139.955315,   35.304955,       -4.46,
 139.959820,   35.304955,       -4.68,
 139.964324,   35.304955,       -4.89,
 139.968829,   35.304955,       -5.10,
 139.973333,   35.304955,       -5.30,
 139.977838,   35.304955,       -5.50,
 139.982342,   35.304955,       -5.70,
 139.986847,   35.304955,       -5.90,
 139.991351,   35.304955,       -6.09,
 139.995856,   35.304955,       -6.27,
 140.000360,   35.304955,       -6.46,
 140.004865,   35.304955,       -6.64,
 140.009369,   35.304955,       -6.81,
 140.013874,   35.304955,       -6.99,
 140.018378,   35.304955,       -7.15,
 140.022883,   35.304955,       -7.32,
 140.027387,   35.304955,       -7.48,
 140.031892,   35.304955,       -7.63,
 140.036396,   35.304955,       -7.78,
 140.040901,   35.304955,       -7.93,
 140.045405,   35.304955,       -8.08,
 140.049910,   35.304955,       -8.22,
 140.054414,   35.304955,       -8.36,
 140.058919,   35.304955,       -8.50,
 140.063423,   35.304955,       -8.63,
 140.067928,   35.304955,       -8.76,
 140.072432,   35.304955,       -8.89,
 140.076937,   35.304955,       -9.01,
 140.081441,   35.304955,       -9.13,
 140.085946,   35.304955,       -9.25,
 140.090450,   35.304955,       -9.37,
 140.094955,   35.304955,       -9.48,
 140.099459,   35.304955,       -9.59,
 140.103964,   35.304955,       -9.69,
 140.108468,   35.304955,       -9.80,
 140.112973,   35.304955,       -9.90,
 140.117477,   35.304955,      -10.00,
 140.121982,   35.304955,      -10.09,
 140.126486,   35.304955,      -10.18,
 140.130991,   35.304955,      -10.27,
 140.135495,   35.304955,      -10.36,
 140.140000,   35.304955,      -10.44,
 140.144505,   35.304955,      -10.52,
 140.149009,   35.304955,      -10.60,
 140.153514,   35.304955,      -10.67,
 140.158018,   35.304955,      -10.74,
 140.162523,   35.304955,      -10.81,
 140.167027,   35.304955,      -10.88,
 140.171532,   35.304955,      -10.94,
 140.176036,   35.304955,      -11.00,
 140.180541,   35.304955,      -11.06,
 140.185045,   35.304955,      -11.11,
 140.189550,   35.304955,      -11.16,
 140.194054,   35.304955,      -11.20,
 140.198559,   35.304955,      -11.25,
 140.203063,   35.304955,      -11.28,
 140.207568,   35.304955,      -11.32,
 140.212072,   35.304955,      -11.35,
 140.216577,   35.304955,      -11.39,
 140.221081,   35.304955,      -11.42,
 140.225586,   35.304955,      -11.44,
 140.230090,   35.304955,      -11.47,
 140.234595,   35.304955,      -11.50,
 140.239099,   35.304955,      -11.52,
 140.243604,   35.304955,      -11.54,
 140.248108,   35.304955,      -11.56,
 140.252613,   35.304955,      -11.58,
 140.257117,   35.304955,      -11.60,
 140.261622,   35.304955,      -11.62,
 140.266126,   35.304955,      -11.63,
 140.270631,   35.304955,      -11.65,
 140.275135,   35.304955,      -11.66,
 140.279640,   35.304955,      -11.67,
 140.284144,   35.304955,      -11.68,
 140.288649,   35.304955,      -11.69,
 140.293153,   35.304955,      -11.70,
 140.297658,   35.304955,      -11.71,
 140.302162,   35.304955,      -11.72,
 140.306667,   35.304955,      -11.73,
 140.311171,   35.304955,      -11.75,
 140.315676,   35.304955,      -11.81,
 140.320180,   35.304955,      -11.87,
 140.324685,   35.304955,      -11.94,
 140.329189,   35.304955,      -12.00,
 140.333694,   35.304955,      -12.07,
 140.338198,   35.304955,      -12.14,
 140.342703,   35.304955,      -12.20,
 140.347207,   35.304955,      -12.27,
 140.351712,   35.304955,      -12.34,
 140.356216,   35.304955,      -12.42,
 140.360721,   35.304955,      -12.49,
 140.365225,   35.304955,      -12.56,
 140.369730,   35.304955,      -12.64,
 140.374234,   35.304955,      -12.71,
 140.378739,   35.304955,      -12.79,
 140.383243,   35.304955,      -12.87,
 140.387748,   35.304955,      -12.95,
 139.140000,   35.309459,        0.56,
 139.144505,   35.309459,        0.25,
 139.149009,   35.309459,       -0.05,
 139.153514,   35.309459,       -0.35,
 139.158018,   35.309459,       -0.64,
 139.162523,   35.309459,       -0.93,
 139.167027,   35.309459,       -1.21,
 139.171532,   35.309459,       -1.49,
 139.176036,   35.309459,       -1.76,
 139.180541,   35.309459,       -2.03,
 139.185045,   35.309459,       -2.29,
 139.189550,   35.309459,       -2.55,
 139.194054,   35.309459,       -2.80,
 139.198559,   35.309459,       -3.05,
 139.203063,   35.309459,       -3.29,
 139.207568,   35.309459,       -3.52,
 139.212072,   35.309459,       -3.75,
 139.216577,   35.309459,       -3.98,
 139.221081,   35.309459,       -4.20,
 139.225586,   35.309459,       -4.41,
 139.230090,   35.309459,       -4.62,
 139.234595,   35.309459,       -4.83,
 139.239099,   35.309459,       -5.03,
 139.243604,   35.309459,       -5.22,
 139.248108,   35.309459,       -6.13,
 139.252613,   35.309459,       -7.98,
 139.257117,   35.309459,       -8.28,
 139.261622,   35.309459,       -8.27,
 139.266126,   35.309459,       -8.26,
 139.270631,   35.309459,       -8.25,
 139.275135,   35.309459,       -8.24,
 139.279640,   35.309459,       -8.21,
 139.284144,   35.309459,       -8.11,
 139.288649,   35.309459,       -7.90,
 139.293153,   35.309459,       -7.67,
 139.297658,   35.309459,       -7.44,
 139.302162,   35.309459,       -7.22,
 139.306667,   35.309459,       -6.98,
 139.311171,   35.309459,       -6.70,
 139.315676,   35.309459,       -6.81,
 139.320180,   35.309459,       -6.93,
 139.324685,   35.309459,       -7.01,
 139.329189,   35.309459,       -7.11,
 139.333694,   35.309459,       -7.41,
 139.338198,   35.309459,       -7.94,
 139.342703,   35.309459,       -8.44,
 139.347207,   35.309459,       -8.84,
 139.351712,   35.309459,       -8.87,
 139.356216,   35.309459,       -7.98,
 139.360721,   35.309459,       -7.21,
 139.365225,   35.309459,       -6.78,
 139.369730,   35.309459,       -6.65,
 139.374234,   35.309459,       -6.37,
 139.378739,   35.309459,       -6.06,
 139.383243,   35.309459,       -5.70,
 139.387748,   35.309459,       -5.30,
 139.392252,   35.309459,       -4.83,
 139.396757,   35.309459,       -4.59,
 139.401261,   35.309459,       -4.43,
 139.405766,   35.309459,       -4.21,
 139.410270,   35.309459,       -3.99,
 139.414775,   35.309459,       -3.78,
 139.419279,   35.309459,       -3.56,
 139.423784,   35.309459,       -3.32,
 139.428288,   35.309459,       -3.08,
 139.432793,   35.309459,       -2.79,
 139.437297,   35.309459,       -2.54,
 139.441802,   35.309459,       -2.44,
 139.446306,   35.309459,       -2.34,
 139.450811,   35.309459,       -2.21,
 139.455315,   35.309459,       -2.12,
 139.459820,   35.309459,       -1.99,
 139.464324,   35.309459,       -1.84,
 139.468829,   35.309459,       -1.65,
 139.473333,   35.309459,       -1.42,
 139.477838,   35.309459,       -1.26,
 139.482342,   35.309459,       -1.32,
 139.486847,   35.309459,       -1.39,
 139.491351,   35.309459,       -1.51,
 139.495856,   35.309459,       -1.65,
 139.500360,   35.309459,       -1.78,
 139.504865,   35.309459,       -1.85,
 139.509369,   35.309459,       -1.92,
 139.513874,   35.309459,       -1.99,
 139.518378,   35.309459,       -2.06,
 139.522883,   35.309459,       -2.14,
 139.527387,   35.309459,       -2.22,
 139.531892,   35.309459,       -2.28,
 139.536396,   35.309459,       -2.25,
 139.540901,   35.309459,       -2.21,
 139.545405,   35.309459,       -2.18,
 139.549910,   35.309459,       -2.13,
 139.554414,   35.309459,       -1.99,
 139.558919,   35.309459,       -1.85,
 139.563423,   35.309459,       -1.70,
 139.567928,   35.309459,       -1.57,
 139.572432,   35.309459,       -1.44,
 139.576937,   35.309459,       -1.31,
 139.581441,   35.309459,       -1.17,
 139.585946,   35.309459,       -1.02,
 139.590450,   35.309459,       -0.88,
 139.594955,   35.309459,       -0.73,
 139.599459,   35.309459,       -0.59,
 139.603964,   35.309459,       -0.45,
 139.608468,   35.309459,       -0.31,
 139.612973,   35.309459,       -0.18,
 139.617477,   35.309459,       -0.07,
 139.621982,   35.309459,        0.03,
 139.626486,   35.309459,        0.11,
 139.630991,   35.309459,        0.18,
 139.635495,   35.309459,        0.25,
 139.640000,   35.309459,        0.37,
 139.644505,   35.309459,        0.52,
 139.649009,   35.309459,        0.50,
 139.653514,   35.309459,        0.50,
 139.658018,   35.309459,        0.55,
 139.662523,   35.309459,        0.60,
 139.667027,   35.309459,        0.75,
 139.671532,   35.309459,        0.83,
 139.676036,   35.309459,        0.91,
 139.680541,   35.309459,        0.92,
 139.685045,   35.309459,        0.76,
 139.689550,   35.309459,        0.54,
 139.694054,   35.309459,        0.26,
 139.698559,   35.309459,        0.02,
 139.703063,   35.309459,       -0.18,
 139.707568,   35.309459,       -0.37,
 139.712072,   35.309459,       -0.50,
 139.716577,   35.309459,       -0.63,
 139.721081,   35.309459,       -0.73,
 139.725586,   35.309459,       -0.79,
 139.730090,   35.309459,       -0.82,
 139.734595,   35.309459,       -0.77,
 139.739099,   35.309459,       -0.69,
 139.743604,   35.309459,       -0.57,
 139.748108,   35.309459,       -0.49,
 139.752613,   35.309459,       -0.49,
 139.757117,   35.309459,       -0.53,
 139.761622,   35.309459,       -0.59,
 139.766126,   35.309459,       -0.64,
 139.770631,   35.309459,       -0.66,
 139.775135,   35.309459,       -0.60,
 139.779640,   35.309459,       -0.53,
 139.784144,   35.309459,       -0.49,
 139.788649,   35.309459,       -0.48,
 139.793153,   35.309459,       -0.43,
 139.797658,   35.309459,       -0.36,
 139.802162,   35.309459,       -0.38,
 139.806667,   35.309459,       -0.41,
 139.811171,   35.309459,       -0.28,
 139.815676,   35.309459,       -0.07,
 139.820180,   35.309459,       -0.26,
 139.824685,   35.309459,       -0.17,
 139.829189,   35.309459,       -0.02,
 139.833694,   35.309459,        0.06,
 139.838198,   35.309459,        0.12,
 139.842703,   35.309459,        0.17,
 139.847207,   35.309459,        0.24,
 139.851712,   35.309459,        0.31,
 139.856216,   35.309459,        0.31,
 139.860721,   35.309459,        0.28,
 139.865225,   35.309459,        0.19,
 139.869730,   35.309459,        0.07,
 139.874234,   35.309459,       -0.09,
 139.878739,   35.309459,       -0.30,
 139.883243,   35.309459,       -0.53,
 139.887748,   35.309459,       -0.79,
 139.892252,   35.309459,       -1.06,
 139.896757,   35.309459,       -1.34,
 139.901261,   35.309459,       -1.60,
 139.905766,   35.309459,       -1.85,
 139.910270,   35.309459,       -2.08,
 139.914775,   35.309459,       -2.32,
 139.919279,   35.309459,       -2.55,
 139.923784,   35.309459,       -2.77,
 139.928288,   35.309459,       -2.99,
 139.932793,   35.309459,       -3.22,
 139.937297,   35.309459,       -3.44,
 139.941802,   35.309459,       -3.65,
 139.946306,   35.309459,       -3.87,
 139.950811,   35.309459,       -4.09,
 139.955315,   35.309459,       -4.31,
 139.959820,   35.309459,       -4.52,
 139.964324,   35.309459,       -4.73,
 139.968829,   35.309459,       -4.94,
 139.973333,   35.309459,       -5.14,
 139.977838,   35.309459,       -5.34,
 139.982342,   35.309459,       -5.53,
 139.986847,   35.309459,       -5.72,
 139.991351,   35.309459,       -5.91,
 139.995856,   35.309459,       -6.10,
 140.000360,   35.309459,       -6.28,
 140.004865,   35.309459,       -6.45,
 140.009369,   35.309459,       -6.63,
 140.013874,   35.309459,       -6.79,
 140.018378,   35.309459,       -6.96,
 140.022883,   35.309459,       -7.12,
 140.027387,   35.309459,       -7.28,
 140.031892,   35.309459,       -7.43,
 140.036396,   35.309459,       -7.58,
 140.040901,   35.309459,       -7.73,
 140.045405,   35.309459,       -7.87,
 140.049910,   35.309459,       -8.01,
 140.054414,   35.309459,       -8.15,
 140.058919,   35.309459,       -8.29,
 140.063423,   35.309459,       -8.42,
 140.067928,   35.309459,       -8.55,
 140.072432,   35.309459,       -8.67,
 140.076937,   35.309459,       -8.80,
 140.081441,   35.309459,       -8.92,
 140.085946,   35.309459,       -9.03,
 140.090450,   35.309459,       -9.15,
 140.094955,   35.309459,       -9.26,
 140.099459,   35.309459,       -9.36,
 140.103964,   35.309459,       -9.47,
 140.108468,   35.309459,       -9.57,
 140.112973,   35.309459,       -9.67,
 140.117477,   35.309459,       -9.77,
 140.121982,   35.309459,       -9.86,
 140.126486,   35.309459,       -9.95,
 140.130991,   35.309459,      -10.04,
 140.135495,   35.309459,      -10.12,
 140.140000,   35.309459,      -10.21,
 140.144505,   35.309459,      -10.28,
 140.149009,   35.309459,      -10.36,
 140.153514,   35.309459,      -10.44,
 140.158018,   35.309459,      -10.51,
 140.162523,   35.309459,      -10.58,
 140.167027,   35.309459,      -10.64,
 140.171532,   35.309459,      -10.70,
 140.176036,   35.309459,      -10.76,
 140.180541,   35.309459,      -10.82,
 140.185045,   35.309459,      -10.87,
 140.189550,   35.309459,      -10.92,
 140.194054,   35.309459,      -10.96,
 140.198559,   35.309459,      -11.00,
 140.203063,   35.309459,      -11.04,
 140.207568,   35.309459,      -11.08,
 140.212072,   35.309459,      -11.11,
 140.216577,   35.309459,      -11.14,
 140.221081,   35.309459,      -11.17,
 140.225586,   35.309459,      -11.20,
 140.230090,   35.309459,      -11.23,
 140.234595,   35.309459,      -11.25,
 140.239099,   35.309459,      -11.28,
 140.243604,   35.309459,      -11.30,
 140.248108,   35.309459,      -11.32,
 140.252613,   35.309459,      -11.34,
 140.257117,   35.309459,      -11.36,
 140.261622,   35.309459,      -11.38,
 140.266126,   35.309459,      -11.39,
 140.270631,   35.309459,      -11.41,
 140.275135,   35.309459,      -11.42,
 140.279640,   35.309459,      -11.43,
 140.284144,   35.309459,      -11.44,
 140.288649,   35.309459,      -11.45,
 140.293153,   35.309459,      -11.46,
 140.297658,   35.309459,      -11.47,
 140.302162,   35.309459,      -11.48,
 140.306667,   35.309459,      -11.49,
 140.311171,   35.309459,      -11.55,
 140.315676,   35.309459,      -11.61,
 140.320180,   35.309459,      -11.67,
 140.324685,   35.309459,      -11.73,
 140.329189,   35.309459,      -11.80,
 140.333694,   35.309459,      -11.86,
 140.338198,   35.309459,      -11.93,
 140.342703,   35.309459,      -12.00,
 140.347207,   35.309459,      -12.07,
 140.351712,   35.309459,      -12.14,
 140.356216,   35.309459,      -12.21,
 140.360721,   35.309459,      -12.28,
 140.365225,   35.309459,      -12.36,
 140.369730,   35.309459,      -12.43,
 140.374234,   35.309459,      -12.51,
 140.378739,   35.309459,      -12.58,
 140.383243,   35.309459,      -12.66,
 140.387748,   35.309459,      -12.74,
 139.140000,   35.313964,        0.97,
 139.144505,   35.313964,        0.66,
 139.149009,   35.313964,        0.35,
 139.153514,   35.313964,        0.05,
 139.158018,   35.313964,       -0.25,
 139.162523,   35.313964,       -0.54,
 139.167027,   35.313964,       -0.82,
 139.171532,   35.313964,       -1.10,
 139.176036,   35.313964,       -1.38,
 139.180541,   35.313964,       -1.65,
 139.185045,   35.313964,       -1.91,
 139.189550,   35.313964,       -2.17,
 139.194054,   35.313964,       -2.42,
 139.198559,   35.313964,       -2.67,
 139.203063,   35.313964,       -2.91,
 139.207568,   35.313964,       -3.15,
 139.212072,   35.313964,       -3.39,
 139.216577,   35.313964,       -3.61,
 139.221081,   35.313964,       -3.84,
 139.225586,   35.313964,       -4.05,
 139.230090,   35.313964,       -4.26,
 139.234595,   35.313964,       -4.47,
 139.239099,   35.313964,       -4.67,
 139.243604,   35.313964,       -4.87,
 139.248108,   35.313964,       -5.06,
 139.252613,   35.313964,       -5.25,
 139.257117,   35.313964,       -6.90,
 139.261622,   35.313964,       -8.16,
 139.266126,   35.313964,       -8.14,
 139.270631,   35.313964,       -8.13,
 139.275135,   35.313964,       -8.11,
 139.279640,   35.313964,       -8.08,
 139.284144,   35.313964,       -8.06,
 139.288649,   35.313964,       -8.02,
 139.293153,   35.313964,       -7.94,
 139.297658,   35.313964,       -7.78,
 139.302162,   35.313964,       -7.59,
 139.306667,   35.313964,       -7.39,
 139.311171,   35.313964,       -7.19,
 139.315676,   35.313964,       -6.96,
 139.320180,   35.313964,       -6.70,
 139.324685,   35.313964,       -6.55,
 139.329189,   35.313964,       -6.54,
 139.333694,   35.313964,       -6.90,
 139.338198,   35.313964,       -7.64,
 139.342703,   35.313964,       -8.31,
 139.347207,   35.313964,       -8.52,
 139.351712,   35.313964,       -7.98,
 139.356216,   35.313964,       -7.24,
 139.360721,   35.313964,       -6.59,
 139.365225,   35.313964,       -6.59,
 139.369730,   35.313964,       -6.48,
 139.374234,   35.313964,       -6.09,
 139.378739,   35.313964,       -5.37,
 139.383243,   35.313964,       -4.81,
 139.387748,   35.313964,       -4.42,
 139.392252,   35.313964,       -4.23,
 139.396757,   35.313964,       -4.21,
 139.401261,   35.313964,       -4.06,
 139.405766,   35.313964,       -3.79,
 139.410270,   35.313964,       -3.53,
 139.414775,   35.313964,       -3.32,
 139.419279,   35.313964,       -3.07,
 139.423784,   35.313964,       -2.84,
 139.428288,   35.313964,       -2.59,
 139.432793,   35.313964,       -2.30,
 139.437297,   35.313964,       -2.23,
 139.441802,   35.313964,       -2.19,
 139.446306,   35.313964,       -2.09,
 139.450811,   35.313964,       -2.02,
 139.455315,   35.313964,       -1.96,
 139.459820,   35.313964,       -1.87,
 139.464324,   35.313964,       -1.74,
 139.468829,   35.313964,       -1.58,
 139.473333,   35.313964,       -1.38,
 139.477838,   35.313964,       -1.36,
 139.482342,   35.313964,       -1.46,
 139.486847,   35.313964,       -1.54,
 139.491351,   35.313964,       -1.59,
 139.495856,   35.313964,       -1.64,
 139.500360,   35.313964,       -1.69,
 139.504865,   35.313964,       -1.74,
 139.509369,   35.313964,       -1.79,
 139.513874,   35.313964,       -1.84,
 139.518378,   35.313964,       -1.90,
 139.522883,   35.313964,       -1.96,
 139.527387,   35.313964,       -2.03,
 139.531892,   35.313964,       -2.09,
 139.536396,   35.313964,       -2.12,
 139.540901,   35.313964,       -2.11,
 139.545405,   35.313964,       -2.03,
 139.549910,   35.313964,       -1.91,
 139.554414,   35.313964,       -1.79,
 139.558919,   35.313964,       -1.67,
 139.563423,   35.313964,       -1.55,
 139.567928,   35.313964,       -1.43,
 139.572432,   35.313964,       -1.31,
 139.576937,   35.313964,       -1.20,
 139.581441,   35.313964,       -1.08,
 139.585946,   35.313964,       -0.97,
 139.590450,   35.313964,       -0.85,
 139.594955,   35.313964,       -0.74,
 139.599459,   35.313964,       -0.63,
 139.603964,   35.313964,       -0.52,
 139.608468,   35.313964,       -0.42,
 139.612973,   35.313964,       -0.30,
 139.617477,   35.313964,       -0.19,
 139.621982,   35.313964,       -0.08,
 139.626486,   35.313964,        0.02,
 139.630991,   35.313964,        0.12,
 139.635495,   35.313964,        0.24,
 139.640000,   35.313964,        0.39,
 139.644505,   35.313964,        0.61,
 139.649009,   35.313964,        0.62,
 139.653514,   35.313964,        0.66,
 139.658018,   35.313964,        0.71,
 139.662523,   35.313964,        0.76,
 139.667027,   35.313964,        0.80,
 139.671532,   35.313964,        0.82,
 139.676036,   35.313964,        0.80,
 139.680541,   35.313964,        0.79,
 139.685045,   35.313964,        0.60,
 139.689550,   35.313964,        0.37,
 139.694054,   35.313964,        0.08,
 139.698559,   35.313964,       -0.16,
 139.703063,   35.313964,       -0.35,
 139.707568,   35.313964,       -0.52,
 139.712072,   35.313964,       -0.64,
 139.716577,   35.313964,       -0.75,
 139.721081,   35.313964,       -0.84,
 139.725586,   35.313964,       -0.85,
 139.730090,   35.313964,       -0.82,
 139.734595,   35.313964,       -0.73,
 139.739099,   35.313964,       -0.61,
 139.743604,   35.313964,       -0.48,
 139.748108,   35.313964,       -0.42,
 139.752613,   35.313964,       -0.43,
 139.757117,   35.313964,       -0.47,
 139.761622,   35.313964,       -0.54,
 139.766126,   35.313964,       -0.58,
 139.770631,   35.313964,       -0.60,
 139.775135,   35.313964,       -0.57,
 139.779640,   35.313964,       -0.50,
 139.784144,   35.313964,       -0.46,
 139.788649,   35.313964,       -0.45,
 139.793153,   35.313964,       -0.40,
 139.797658,   35.313964,       -0.36,
 139.802162,   35.313964,       -0.54,
 139.806667,   35.313964,       -0.66,
 139.811171,   35.313964,       -0.68,
 139.815676,   35.313964,       -0.77,
 139.820180,   35.313964,       -0.77,
 139.824685,   35.313964,       -0.44,
 139.829189,   35.313964,       -0.21,
 139.833694,   35.313964,       -0.07,
 139.838198,   35.313964,        0.03,
 139.842703,   35.313964,        0.12,
 139.847207,   35.313964,        0.22,
 139.851712,   35.313964,        0.31,
 139.856216,   35.313964,        0.33,
 139.860721,   35.313964,        0.31,
 139.865225,   35.313964,        0.24,
 139.869730,   35.313964,        0.12,
 139.874234,   35.313964,       -0.02,
 139.878739,   35.313964,       -0.22,
 139.883243,   35.313964,       -0.45,
 139.887748,   35.313964,       -0.70,
 139.892252,   35.313964,       -0.97,
 139.896757,   35.313964,       -1.24,
 139.901261,   35.313964,       -1.50,
 139.905766,   35.313964,       -1.74,
 139.910270,   35.313964,       -1.97,
 139.914775,   35.313964,       -2.20,
 139.919279,   35.313964,       -2.42,
 139.923784,   35.313964,       -2.64,
 139.928288,   35.313964,       -2.86,
 139.932793,   35.313964,       -3.08,
 139.937297,   35.313964,       -3.30,
 139.941802,   35.313964,       -3.51,
 139.946306,   35.313964,       -3.73,
 139.950811,   35.313964,       -3.94,
 139.955315,   35.313964,       -4.16,
 139.959820,   35.313964,       -4.37,
 139.964324,   35.313964,       -4.57,
 139.968829,   35.313964,       -4.77,
 139.973333,   35.313964,       -4.97,
 139.977838,   35.313964,       -5.17,
 139.982342,   35.313964,       -5.36,
 139.986847,   35.313964,       -5.55,
 139.991351,   35.313964,       -5.73,
 139.995856,   35.313964,       -5.92,
 140.000360,   35.313964,       -6.09,
 140.004865,   35.313964,       -6.27,
 140.009369,   35.313964,       -6.44,
 140.013874,   35.313964,       -6.60,
 140.018378,   35.313964,       -6.77,
 140.022883,   35.313964,       -6.93,
 140.027387,   35.313964,       -7.08,
 140.031892,   35.313964,       -7.23,
 140.036396,   35.313964,       -7.38,
 140.040901,   35.313964,       -7.53,
 140.045405,   35.313964,       -7.67,
 140.049910,   35.313964,       -7.81,
 140.054414,   35.313964,       -7.94,
 140.058919,   35.313964,       -8.08,
 140.063423,   35.313964,       -8.21,
 140.067928,   35.313964,       -8.33,
 140.072432,   35.313964,       -8.46,
 140.076937,   35.313964,       -8.58,
 140.081441,   35.313964,       -8.70,
 140.085946,   35.313964,       -8.81,
 140.090450,   35.313964,       -8.93,
 140.094955,   35.313964,       -9.04,
 140.099459,   35.313964,       -9.14,
 140.103964,   35.313964,       -9.25,
 140.108468,   35.313964,       -9.35,
 140.112973,   35.313964,       -9.44,
 140.117477,   35.313964,       -9.54,
 140.121982,   35.313964,       -9.63,
 140.126486,   35.313964,       -9.72,
 140.130991,   35.313964,       -9.81,
 140.135495,   35.313964,       -9.89,
 140.140000,   35.313964,       -9.97,
 140.144505,   35.313964,      -10.05,
 140.149009,   35.313964,      -10.13,
 140.153514,   35.313964,      -10.20,
 140.158018,   35.313964,      -10.27,
 140.162523,   35.313964,      -10.34,
 140.167027,   35.313964,      -10.41,
 140.171532,   35.313964,      -10.47,
 140.176036,   35.313964,      -10.52,
 140.180541,   35.313964,      -10.58,
 140.185045,   35.313964,      -10.63,
 140.189550,   35.313964,      -10.68,
 140.194054,   35.313964,      -10.72,
 140.198559,   35.313964,      -10.76,
 140.203063,   35.313964,      -10.80,
 140.207568,   35.313964,      -10.84,
 140.212072,   35.313964,      -10.87,
 140.216577,   35.313964,      -10.90,
 140.221081,   35.313964,      -10.93,
 140.225586,   35.313964,      -10.96,
 140.230090,   35.313964,      -10.99,
 140.234595,   35.313964,      -11.01,
 140.239099,   35.313964,      -11.04,
 140.243604,   35.313964,      -11.06,
 140.248108,   35.313964,      -11.08,
 140.252613,   35.313964,      -11.10,
 140.257117,   35.313964,      -11.12,
 140.261622,   35.313964,      -11.14,
 140.266126,   35.313964,      -11.15,
 140.270631,   35.313964,      -11.17,
 140.275135,   35.313964,      -11.18,
 140.279640,   35.313964,      -11.19,
 140.284144,   35.313964,      -11.20,
 140.288649,   35.313964,      -11.21,
 140.293153,   35.313964,      -11.22,
 140.297658,   35.313964,      -11.23,
 140.302162,   35.313964,      -11.24,
 140.306667,   35.313964,      -11.28,
 140.311171,   35.313964,      -11.34,
 140.315676,   35.313964,      -11.40,
 140.320180,   35.313964,      -11.47,
 140.324685,   35.313964,      -11.53,
 140.329189,   35.313964,      -11.59,
 140.333694,   35.313964,      -11.66,
 140.338198,   35.313964,      -11.72,
 140.342703,   35.313964,      -11.79,
 140.347207,   35.313964,      -11.86,
 140.351712,   35.313964,      -11.93,
 140.356216,   35.313964,      -12.00,
 140.360721,   35.313964,      -12.07,
 140.365225,   35.313964,      -12.15,
 140.369730,   35.313964,      -12.22,
 140.374234,   35.313964,      -12.30,
 140.378739,   35.313964,      -12.37,
 140.383243,   35.313964,      -12.45,
 140.387748,   35.313964,      -12.53,
 139.140000,   35.318468,        1.37,
 139.144505,   35.318468,        1.05,
 139.149009,   35.318468,        0.74,
 139.153514,   35.318468,        0.44,
 139.158018,   35.318468,        0.14,
 139.162523,   35.318468,       -0.15,
 139.167027,   35.318468,       -0.44,
 139.171532,   35.318468,       -0.72,
 139.176036,   35.318468,       -1.00,
 139.180541,   35.318468,       -1.27,
 139.185045,   35.318468,       -1.53,
 139.189550,   35.318468,       -1.79,
 139.194054,   35.318468,       -2.05,
 139.198559,   35.318468,       -2.30,
 139.203063,   35.318468,       -2.55,
 139.207568,   35.318468,       -2.79,
 139.212072,   35.318468,       -3.02,
 139.216577,   35.318468,       -3.25,
 139.221081,   35.318468,       -3.48,
 139.225586,   35.318468,       -3.70,
 139.230090,   35.318468,       -3.91,
 139.234595,   35.318468,       -4.12,
 139.239099,   35.318468,       -4.32,
 139.243604,   35.318468,       -4.52,
 139.248108,   35.318468,       -4.71,
 139.252613,   35.318468,       -4.90,
 139.257117,   35.318468,       -5.08,
 139.261622,   35.318468,       -5.88,
 139.266126,   35.318468,       -7.55,
 139.270631,   35.318468,       -8.03,
 139.275135,   35.318468,       -8.01,
 139.279640,   35.318468,       -7.98,
 139.284144,   35.318468,       -7.96,
 139.288649,   35.318468,       -7.93,
 139.293153,   35.318468,       -7.89,
 139.297658,   35.318468,       -7.85,
 139.302162,   35.318468,       -7.78,
 139.306667,   35.318468,       -7.65,
 139.311171,   35.318468,       -7.49,
 139.315676,   35.318468,       -7.33,
 139.320180,   35.318468,       -7.18,
 139.324685,   35.318468,       -7.02,
 139.329189,   35.318468,       -6.86,
 139.333694,   35.318468,       -6.70,
 139.338198,   35.318468,       -6.52,
 139.342703,   35.318468,       -6.91,
 139.347207,   35.318468,       -7.98,
 139.351712,   35.318468,       -7.50,
 139.356216,   35.318468,       -6.59,
 139.360721,   35.318468,       -6.37,
 139.365225,   35.318468,       -6.61,
 139.369730,   35.318468,       -6.53,
 139.374234,   35.318468,       -5.98,
 139.378739,   35.318468,       -5.04,
 139.383243,   35.318468,       -3.96,
 139.387748,   35.318468,       -3.92,
 139.392252,   35.318468,       -3.98,
 139.396757,   35.318468,       -4.03,
 139.401261,   35.318468,       -3.89,
 139.405766,   35.318468,       -3.54,
 139.410270,   35.318468,       -3.19,
 139.414775,   35.318468,       -2.94,
 139.419279,   35.318468,       -2.70,
 139.423784,   35.318468,       -2.45,
 139.428288,   35.318468,       -2.21,
 139.432793,   35.318468,       -2.11,
 139.437297,   35.318468,       -2.08,
 139.441802,   35.318468,       -2.03,
 139.446306,   35.318468,       -1.97,
 139.450811,   35.318468,       -1.92,
 139.455315,   35.318468,       -1.87,
 139.459820,   35.318468,       -1.80,
 139.464324,   35.318468,       -1.65,
 139.468829,   35.318468,       -1.51,
 139.473333,   35.318468,       -1.49,
 139.477838,   35.318468,       -1.50,
 139.482342,   35.318468,       -1.51,
 139.486847,   35.318468,       -1.52,
 139.491351,   35.318468,       -1.53,
 139.495856,   35.318468,       -1.54,
 139.500360,   35.318468,       -1.55,
 139.504865,   35.318468,       -1.57,
 139.509369,   35.318468,       -1.58,
 139.513874,   35.318468,       -1.61,
 139.518378,   35.318468,       -1.63,
 139.522883,   35.318468,       -1.64,
 139.527387,   35.318468,       -1.66,
 139.531892,   35.318468,       -1.67,
 139.536396,   35.318468,       -1.68,
 139.540901,   35.318468,       -1.68,
 139.545405,   35.318468,       -1.66,
 139.549910,   35.318468,       -1.61,
 139.554414,   35.318468,       -1.54,
 139.558919,   35.318468,       -1.44,
 139.563423,   35.318468,       -1.34,
 139.567928,   35.318468,       -1.23,
 139.572432,   35.318468,       -1.13,
 139.576937,   35.318468,       -1.03,
 139.581441,   35.318468,       -0.93,
 139.585946,   35.318468,       -0.84,
 139.590450,   35.318468,       -0.74,
 139.594955,   35.318468,       -0.65,
 139.599459,   35.318468,       -0.57,
 139.603964,   35.318468,       -0.49,
 139.608468,   35.318468,       -0.41,
 139.612973,   35.318468,       -0.34,
 139.617477,   35.318468,       -0.25,
 139.621982,   35.318468,       -0.14,
 139.626486,   35.318468,       -0.02,
 139.630991,   35.318468,        0.11,
 139.635495,   35.318468,        0.25,
 139.640000,   35.318468,        0.41,
 139.644505,   35.318468,        0.63,
 139.649009,   35.318468,        0.79,
 139.653514,   35.318468,        0.87,
 139.658018,   35.318468,        0.92,
 139.662523,   35.318468,        0.96,
 139.667027,   35.318468,        1.01,
 139.671532,   35.318468,        0.97,
 139.676036,   35.318468,        0.88,
 139.680541,   35.318468,        0.71,
 139.685045,   35.318468,        0.49,
 139.689550,   35.318468,        0.19,
 139.694054,   35.318468,       -0.10,
 139.698559,   35.318468,       -0.32,
 139.703063,   35.318468,       -0.52,
 139.707568,   35.318468,       -0.69,
 139.712072,   35.318468,       -0.78,
 139.716577,   35.318468,       -0.87,
 139.721081,   35.318468,       -0.90,
 139.725586,   35.318468,       -0.85,
 139.730090,   35.318468,       -0.81,
 139.734595,   35.318468,       -0.67,
 139.739099,   35.318468,       -0.54,
 139.743604,   35.318468,       -0.40,
 139.748108,   35.318468,       -0.35,
 139.752613,   35.318468,       -0.37,
 139.757117,   35.318468,       -0.43,
 139.761622,   35.318468,       -0.51,
 139.766126,   35.318468,       -0.57,
 139.770631,   35.318468,       -0.60,
 139.775135,   35.318468,       -0.60,
 139.779640,   35.318468,       -0.56,
 139.784144,   35.318468,       -0.51,
 139.788649,   35.318468,       -0.48,
 139.793153,   35.318468,       -0.50,
 139.797658,   35.318468,       -0.74,
 139.802162,   35.318468,       -1.05,
 139.806667,   35.318468,       -1.17,
 139.811171,   35.318468,       -1.23,
 139.815676,   35.318468,       -1.44,
 139.820180,   35.318468,       -1.17,
 139.824685,   35.318468,       -0.66,
 139.829189,   35.318468,       -0.36,
 139.833694,   35.318468,       -0.16,
 139.838198,   35.318468,       -0.03,
 139.842703,   35.318468,        0.08,
 139.847207,   35.318468,        0.20,
 139.851712,   35.318468,        0.31,
 139.856216,   35.318468,        0.35,
 139.860721,   35.318468,        0.34,
 139.865225,   35.318468,        0.29,
 139.869730,   35.318468,        0.18,
 139.874234,   35.318468,        0.05,
 139.878739,   35.318468,       -0.13,
 139.883243,   35.318468,       -0.36,
 139.887748,   35.318468,       -0.60,
 139.892252,   35.318468,       -0.87,
 139.896757,   35.318468,       -1.14,
 139.901261,   35.318468,       -1.39,
 139.905766,   35.318468,       -1.63,
 139.910270,   35.318468,       -1.86,
 139.914775,   35.318468,       -2.08,
 139.919279,   35.318468,       -2.30,
 139.923784,   35.318468,       -2.52,
 139.928288,   35.318468,       -2.73,
 139.932793,   35.318468,       -2.95,
 139.937297,   35.318468,       -3.16,
 139.941802,   35.318468,       -3.37,
 139.946306,   35.318468,       -3.58,
 139.950811,   35.318468,       -3.79,
 139.955315,   35.318468,       -4.00,
 139.959820,   35.318468,       -4.21,
 139.964324,   35.318468,       -4.41,
 139.968829,   35.318468,       -4.61,
 139.973333,   35.318468,       -4.81,
 139.977838,   35.318468,       -5.00,
 139.982342,   35.318468,       -5.19,
 139.986847,   35.318468,       -5.37,
 139.991351,   35.318468,       -5.56,
 139.995856,   35.318468,       -5.74,
 140.000360,   35.318468,       -5.91,
 140.004865,   35.318468,       -6.08,
 140.009369,   35.318468,       -6.25,
 140.013874,   35.318468,       -6.41,
 140.018378,   35.318468,       -6.57,
 140.022883,   35.318468,       -6.73,
 140.027387,   35.318468,       -6.88,
 140.031892,   35.318468,       -7.03,
 140.036396,   35.318468,       -7.18,
 140.040901,   35.318468,       -7.32,
 140.045405,   35.318468,       -7.46,
 140.049910,   35.318468,       -7.60,
 140.054414,   35.318468,       -7.74,
 140.058919,   35.318468,       -7.87,
 140.063423,   35.318468,       -8.00,
 140.067928,   35.318468,       -8.12,
 140.072432,   35.318468,       -8.24,
 140.076937,   35.318468,       -8.36,
 140.081441,   35.318468,       -8.48,
 140.085946,   35.318468,       -8.59,
 140.090450,   35.318468,       -8.71,
 140.094955,   35.318468,       -8.81,
 140.099459,   35.318468,       -8.92,
 140.103964,   35.318468,       -9.02,
 140.108468,   35.318468,       -9.12,
 140.112973,   35.318468,       -9.22,
 140.117477,   35.318468,       -9.31,
 140.121982,   35.318468,       -9.40,
 140.126486,   35.318468,       -9.49,
 140.130991,   35.318468,       -9.58,
 140.135495,   35.318468,       -9.66,
 140.140000,   35.318468,       -9.74,
 140.144505,   35.318468,       -9.82,
 140.149009,   35.318468,       -9.90,
 140.153514,   35.318468,       -9.97,
 140.158018,   35.318468,      -10.04,
 140.162523,   35.318468,      -10.11,
 140.167027,   35.318468,      -10.17,
 140.171532,   35.318468,      -10.23,
 140.176036,   35.318468,      -10.29,
 140.180541,   35.318468,      -10.34,
 140.185045,   35.318468,      -10.39,
 140.189550,   35.318468,      -10.44,
 140.194054,   35.318468,      -10.48,
 140.198559,   35.318468,      -10.52,
 140.203063,   35.318468,      -10.56,
 140.207568,   35.318468,      -10.59,
 140.212072,   35.318468,      -10.63,
 140.216577,   35.318468,      -10.66,
 140.221081,   35.318468,      -10.69,
 140.225586,   35.318468,      -10.72,
 140.230090,   35.318468,      -10.75,
 140.234595,   35.318468,      -10.77,
 140.239099,   35.318468,      -10.80,
 140.243604,   35.318468,      -10.82,
 140.248108,   35.318468,      -10.84,
 140.252613,   35.318468,      -10.86,
 140.257117,   35.318468,      -10.88,
 140.261622,   35.318468,      -10.90,
 140.266126,   35.318468,      -10.91,
 140.270631,   35.318468,      -10.93,
 140.275135,   35.318468,      -10.94,
 140.279640,   35.318468,      -10.95,
 140.284144,   35.318468,      -10.96,
 140.288649,   35.318468,      -10.98,
 140.293153,   35.318468,      -10.99,
 140.297658,   35.318468,      -10.99,
 140.302162,   35.318468,      -11.02,
 140.306667,   35.318468,      -11.08,
 140.311171,   35.318468,      -11.14,
 140.315676,   35.318468,      -11.20,
 140.320180,   35.318468,      -11.26,
 140.324685,   35.318468,      -11.32,
 140.329189,   35.318468,      -11.39,
 140.333694,   35.318468,      -11.45,
 140.338198,   35.318468,      -11.52,
 140.342703,   35.318468,      -11.58,
 140.347207,   35.318468,      -11.65,
 140.351712,   35.318468,      -11.72,
 140.356216,   35.318468,      -11.79,
 140.360721,   35.318468,      -11.86,
 140.365225,   35.318468,      -11.94,
 140.369730,   35.318468,      -12.01,
 140.374234,   35.318468,      -12.09,
 140.378739,   35.318468,      -12.16,
 140.383243,   35.318468,      -12.24,
 140.387748,   35.318468,      -12.32,
 139.140000,   35.322973,        1.76,
 139.144505,   35.322973,        1.44,
 139.149009,   35.322973,        1.13,
 139.153514,   35.322973,        0.83,
 139.158018,   35.322973,        0.53,
 139.162523,   35.322973,        0.23,
 139.167027,   35.322973,       -0.06,
 139.171532,   35.322973,       -0.34,
 139.176036,   35.322973,       -0.62,
 139.180541,   35.322973,       -0.89,
 139.185045,   35.322973,       -1.16,
 139.189550,   35.322973,       -1.43,
 139.194054,   35.322973,       -1.68,
 139.198559,   35.322973,       -1.94,
 139.203063,   35.322973,       -2.18,
 139.207568,   35.322973,       -2.43,
 139.212072,   35.322973,       -2.66,
 139.216577,   35.322973,       -2.90,
 139.221081,   35.322973,       -3.12,
 139.225586,   35.322973,       -3.34,
 139.230090,   35.322973,       -3.56,
 139.234595,   35.322973,       -3.77,
 139.239099,   35.322973,       -3.98,
 139.243604,   35.322973,       -4.18,
 139.248108,   35.322973,       -4.37,
 139.252613,   35.322973,       -4.56,
 139.257117,   35.322973,       -4.75,
 139.261622,   35.322973,       -4.93,
 139.266126,   35.322973,       -5.10,
 139.270631,   35.322973,       -6.58,
 139.275135,   35.322973,       -7.92,
 139.279640,   35.322973,       -7.90,
 139.284144,   35.322973,       -7.87,
 139.288649,   35.322973,       -7.84,
 139.293153,   35.322973,       -7.80,
 139.297658,   35.322973,       -7.77,
 139.302162,   35.322973,       -7.73,
 139.306667,   35.322973,       -7.68,
 139.311171,   35.322973,       -7.62,
 139.315676,   35.322973,       -7.51,
 139.320180,   35.322973,       -7.37,
 139.324685,   35.322973,       -7.24,
 139.329189,   35.322973,       -7.11,
 139.333694,   35.322973,       -6.98,
 139.338198,   35.322973,       -6.87,
 139.342703,   35.322973,       -6.76,
 139.347207,   35.322973,       -6.66,
 139.351712,   35.322973,       -6.59,
 139.356216,   35.322973,       -6.71,
 139.360721,   35.322973,       -7.02,
 139.365225,   35.322973,       -6.82,
 139.369730,   35.322973,       -6.73,
 139.374234,   35.322973,       -5.96,
 139.378739,   35.322973,       -5.59,
 139.383243,   35.322973,       -5.38,
 139.387748,   35.322973,       -5.10,
 139.392252,   35.322973,       -4.78,
 139.396757,   35.322973,       -4.44,
 139.401261,   35.322973,       -4.09,
 139.405766,   35.322973,       -3.73,
 139.410270,   35.322973,       -3.37,
 139.414775,   35.322973,       -3.03,
 139.419279,   35.322973,       -2.73,
 139.423784,   35.322973,       -2.45,
 139.428288,   35.322973,       -2.21,
 139.432793,   35.322973,       -2.04,
 139.437297,   35.322973,       -1.95,
 139.441802,   35.322973,       -1.91,
 139.446306,   35.322973,       -1.88,
 139.450811,   35.322973,       -1.84,
 139.455315,   35.322973,       -1.77,
 139.459820,   35.322973,       -1.69,
 139.464324,   35.322973,       -1.62,
 139.468829,   35.322973,       -1.58,
 139.473333,   35.322973,       -1.55,
 139.477838,   35.322973,       -1.53,
 139.482342,   35.322973,       -1.50,
 139.486847,   35.322973,       -1.48,
 139.491351,   35.322973,       -1.47,
 139.495856,   35.322973,       -1.45,
 139.500360,   35.322973,       -1.44,
 139.504865,   35.322973,       -1.43,
 139.509369,   35.322973,       -1.42,
 139.513874,   35.322973,       -1.41,
 139.518378,   35.322973,       -1.40,
 139.522883,   35.322973,       -1.39,
 139.527387,   35.322973,       -1.38,
 139.531892,   35.322973,       -1.37,
 139.536396,   35.322973,       -1.35,
 139.540901,   35.322973,       -1.34,
 139.545405,   35.322973,       -1.31,
 139.549910,   35.322973,       -1.26,
 139.554414,   35.322973,       -1.21,
 139.558919,   35.322973,       -1.15,
 139.563423,   35.322973,       -1.08,
 139.567928,   35.322973,       -1.00,
 139.572432,   35.322973,       -0.91,
 139.576937,   35.322973,       -0.82,
 139.581441,   35.322973,       -0.73,
 139.585946,   35.322973,       -0.65,
 139.590450,   35.322973,       -0.58,
 139.594955,   35.322973,       -0.50,
 139.599459,   35.322973,       -0.44,
 139.603964,   35.322973,       -0.37,
 139.608468,   35.322973,       -0.32,
 139.612973,   35.322973,       -0.27,
 139.617477,   35.322973,       -0.22,
 139.621982,   35.322973,       -0.15,
 139.626486,   35.322973,       -0.03,
 139.630991,   35.322973,        0.10,
 139.635495,   35.322973,        0.25,
 139.640000,   35.322973,        0.42,
 139.644505,   35.322973,        0.65,
 139.649009,   35.322973,        0.87,
 139.653514,   35.322973,        1.12,
 139.658018,   35.322973,        1.22,
 139.662523,   35.322973,        1.28,
 139.667027,   35.322973,        1.31,
 139.671532,   35.322973,        1.16,
 139.676036,   35.322973,        0.99,
 139.680541,   35.322973,        0.70,
 139.685045,   35.322973,        0.41,
 139.689550,   35.322973,        0.06,
 139.694054,   35.322973,       -0.28,
 139.698559,   35.322973,       -0.48,
 139.703063,   35.322973,       -0.69,
 139.707568,   35.322973,       -0.81,
 139.712072,   35.322973,       -0.87,
 139.716577,   35.322973,       -0.93,
 139.721081,   35.322973,       -0.92,
 139.725586,   35.322973,       -0.85,
 139.730090,   35.322973,       -0.75,
 139.734595,   35.322973,       -0.60,
 139.739099,   35.322973,       -0.45,
 139.743604,   35.322973,       -0.31,
 139.748108,   35.322973,       -0.29,
 139.752613,   35.322973,       -0.30,
 139.757117,   35.322973,       -0.38,
 139.761622,   35.322973,       -0.48,
 139.766126,   35.322973,       -0.55,
 139.770631,   35.322973,       -0.59,
 139.775135,   35.322973,       -0.62,
 139.779640,   35.322973,       -0.59,
 139.784144,   35.322973,       -0.53,
 139.788649,   35.322973,       -0.49,
 139.793153,   35.322973,       -0.57,
 139.797658,   35.322973,       -0.74,
 139.802162,   35.322973,       -0.91,
 139.806667,   35.322973,       -0.97,
 139.811171,   35.322973,       -1.08,
 139.815676,   35.322973,       -1.27,
 139.820180,   35.322973,       -1.27,
 139.824685,   35.322973,       -0.79,
 139.829189,   35.322973,       -0.45,
 139.833694,   35.322973,       -0.23,
 139.838198,   35.322973,       -0.08,
 139.842703,   35.322973,        0.05,
 139.847207,   35.322973,        0.17,
 139.851712,   35.322973,        0.30,
 139.856216,   35.322973,        0.37,
 139.860721,   35.322973,        0.37,
 139.865225,   35.322973,        0.34,
 139.869730,   35.322973,        0.24,
 139.874234,   35.322973,        0.11,
 139.878739,   35.322973,       -0.05,
 139.883243,   35.322973,       -0.27,
 139.887748,   35.322973,       -0.51,
 139.892252,   35.322973,       -0.77,
 139.896757,   35.322973,       -1.04,
 139.901261,   35.322973,       -1.29,
 139.905766,   35.322973,       -1.52,
 139.910270,   35.322973,       -1.75,
 139.914775,   35.322973,       -1.97,
 139.919279,   35.322973,       -2.18,
 139.923784,   35.322973,       -2.39,
 139.928288,   35.322973,       -2.60,
 139.932793,   35.322973,       -2.82,
 139.937297,   35.322973,       -3.02,
 139.941802,   35.322973,       -3.23,
 139.946306,   35.322973,       -3.44,
 139.950811,   35.322973,       -3.65,
 139.955315,   35.322973,       -3.85,
 139.959820,   35.322973,       -4.06,
 139.964324,   35.322973,       -4.26,
 139.968829,   35.322973,       -4.45,
 139.973333,   35.322973,       -4.64,
 139.977838,   35.322973,       -4.83,
 139.982342,   35.322973,       -5.02,
 139.986847,   35.322973,       -5.20,
 139.991351,   35.322973,       -5.38,
 139.995856,   35.322973,       -5.56,
 140.000360,   35.322973,       -5.73,
 140.004865,   35.322973,       -5.90,
 140.009369,   35.322973,       -6.06,
 140.013874,   35.322973,       -6.23,
 140.018378,   35.322973,       -6.38,
 140.022883,   35.322973,       -6.54,
 140.027387,   35.322973,       -6.69,
 140.031892,   35.322973,       -6.84,
 140.036396,   35.322973,       -6.98,
 140.040901,   35.322973,       -7.12,
 140.045405,   35.322973,       -7.26,
 140.049910,   35.322973,       -7.40,
 140.054414,   35.322973,       -7.53,
 140.058919,   35.322973,       -7.66,
 140.063423,   35.322973,       -7.78,
 140.067928,   35.322973,       -7.91,
 140.072432,   35.322973,       -8.03,
 140.076937,   35.322973,       -8.15,
 140.081441,   35.322973,       -8.26,
 140.085946,   35.322973,       -8.38,
 140.090450,   35.322973,       -8.49,
 140.094955,   35.322973,       -8.59,
 140.099459,   35.322973,       -8.70,
 140.103964,   35.322973,       -8.80,
 140.108468,   35.322973,       -8.90,
 140.112973,   35.322973,       -8.99,
 140.117477,   35.322973,       -9.09,
 140.121982,   35.322973,       -9.18,
 140.126486,   35.322973,       -9.27,
 140.130991,   35.322973,       -9.35,
 140.135495,   35.322973,       -9.43,
 140.140000,   35.322973,       -9.51,
 140.144505,   35.322973,       -9.59,
 140.149009,   35.322973,       -9.67,
 140.153514,   35.322973,       -9.74,
 140.158018,   35.322973,       -9.81,
 140.162523,   35.322973,       -9.88,
 140.167027,   35.322973,       -9.94,
 140.171532,   35.322973,      -10.00,
 140.176036,   35.322973,      -10.05,
 140.180541,   35.322973,      -10.10,
 140.185045,   35.322973,      -10.15,
 140.189550,   35.322973,      -10.20,
 140.194054,   35.322973,      -10.24,
 140.198559,   35.322973,      -10.28,
 140.203063,   35.322973,      -10.32,
 140.207568,   35.322973,      -10.35,
 140.212072,   35.322973,      -10.39,
 140.216577,   35.322973,      -10.42,
 140.221081,   35.322973,      -10.45,
 140.225586,   35.322973,      -10.48,
 140.230090,   35.322973,      -10.51,
 140.234595,   35.322973,      -10.53,
 140.239099,   35.322973,      -10.56,
 140.243604,   35.322973,      -10.58,
 140.248108,   35.322973,      -10.60,
 140.252613,   35.322973,      -10.62,
 140.257117,   35.322973,      -10.64,
 140.261622,   35.322973,      -10.66,
 140.266126,   35.322973,      -10.67,
 140.270631,   35.322973,      -10.69,
 140.275135,   35.322973,      -10.70,
 140.279640,   35.322973,      -10.71,
 140.284144,   35.322973,      -10.73,
 140.288649,   35.322973,      -10.74,
 140.293153,   35.322973,      -10.75,
 140.297658,   35.322973,      -10.76,
 140.302162,   35.322973,      -10.81,
 140.306667,   35.322973,      -10.87,
 140.311171,   35.322973,      -10.93,
 140.315676,   35.322973,      -10.99,
 140.320180,   35.322973,      -11.05,
 140.324685,   35.322973,      -11.12,
 140.329189,   35.322973,      -11.18,
 140.333694,   35.322973,      -11.24,
 140.338198,   35.322973,      -11.31,
 140.342703,   35.322973,      -11.38,
 140.347207,   35.322973,      -11.44,
 140.351712,   35.322973,      -11.51,
 140.356216,   35.322973,      -11.58,
 140.360721,   35.322973,      -11.65,
 140.365225,   35.322973,      -11.73,
 140.369730,   35.322973,      -11.80,
 140.374234,   35.322973,      -11.87,
 140.378739,   35.322973,      -11.95,
 140.383243,   35.322973,      -12.03,
 140.387748,   35.322973,      -12.10,
 139.140000,   35.327477,        2.15,
 139.144505,   35.327477,        1.83,
 139.149009,   35.327477,        1.52,
 139.153514,   35.327477,        1.21,
 139.158018,   35.327477,        0.91,
 139.162523,   35.327477,        0.61,
 139.167027,   35.327477,        0.32,
 139.171532,   35.327477,        0.03,
 139.176036,   35.327477,       -0.25,
 139.180541,   35.327477,       -0.53,
 139.185045,   35.327477,       -0.80,
 139.189550,   35.327477,       -1.06,
 139.194054,   35.327477,       -1.32,
 139.198559,   35.327477,       -1.58,
 139.203063,   35.327477,       -1.83,
 139.207568,   35.327477,       -2.07,
 139.212072,   35.327477,       -2.31,
 139.216577,   35.327477,       -2.55,
 139.221081,   35.327477,       -2.77,
 139.225586,   35.327477,       -3.00,
 139.230090,   35.327477,       -3.22,
 139.234595,   35.327477,       -3.43,
 139.239099,   35.327477,       -3.64,
 139.243604,   35.327477,       -3.84,
 139.248108,   35.327477,       -4.04,
 139.252613,   35.327477,       -4.23,
 139.257117,   35.327477,       -4.42,
 139.261622,   35.327477,       -4.60,
 139.266126,   35.327477,       -4.78,
 139.270631,   35.327477,       -4.95,
 139.275135,   35.327477,       -5.66,
 139.279640,   35.327477,       -7.17,
 139.284144,   35.327477,       -7.80,
 139.288649,   35.327477,       -7.76,
 139.293153,   35.327477,       -7.73,
 139.297658,   35.327477,       -7.69,
 139.302162,   35.327477,       -7.65,
 139.306667,   35.327477,       -7.61,
 139.311171,   35.327477,       -7.57,
 139.315676,   35.327477,       -7.52,
 139.320180,   35.327477,       -7.45,
 139.324685,   35.327477,       -7.35,
 139.329189,   35.327477,       -7.23,
 139.333694,   35.327477,       -7.11,
 139.338198,   35.327477,       -6.99,
 139.342703,   35.327477,       -6.88,
 139.347207,   35.327477,       -6.78,
 139.351712,   35.327477,       -6.69,
 139.356216,   35.327477,       -6.62,
 139.360721,   35.327477,       -6.58,
 139.365225,   35.327477,       -6.56,
 139.369730,   35.327477,       -6.60,
 139.374234,   35.327477,       -6.63,
 139.378739,   35.327477,       -6.37,
 139.383243,   35.327477,       -5.99,
 139.387748,   35.327477,       -5.62,
 139.392252,   35.327477,       -5.27,
 139.396757,   35.327477,       -4.93,
 139.401261,   35.327477,       -4.60,
 139.405766,   35.327477,       -4.28,
 139.410270,   35.327477,       -3.97,
 139.414775,   35.327477,       -3.66,
 139.419279,   35.327477,       -3.37,
 139.423784,   35.327477,       -3.09,
 139.428288,   35.327477,       -2.83,
 139.432793,   35.327477,       -2.61,
 139.437297,   35.327477,       -2.40,
 139.441802,   35.327477,       -2.21,
 139.446306,   35.327477,       -2.04,
 139.450811,   35.327477,       -1.89,
 139.455315,   35.327477,       -1.76,
 139.459820,   35.327477,       -1.67,
 139.464324,   35.327477,       -1.61,
 139.468829,   35.327477,       -1.56,
 139.473333,   35.327477,       -1.53,
 139.477838,   35.327477,       -1.49,
 139.482342,   35.327477,       -1.46,
 139.486847,   35.327477,       -1.43,
 139.491351,   35.327477,       -1.40,
 139.495856,   35.327477,       -1.37,
 139.500360,   35.327477,       -1.34,
 139.504865,   35.327477,       -1.31,
 139.509369,   35.327477,       -1.29,
 139.513874,   35.327477,       -1.26,
 139.518378,   35.327477,       -1.23,
 139.522883,   35.327477,       -1.20,
 139.527387,   35.327477,       -1.16,
 139.531892,   35.327477,       -1.13,
 139.536396,   35.327477,       -1.10,
 139.540901,   35.327477,       -1.07,
 139.545405,   35.327477,       -1.02,
 139.549910,   35.327477,       -0.97,
 139.554414,   35.327477,       -0.91,
 139.558919,   35.327477,       -0.85,
 139.563423,   35.327477,       -0.79,
 139.567928,   35.327477,       -0.72,
 139.572432,   35.327477,       -0.66,
 139.576937,   35.327477,       -0.58,
 139.581441,   35.327477,       -0.51,
 139.585946,   35.327477,       -0.44,
 139.590450,   35.327477,       -0.37,
 139.594955,   35.327477,       -0.31,
 139.599459,   35.327477,       -0.25,
 139.603964,   35.327477,       -0.20,
 139.608468,   35.327477,       -0.16,
 139.612973,   35.327477,       -0.13,
 139.617477,   35.327477,       -0.10,
 139.621982,   35.327477,       -0.08,
 139.626486,   35.327477,       -0.03,
 139.630991,   35.327477,        0.10,
 139.635495,   35.327477,        0.24,
 139.640000,   35.327477,        0.45,
 139.644505,   35.327477,        0.68,
 139.649009,   35.327477,        0.93,
 139.653514,   35.327477,        1.22,
 139.658018,   35.327477,        1.44,
 139.662523,   35.327477,        1.55,
 139.667027,   35.327477,        1.55,
 139.671532,   35.327477,        1.41,
 139.676036,   35.327477,        1.08,
 139.680541,   35.327477,        0.75,
 139.685045,   35.327477,        0.34,
 139.689550,   35.327477,       -0.02,
 139.694054,   35.327477,       -0.34,
 139.698559,   35.327477,       -0.62,
 139.703063,   35.327477,       -0.84,
 139.707568,   35.327477,       -0.91,
 139.712072,   35.327477,       -0.95,
 139.716577,   35.327477,       -0.99,
 139.721081,   35.327477,       -0.93,
 139.725586,   35.327477,       -0.81,
 139.730090,   35.327477,       -0.67,
 139.734595,   35.327477,       -0.51,
 139.739099,   35.327477,       -0.35,
 139.743604,   35.327477,       -0.23,
 139.748108,   35.327477,       -0.19,
 139.752613,   35.327477,       -0.22,
 139.757117,   35.327477,       -0.30,
 139.761622,   35.327477,       -0.40,
 139.766126,   35.327477,       -0.51,
 139.770631,   35.327477,       -0.56,
 139.775135,   35.327477,       -0.58,
 139.779640,   35.327477,       -0.56,
 139.784144,   35.327477,       -0.50,
 139.788649,   35.327477,       -0.47,
 139.793153,   35.327477,       -0.53,
 139.797658,   35.327477,       -0.64,
 139.802162,   35.327477,       -0.71,
 139.806667,   35.327477,       -0.72,
 139.811171,   35.327477,       -0.76,
 139.815676,   35.327477,       -0.81,
 139.820180,   35.327477,       -0.91,
 139.824685,   35.327477,       -0.81,
 139.829189,   35.327477,       -0.50,
 139.833694,   35.327477,       -0.29,
 139.838198,   35.327477,       -0.13,
 139.842703,   35.327477,        0.01,
 139.847207,   35.327477,        0.15,
 139.851712,   35.327477,        0.28,
 139.856216,   35.327477,        0.38,
 139.860721,   35.327477,        0.41,
 139.865225,   35.327477,        0.39,
 139.869730,   35.327477,        0.31,
 139.874234,   35.327477,        0.18,
 139.878739,   35.327477,        0.03,
 139.883243,   35.327477,       -0.17,
 139.887748,   35.327477,       -0.41,
 139.892252,   35.327477,       -0.66,
 139.896757,   35.327477,       -0.93,
 139.901261,   35.327477,       -1.18,
 139.905766,   35.327477,       -1.41,
 139.910270,   35.327477,       -1.63,
 139.914775,   35.327477,       -1.85,
 139.919279,   35.327477,       -2.06,
 139.923784,   35.327477,       -2.27,
 139.928288,   35.327477,       -2.48,
 139.932793,   35.327477,       -2.68,
 139.937297,   35.327477,       -2.89,
 139.941802,   35.327477,       -3.09,
 139.946306,   35.327477,       -3.30,
 139.950811,   35.327477,       -3.50,
 139.955315,   35.327477,       -3.70,
 139.959820,   35.327477,       -3.90,
 139.964324,   35.327477,       -4.10,
 139.968829,   35.327477,       -4.29,
 139.973333,   35.327477,       -4.48,
 139.977838,   35.327477,       -4.66,
 139.982342,   35.327477,       -4.85,
 139.986847,   35.327477,       -5.03,
 139.991351,   35.327477,       -5.20,
 139.995856,   35.327477,       -5.38,
 140.000360,   35.327477,       -5.55,
 140.004865,   35.327477,       -5.71,
 140.009369,   35.327477,       -5.88,
 140.013874,   35.327477,       -6.04,
 140.018378,   35.327477,       -6.19,
 140.022883,   35.327477,       -6.34,
 140.027387,   35.327477,       -6.49,
 140.031892,   35.327477,       -6.64,
 140.036396,   35.327477,       -6.78,
 140.040901,   35.327477,       -6.92,
 140.045405,   35.327477,       -7.06,
 140.049910,   35.327477,       -7.19,
 140.054414,   35.327477,       -7.32,
 140.058919,   35.327477,       -7.45,
 140.063423,   35.327477,       -7.57,
 140.067928,   35.327477,       -7.70,
 140.072432,   35.327477,       -7.82,
 140.076937,   35.327477,       -7.93,
 140.081441,   35.327477,       -8.05,
 140.085946,   35.327477,       -8.16,
 140.090450,   35.327477,       -8.27,
 140.094955,   35.327477,       -8.37,
 140.099459,   35.327477,       -8.48,
 140.103964,   35.327477,       -8.58,
 140.108468,   35.327477,       -8.68,
 140.112973,   35.327477,       -8.77,
 140.117477,   35.327477,       -8.86,
 140.121982,   35.327477,       -8.95,
 140.126486,   35.327477,       -9.04,
 140.130991,   35.327477,       -9.12,
 140.135495,   35.327477,       -9.21,
 140.140000,   35.327477,       -9.29,
 140.144505,   35.327477,       -9.36,
 140.149009,   35.327477,       -9.44,
 140.153514,   35.327477,       -9.51,
 140.158018,   35.327477,       -9.58,
 140.162523,   35.327477,       -9.64,
 140.167027,   35.327477,       -9.70,
 140.171532,   35.327477,       -9.76,
 140.176036,   35.327477,       -9.82,
 140.180541,   35.327477,       -9.87,
 140.185045,   35.327477,       -9.91,
 140.189550,   35.327477,       -9.96,
 140.194054,   35.327477,      -10.00,
 140.198559,   35.327477,      -10.04,
 140.203063,   35.327477,      -10.08,
 140.207568,   35.327477,      -10.11,
 140.212072,   35.327477,      -10.15,
 140.216577,   35.327477,      -10.18,
 140.221081,   35.327477,      -10.21,
 140.225586,   35.327477,      -10.24,
 140.230090,   35.327477,      -10.27,
 140.234595,   35.327477,      -10.29,
 140.239099,   35.327477,      -10.32,
 140.243604,   35.327477,      -10.34,
 140.248108,   35.327477,      -10.36,
 140.252613,   35.327477,      -10.38,
 140.257117,   35.327477,      -10.40,
 140.261622,   35.327477,      -10.42,
 140.266126,   35.327477,      -10.43,
 140.270631,   35.327477,      -10.45,
 140.275135,   35.327477,      -10.46,
 140.279640,   35.327477,      -10.48,
 140.284144,   35.327477,      -10.49,
 140.288649,   35.327477,      -10.50,
 140.293153,   35.327477,      -10.51,
 140.297658,   35.327477,      -10.55,
 140.302162,   35.327477,      -10.61,
 140.306667,   35.327477,      -10.67,
 140.311171,   35.327477,      -10.72,
 140.315676,   35.327477,      -10.78,
 140.320180,   35.327477,      -10.85,
 140.324685,   35.327477,      -10.91,
 140.329189,   35.327477,      -10.97,
 140.333694,   35.327477,      -11.03,
 140.338198,   35.327477,      -11.10,
 140.342703,   35.327477,      -11.17,
 140.347207,   35.327477,      -11.23,
 140.351712,   35.327477,      -11.30,
 140.356216,   35.327477,      -11.37,
 140.360721,   35.327477,      -11.44,
 140.365225,   35.327477,      -11.51,
 140.369730,   35.327477,      -11.59,
 140.374234,   35.327477,      -11.66,
 140.378739,   35.327477,      -11.74,
 140.383243,   35.327477,      -11.81,
 140.387748,   35.327477,      -11.89,
 139.140000,   35.331982,        2.53,
 139.144505,   35.331982,        2.21,
 139.149009,   35.331982,        1.90,
 139.153514,   35.331982,        1.59,
 139.158018,   35.331982,        1.28,
 139.162523,   35.331982,        0.98,
 139.167027,   35.331982,        0.69,
 139.171532,   35.331982,        0.40,
 139.176036,   35.331982,        0.12,
 139.180541,   35.331982,       -0.16,
 139.185045,   35.331982,       -0.44,
 139.189550,   35.331982,       -0.70,
 139.194054,   35.331982,       -0.97,
 139.198559,   35.331982,       -1.22,
 139.203063,   35.331982,       -1.48,
 139.207568,   35.331982,       -1.72,
 139.212072,   35.331982,       -1.96,
 139.216577,   35.331982,       -2.20,
 139.221081,   35.331982,       -2.43,
 139.225586,   35.331982,       -2.66,
 139.230090,   35.331982,       -2.88,
 139.234595,   35.331982,       -3.09,
 139.239099,   35.331982,       -3.30,
 139.243604,   35.331982,       -3.51,
 139.248108,   35.331982,       -3.71,
 139.252613,   35.331982,       -3.90,
 139.257117,   35.331982,       -4.09,
 139.261622,   35.331982,       -4.28,
 139.266126,   35.331982,       -4.46,
 139.270631,   35.331982,       -4.63,
 139.275135,   35.331982,       -4.80,
 139.279640,   35.331982,       -4.96,
 139.284144,   35.331982,       -6.29,
 139.288649,   35.331982,       -7.60,
 139.293153,   35.331982,       -7.66,
 139.297658,   35.331982,       -7.62,
 139.302162,   35.331982,       -7.58,
 139.306667,   35.331982,       -7.54,
 139.311171,   35.331982,       -7.50,
 139.315676,   35.331982,       -7.46,
 139.320180,   35.331982,       -7.41,
 139.324685,   35.331982,       -7.35,
 139.329189,   35.331982,       -7.28,
 139.333694,   35.331982,       -7.19,
 139.338198,   35.331982,       -7.07,
 139.342703,   35.331982,       -6.96,
 139.347207,   35.331982,       -6.84,
 139.351712,   35.331982,       -6.73,
 139.356216,   35.331982,       -6.61,
 139.360721,   35.331982,       -6.49,
 139.365225,   35.331982,       -6.37,
 139.369730,   35.331982,       -6.26,
 139.374234,   35.331982,       -6.15,
 139.378739,   35.331982,       -6.08,
 139.383243,   35.331982,       -6.04,
 139.387748,   35.331982,       -5.96,
 139.392252,   35.331982,       -5.71,
 139.396757,   35.331982,       -5.37,
 139.401261,   35.331982,       -5.04,
 139.405766,   35.331982,       -4.71,
 139.410270,   35.331982,       -4.40,
 139.414775,   35.331982,       -4.09,
 139.419279,   35.331982,       -3.81,
 139.423784,   35.331982,       -3.53,
 139.428288,   35.331982,       -3.27,
 139.432793,   35.331982,       -3.02,
 139.437297,   35.331982,       -2.79,
 139.441802,   35.331982,       -2.57,
 139.446306,   35.331982,       -2.36,
 139.450811,   35.331982,       -2.17,
 139.455315,   35.331982,       -2.01,
 139.459820,   35.331982,       -1.86,
 139.464324,   35.331982,       -1.73,
 139.468829,   35.331982,       -1.62,
 139.473333,   35.331982,       -1.53,
 139.477838,   35.331982,       -1.46,
 139.482342,   35.331982,       -1.40,
 139.486847,   35.331982,       -1.36,
 139.491351,   35.331982,       -1.33,
 139.495856,   35.331982,       -1.29,
 139.500360,   35.331982,       -1.25,
 139.504865,   35.331982,       -1.21,
 139.509369,   35.331982,       -1.17,
 139.513874,   35.331982,       -1.12,
 139.518378,   35.331982,       -1.08,
 139.522883,   35.331982,       -1.04,
 139.527387,   35.331982,       -0.99,
 139.531892,   35.331982,       -0.94,
 139.536396,   35.331982,       -0.90,
 139.540901,   35.331982,       -0.85,
 139.545405,   35.331982,       -0.79,
 139.549910,   35.331982,       -0.73,
 139.554414,   35.331982,       -0.66,
 139.558919,   35.331982,       -0.59,
 139.563423,   35.331982,       -0.52,
 139.567928,   35.331982,       -0.45,
 139.572432,   35.331982,       -0.38,
 139.576937,   35.331982,       -0.31,
 139.581441,   35.331982,       -0.26,
 139.585946,   35.331982,       -0.19,
 139.590450,   35.331982,       -0.13,
 139.594955,   35.331982,       -0.08,
 139.599459,   35.331982,       -0.03,
 139.603964,   35.331982,        0.01,
 139.608468,   35.331982,        0.04,
 139.612973,   35.331982,        0.06,
 139.617477,   35.331982,        0.06,
 139.621982,   35.331982,        0.06,
 139.626486,   35.331982,        0.05,
 139.630991,   35.331982,        0.09,
 139.635495,   35.331982,        0.24,
 139.640000,   35.331982,        0.47,
 139.644505,   35.331982,        0.72,
 139.649009,   35.331982,        0.97,
 139.653514,   35.331982,        1.25,
 139.658018,   35.331982,        1.48,
 139.662523,   35.331982,        1.63,
 139.667027,   35.331982,        1.66,
 139.671532,   35.331982,        1.51,
 139.676036,   35.331982,        1.17,
 139.680541,   35.331982,        0.75,
 139.685045,   35.331982,        0.31,
 139.689550,   35.331982,       -0.09,
 139.694054,   35.331982,       -0.41,
 139.698559,   35.331982,       -0.72,
 139.703063,   35.331982,       -0.96,
 139.707568,   35.331982,       -1.00,
 139.712072,   35.331982,       -1.03,
 139.716577,   35.331982,       -1.02,
 139.721081,   35.331982,       -0.89,
 139.725586,   35.331982,       -0.75,
 139.730090,   35.331982,       -0.59,
 139.734595,   35.331982,       -0.43,
 139.739099,   35.331982,       -0.26,
 139.743604,   35.331982,       -0.15,
 139.748108,   35.331982,       -0.09,
 139.752613,   35.331982,       -0.11,
 139.757117,   35.331982,       -0.19,
 139.761622,   35.331982,       -0.31,
 139.766126,   35.331982,       -0.42,
 139.770631,   35.331982,       -0.52,
 139.775135,   35.331982,       -0.54,
 139.779640,   35.331982,       -0.53,
 139.784144,   35.331982,       -0.48,
 139.788649,   35.331982,       -0.44,
 139.793153,   35.331982,       -0.45,
 139.797658,   35.331982,       -0.48,
 139.802162,   35.331982,       -0.50,
 139.806667,   35.331982,       -0.49,
 139.811171,   35.331982,       -0.49,
 139.815676,   35.331982,       -0.54,
 139.820180,   35.331982,       -0.58,
 139.824685,   35.331982,       -0.60,
 139.829189,   35.331982,       -0.54,
 139.833694,   35.331982,       -0.35,
 139.838198,   35.331982,       -0.17,
 139.842703,   35.331982,       -0.02,
 139.847207,   35.331982,        0.12,
 139.851712,   35.331982,        0.27,
 139.856216,   35.331982,        0.40,
 139.860721,   35.331982,        0.44,
 139.865225,   35.331982,        0.44,
 139.869730,   35.331982,        0.38,
 139.874234,   35.331982,        0.26,
 139.878739,   35.331982,        0.11,
 139.883243,   35.331982,       -0.08,
 139.887748,   35.331982,       -0.31,
 139.892252,   35.331982,       -0.56,
 139.896757,   35.331982,       -0.83,
 139.901261,   35.331982,       -1.08,
 139.905766,   35.331982,       -1.31,
 139.910270,   35.331982,       -1.52,
 139.914775,   35.331982,       -1.73,
 139.919279,   35.331982,       -1.94,
 139.923784,   35.331982,       -2.15,
 139.928288,   35.331982,       -2.35,
 139.932793,   35.331982,       -2.55,
 139.937297,   35.331982,       -2.75,
 139.941802,   35.331982,       -2.95,
 139.946306,   35.331982,       -3.15,
 139.950811,   35.331982,       -3.35,
 139.955315,   35.331982,       -3.55,
 139.959820,   35.331982,       -3.75,
 139.964324,   35.331982,       -3.94,
 139.968829,   35.331982,       -4.13,
 139.973333,   35.331982,       -4.31,
 139.977838,   35.331982,       -4.50,
 139.982342,   35.331982,       -4.68,
 139.986847,   35.331982,       -4.85,
 139.991351,   35.331982,       -5.03,
 139.995856,   35.331982,       -5.20,
 140.000360,   35.331982,       -5.37,
 140.004865,   35.331982,       -5.53,
 140.009369,   35.331982,       -5.69,
 140.013874,   35.331982,       -5.85,
 140.018378,   35.331982,       -6.00,
 140.022883,   35.331982,       -6.15,
 140.027387,   35.331982,       -6.30,
 140.031892,   35.331982,       -6.44,
 140.036396,   35.331982,       -6.58,
 140.040901,   35.331982,       -6.72,
 140.045405,   35.331982,       -6.85,
 140.049910,   35.331982,       -6.99,
 140.054414,   35.331982,       -7.12,
 140.058919,   35.331982,       -7.24,
 140.063423,   35.331982,       -7.37,
 140.067928,   35.331982,       -7.49,
 140.072432,   35.331982,       -7.60,
 140.076937,   35.331982,       -7.72,
 140.081441,   35.331982,       -7.83,
 140.085946,   35.331982,       -7.94,
 140.090450,   35.331982,       -8.05,
 140.094955,   35.331982,       -8.16,
 140.099459,   35.331982,       -8.26,
 140.103964,   35.331982,       -8.36,
 140.108468,   35.331982,       -8.45,
 140.112973,   35.331982,       -8.55,
 140.117477,   35.331982,       -8.64,
 140.121982,   35.331982,       -8.73,
 140.126486,   35.331982,       -8.81,
 140.130991,   35.331982,       -8.90,
 140.135495,   35.331982,       -8.98,
 140.140000,   35.331982,       -9.06,
 140.144505,   35.331982,       -9.14,
 140.149009,   35.331982,       -9.21,
 140.153514,   35.331982,       -9.28,
 140.158018,   35.331982,       -9.35,
 140.162523,   35.331982,       -9.41,
 140.167027,   35.331982,       -9.47,
 140.171532,   35.331982,       -9.53,
 140.176036,   35.331982,       -9.58,
 140.180541,   35.331982,       -9.63,
 140.185045,   35.331982,       -9.68,
 140.189550,   35.331982,       -9.72,
 140.194054,   35.331982,       -9.76,
 140.198559,   35.331982,       -9.80,
 140.203063,   35.331982,       -9.84,
 140.207568,   35.331982,       -9.88,
 140.212072,   35.331982,       -9.91,
 140.216577,   35.331982,       -9.94,
 140.221081,   35.331982,       -9.97,
 140.225586,   35.331982,      -10.00,
 140.230090,   35.331982,      -10.03,
 140.234595,   35.331982,      -10.05,
 140.239099,   35.331982,      -10.08,
 140.243604,   35.331982,      -10.10,
 140.248108,   35.331982,      -10.12,
 140.252613,   35.331982,      -10.14,
 140.257117,   35.331982,      -10.16,
 140.261622,   35.331982,      -10.18,
 140.266126,   35.331982,      -10.20,
 140.270631,   35.331982,      -10.21,
 140.275135,   35.331982,      -10.23,
 140.279640,   35.331982,      -10.24,
 140.284144,   35.331982,      -10.25,
 140.288649,   35.331982,      -10.26,
 140.293153,   35.331982,      -10.29,
 140.297658,   35.331982,      -10.34,
 140.302162,   35.331982,      -10.40,
 140.306667,   35.331982,      -10.46,
 140.311171,   35.331982,      -10.52,
 140.315676,   35.331982,      -10.58,
 140.320180,   35.331982,      -10.64,
 140.324685,   35.331982,      -10.70,
 140.329189,   35.331982,      -10.76,
 140.333694,   35.331982,      -10.82,
 140.338198,   35.331982,      -10.89,
 140.342703,   35.331982,      -10.96,
 140.347207,   35.331982,      -11.02,
 140.351712,   35.331982,      -11.09,
 140.356216,   35.331982,      -11.16,
 140.360721,   35.331982,      -11.23,
 140.365225,   35.331982,      -11.30,
 140.369730,   35.331982,      -11.37,
 140.374234,   35.331982,      -11.45,
 140.378739,   35.331982,      -11.52,
 140.383243,   35.331982,      -11.60,
 140.387748,   35.331982,      -11.67,
 139.140000,   35.336486,        2.91,
 139.144505,   35.336486,        2.59,
 139.149009,   35.336486,        2.27,
 139.153514,   35.336486,        1.96,
 139.158018,   35.336486,        1.65,
 139.162523,   35.336486,        1.35,
 139.167027,   35.336486,        1.05,
 139.171532,   35.336486,        0.76,
 139.176036,   35.336486,        0.48,
 139.180541,   35.336486,        0.19,
 139.185045,   35.336486,       -0.08,
 139.189550,   35.336486,       -0.35,
 139.194054,   35.336486,       -0.62,
 139.198559,   35.336486,       -0.87,
 139.203063,   35.336486,       -1.13,
 139.207568,   35.336486,       -1.38,
 139.212072,   35.336486,       -1.62,
 139.216577,   35.336486,       -1.86,
 139.221081,   35.336486,       -2.09,
 139.225586,   35.336486,       -2.32,
 139.230090,   35.336486,       -2.55,
 139.234595,   35.336486,       -2.76,
 139.239099,   35.336486,       -2.98,
 139.243604,   35.336486,       -3.18,
 139.248108,   35.336486,       -3.38,
 139.252613,   35.336486,       -3.58,
 139.257117,   35.336486,       -3.77,
 139.261622,   35.336486,       -3.96,
 139.266126,   35.336486,       -4.14,
 139.270631,   35.336486,       -4.32,
 139.275135,   35.336486,       -4.49,
 139.279640,   35.336486,       -4.65,
 139.284144,   35.336486,       -4.81,
 139.288649,   35.336486,       -5.45,
 139.293153,   35.336486,       -6.84,
 139.297658,   35.336486,       -7.56,
 139.302162,   35.336486,       -7.52,
 139.306667,   35.336486,       -7.48,
 139.311171,   35.336486,       -7.44,
 139.315676,   35.336486,       -7.39,
 139.320180,   35.336486,       -7.34,
 139.324685,   35.336486,       -7.29,
 139.329189,   35.336486,       -7.24,
 139.333694,   35.336486,       -7.18,
 139.338198,   35.336486,       -7.10,
 139.342703,   35.336486,       -7.00,
 139.347207,   35.336486,       -6.88,
 139.351712,   35.336486,       -6.74,
 139.356216,   35.336486,       -6.61,
 139.360721,   35.336486,       -6.47,
 139.365225,   35.336486,       -6.34,
 139.369730,   35.336486,       -6.20,
 139.374234,   35.336486,       -6.07,
 139.378739,   35.336486,       -5.94,
 139.383243,   35.336486,       -5.81,
 139.387748,   35.336486,       -5.70,
 139.392252,   35.336486,       -5.61,
 139.396757,   35.336486,       -5.51,
 139.401261,   35.336486,       -5.37,
 139.405766,   35.336486,       -5.09,
 139.410270,   35.336486,       -4.78,
 139.414775,   35.336486,       -4.48,
 139.419279,   35.336486,       -4.19,
 139.423784,   35.336486,       -3.91,
 139.428288,   35.336486,       -3.64,
 139.432793,   35.336486,       -3.38,
 139.437297,   35.336486,       -3.13,
 139.441802,   35.336486,       -2.89,
 139.446306,   35.336486,       -2.67,
 139.450811,   35.336486,       -2.47,
 139.455315,   35.336486,       -2.28,
 139.459820,   35.336486,       -2.11,
 139.464324,   35.336486,       -1.95,
 139.468829,   35.336486,       -1.80,
 139.473333,   35.336486,       -1.67,
 139.477838,   35.336486,       -1.54,
 139.482342,   35.336486,       -1.44,
 139.486847,   35.336486,       -1.35,
 139.491351,   35.336486,       -1.27,
 139.495856,   35.336486,       -1.21,
 139.500360,   35.336486,       -1.16,
 139.504865,   35.336486,       -1.12,
 139.509369,   35.336486,       -1.06,
 139.513874,   35.336486,       -1.01,
 139.518378,   35.336486,       -0.96,
 139.522883,   35.336486,       -0.90,
 139.527387,   35.336486,       -0.85,
 139.531892,   35.336486,       -0.79,
 139.536396,   35.336486,       -0.73,
 139.540901,   35.336486,       -0.67,
 139.545405,   35.336486,       -0.60,
 139.549910,   35.336486,       -0.53,
 139.554414,   35.336486,       -0.45,
 139.558919,   35.336486,       -0.37,
 139.563423,   35.336486,       -0.29,
 139.567928,   35.336486,       -0.21,
 139.572432,   35.336486,       -0.13,
 139.576937,   35.336486,       -0.05,
 139.581441,   35.336486,        0.02,
 139.585946,   35.336486,        0.08,
 139.590450,   35.336486,        0.13,
 139.594955,   35.336486,        0.17,
 139.599459,   35.336486,        0.21,
 139.603964,   35.336486,        0.24,
 139.608468,   35.336486,        0.27,
 139.612973,   35.336486,        0.27,
 139.617477,   35.336486,        0.27,
 139.621982,   35.336486,        0.25,
 139.626486,   35.336486,        0.21,
 139.630991,   35.336486,        0.16,
 139.635495,   35.336486,        0.25,
 139.640000,   35.336486,        0.48,
 139.644505,   35.336486,        0.70,
 139.649009,   35.336486,        0.94,
 139.653514,   35.336486,        1.20,
 139.658018,   35.336486,        1.41,
 139.662523,   35.336486,        1.56,
 139.667027,   35.336486,        1.56,
 139.671532,   35.336486,        1.42,
 139.676036,   35.336486,        1.13,
 139.680541,   35.336486,        0.71,
 139.685045,   35.336486,        0.28,
 139.689550,   35.336486,       -0.13,
 139.694054,   35.336486,       -0.48,
 139.698559,   35.336486,       -0.78,
 139.703063,   35.336486,       -0.96,
 139.707568,   35.336486,       -1.07,
 139.712072,   35.336486,       -1.11,
 139.716577,   35.336486,       -1.02,
 139.721081,   35.336486,       -0.85,
 139.725586,   35.336486,       -0.69,
 139.730090,   35.336486,       -0.51,
 139.734595,   35.336486,       -0.34,
 139.739099,   35.336486,       -0.18,
 139.743604,   35.336486,       -0.06,
 139.748108,   35.336486,        0.00,
 139.752613,   35.336486,       -0.00,
 139.757117,   35.336486,       -0.07,
 139.761622,   35.336486,       -0.19,
 139.766126,   35.336486,       -0.32,
 139.770631,   35.336486,       -0.44,
 139.775135,   35.336486,       -0.49,
 139.779640,   35.336486,       -0.51,
 139.784144,   35.336486,       -0.47,
 139.788649,   35.336486,       -0.43,
 139.793153,   35.336486,       -0.40,
 139.797658,   35.336486,       -0.36,
 139.802162,   35.336486,       -0.36,
 139.806667,   35.336486,       -0.37,
 139.811171,   35.336486,       -0.33,
 139.815676,   35.336486,       -0.32,
 139.820180,   35.336486,       -0.28,
 139.824685,   35.336486,       -0.27,
 139.829189,   35.336486,       -0.25,
 139.833694,   35.336486,       -0.32,
 139.838198,   35.336486,       -0.19,
 139.842703,   35.336486,       -0.04,
 139.847207,   35.336486,        0.10,
 139.851712,   35.336486,        0.25,
 139.856216,   35.336486,        0.40,
 139.860721,   35.336486,        0.48,
 139.865225,   35.336486,        0.49,
 139.869730,   35.336486,        0.45,
 139.874234,   35.336486,        0.34,
 139.878739,   35.336486,        0.20,
 139.883243,   35.336486,        0.02,
 139.887748,   35.336486,       -0.20,
 139.892252,   35.336486,       -0.45,
 139.896757,   35.336486,       -0.72,
 139.901261,   35.336486,       -0.97,
 139.905766,   35.336486,       -1.20,
 139.910270,   35.336486,       -1.41,
 139.914775,   35.336486,       -1.62,
 139.919279,   35.336486,       -1.82,
 139.923784,   35.336486,       -2.02,
 139.928288,   35.336486,       -2.22,
 139.932793,   35.336486,       -2.42,
 139.937297,   35.336486,       -2.62,
 139.941802,   35.336486,       -2.81,
 139.946306,   35.336486,       -3.01,
 139.950811,   35.336486,       -3.21,
 139.955315,   35.336486,       -3.40,
 139.959820,   35.336486,       -3.59,
 139.964324,   35.336486,       -3.78,
 139.968829,   35.336486,       -3.97,
 139.973333,   35.336486,       -4.15,
 139.977838,   35.336486,       -4.33,
 139.982342,   35.336486,       -4.51,
 139.986847,   35.336486,       -4.68,
 139.991351,   35.336486,       -4.85,
 139.995856,   35.336486,       -5.02,
 140.000360,   35.336486,       -5.18,
 140.004865,   35.336486,       -5.35,
 140.009369,   35.336486,       -5.50,
 140.013874,   35.336486,       -5.66,
 140.018378,   35.336486,       -5.81,
 140.022883,   35.336486,       -5.96,
 140.027387,   35.336486,       -6.10,
 140.031892,   35.336486,       -6.24,
 140.036396,   35.336486,       -6.38,
 140.040901,   35.336486,       -6.52,
 140.045405,   35.336486,       -6.65,
 140.049910,   35.336486,       -6.78,
 140.054414,   35.336486,       -6.91,
 140.058919,   35.336486,       -7.03,
 140.063423,   35.336486,       -7.16,
 140.067928,   35.336486,       -7.28,
 140.072432,   35.336486,       -7.39,
 140.076937,   35.336486,       -7.51,
 140.081441,   35.336486,       -7.62,
 140.085946,   35.336486,       -7.73,
 140.090450,   35.336486,       -7.83,
 140.094955,   35.336486,       -7.94,
 140.099459,   35.336486,       -8.04,
 140.103964,   35.336486,       -8.14,
 140.108468,   35.336486,       -8.23,
 140.112973,   35.336486,       -8.33,
 140.117477,   35.336486,       -8.42,
 140.121982,   35.336486,       -8.50,
 140.126486,   35.336486,       -8.59,
 140.130991,   35.336486,       -8.67,
 140.135495,   35.336486,       -8.75,
 140.140000,   35.336486,       -8.83,
 140.144505,   35.336486,       -8.91,
 140.149009,   35.336486,       -8.98,
 140.153514,   35.336486,       -9.05,
 140.158018,   35.336486,       -9.12,
 140.162523,   35.336486,       -9.18,
 140.167027,   35.336486,       -9.24,
 140.171532,   35.336486,       -9.29,
 140.176036,   35.336486,       -9.35,
 140.180541,   35.336486,       -9.40,
 140.185045,   35.336486,       -9.44,
 140.189550,   35.336486,       -9.49,
 140.194054,   35.336486,       -9.53,
 140.198559,   35.336486,       -9.57,
 140.203063,   35.336486,       -9.60,
 140.207568,   35.336486,       -9.64,
 140.212072,   35.336486,       -9.67,
 140.216577,   35.336486,       -9.70,
 140.221081,   35.336486,       -9.73,
 140.225586,   35.336486,       -9.76,
 140.230090,   35.336486,       -9.79,
 140.234595,   35.336486,       -9.82,
 140.239099,   35.336486,       -9.84,
 140.243604,   35.336486,       -9.86,
 140.248108,   35.336486,       -9.89,
 140.252613,   35.336486,       -9.91,
 140.257117,   35.336486,       -9.93,
 140.261622,   35.336486,       -9.94,
 140.266126,   35.336486,       -9.96,
 140.270631,   35.336486,       -9.97,
 140.275135,   35.336486,       -9.99,
 140.279640,   35.336486,      -10.00,
 140.284144,   35.336486,      -10.01,
 140.288649,   35.336486,      -10.03,
 140.293153,   35.336486,      -10.08,
 140.297658,   35.336486,      -10.14,
 140.302162,   35.336486,      -10.19,
 140.306667,   35.336486,      -10.25,
 140.311171,   35.336486,      -10.31,
 140.315676,   35.336486,      -10.37,
 140.320180,   35.336486,      -10.43,
 140.324685,   35.336486,      -10.49,
 140.329189,   35.336486,      -10.55,
 140.333694,   35.336486,      -10.61,
 140.338198,   35.336486,      -10.68,
 140.342703,   35.336486,      -10.74,
 140.347207,   35.336486,      -10.81,
 140.351712,   35.336486,      -10.88,
 140.356216,   35.336486,      -10.95,
 140.360721,   35.336486,      -11.02,
 140.365225,   35.336486,      -11.09,
 140.369730,   35.336486,      -11.16,
 140.374234,   35.336486,      -11.23,
 140.378739,   35.336486,      -11.31,
 140.383243,   35.336486,      -11.38,
 140.387748,   35.336486,      -11.46,
 139.140000,   35.340991,        3.28,
 139.144505,   35.340991,        2.96,
 139.149009,   35.340991,        2.64,
 139.153514,   35.340991,        2.32,
 139.158018,   35.340991,        2.01,
 139.162523,   35.340991,        1.71,
 139.167027,   35.340991,        1.41,
 139.171532,   35.340991,        1.12,
 139.176036,   35.340991,        0.83,
 139.180541,   35.340991,        0.55,
 139.185045,   35.340991,        0.27,
 139.189550,   35.340991,       -0.00,
 139.194054,   35.340991,       -0.27,
 139.198559,   35.340991,       -0.53,
 139.203063,   35.340991,       -0.79,
 139.207568,   35.340991,       -1.04,
 139.212072,   35.340991,       -1.28,
 139.216577,   35.340991,       -1.53,
 139.221081,   35.340991,       -1.76,
 139.225586,   35.340991,       -1.99,
 139.230090,   35.340991,       -2.22,
 139.234595,   35.340991,       -2.44,
 139.239099,   35.340991,       -2.65,
 139.243604,   35.340991,       -2.86,
 139.248108,   35.340991,       -3.06,
 139.252613,   35.340991,       -3.26,
 139.257117,   35.340991,       -3.46,
 139.261622,   35.340991,       -3.65,
 139.266126,   35.340991,       -3.83,
 139.270631,   35.340991,       -4.01,
 139.275135,   35.340991,       -4.18,
 139.279640,   35.340991,       -4.35,
 139.284144,   35.340991,       -4.51,
 139.288649,   35.340991,       -4.67,
 139.293153,   35.340991,       -4.82,
 139.297658,   35.340991,       -6.03,
 139.302162,   35.340991,       -7.25,
 139.306667,   35.340991,       -7.43,
 139.311171,   35.340991,       -7.38,
 139.315676,   35.340991,       -7.33,
 139.320180,   35.340991,       -7.29,
 139.324685,   35.340991,       -7.24,
 139.329189,   35.340991,       -7.18,
 139.333694,   35.340991,       -7.12,
 139.338198,   35.340991,       -7.05,
 139.342703,   35.340991,       -6.98,
 139.347207,   35.340991,       -6.89,
 139.351712,   35.340991,       -6.78,
 139.356216,   35.340991,       -6.64,
 139.360721,   35.340991,       -6.50,
 139.365225,   35.340991,       -6.35,
 139.369730,   35.340991,       -6.21,
 139.374234,   35.340991,       -6.07,
 139.378739,   35.340991,       -5.92,
 139.383243,   35.340991,       -5.78,
 139.387748,   35.340991,       -5.64,
 139.392252,   35.340991,       -5.51,
 139.396757,   35.340991,       -5.38,
 139.401261,   35.340991,       -5.26,
 139.405766,   35.340991,       -5.14,
 139.410270,   35.340991,       -5.01,
 139.414775,   35.340991,       -4.81,
 139.419279,   35.340991,       -4.53,
 139.423784,   35.340991,       -4.24,
 139.428288,   35.340991,       -3.96,
 139.432793,   35.340991,       -3.70,
 139.437297,   35.340991,       -3.44,
 139.441802,   35.340991,       -3.20,
 139.446306,   35.340991,       -2.97,
 139.450811,   35.340991,       -2.75,
 139.455315,   35.340991,       -2.55,
 139.459820,   35.340991,       -2.36,
 139.464324,   35.340991,       -2.18,
 139.468829,   35.340991,       -2.01,
 139.473333,   35.340991,       -1.84,
 139.477838,   35.340991,       -1.69,
 139.482342,   35.340991,       -1.55,
 139.486847,   35.340991,       -1.43,
 139.491351,   35.340991,       -1.31,
 139.495856,   35.340991,       -1.21,
 139.500360,   35.340991,       -1.12,
 139.504865,   35.340991,       -1.04,
 139.509369,   35.340991,       -0.98,
 139.513874,   35.340991,       -0.92,
 139.518378,   35.340991,       -0.86,
 139.522883,   35.340991,       -0.79,
 139.527387,   35.340991,       -0.73,
 139.531892,   35.340991,       -0.66,
 139.536396,   35.340991,       -0.59,
 139.540901,   35.340991,       -0.52,
 139.545405,   35.340991,       -0.45,
 139.549910,   35.340991,       -0.36,
 139.554414,   35.340991,       -0.28,
 139.558919,   35.340991,       -0.19,
 139.563423,   35.340991,       -0.10,
 139.567928,   35.340991,       -0.01,
 139.572432,   35.340991,        0.09,
 139.576937,   35.340991,        0.18,
 139.581441,   35.340991,        0.27,
 139.585946,   35.340991,        0.35,
 139.590450,   35.340991,        0.41,
 139.594955,   35.340991,        0.45,
 139.599459,   35.340991,        0.48,
 139.603964,   35.340991,        0.51,
 139.608468,   35.340991,        0.52,
 139.612973,   35.340991,        0.53,
 139.617477,   35.340991,        0.52,
 139.621982,   35.340991,        0.49,
 139.626486,   35.340991,        0.45,
 139.630991,   35.340991,        0.39,
 139.635495,   35.340991,        0.26,
 139.640000,   35.340991,        0.47,
 139.644505,   35.340991,        0.67,
 139.649009,   35.340991,        0.96,
 139.653514,   35.340991,        1.32,
 139.658018,   35.340991,        1.47,
 139.662523,   35.340991,        1.44,
 139.667027,   35.340991,        1.41,
 139.671532,   35.340991,        1.25,
 139.676036,   35.340991,        1.02,
 139.680541,   35.340991,        0.64,
 139.685045,   35.340991,        0.24,
 139.689550,   35.340991,       -0.14,
 139.694054,   35.340991,       -0.53,
 139.698559,   35.340991,       -0.82,
 139.703063,   35.340991,       -0.98,
 139.707568,   35.340991,       -1.12,
 139.712072,   35.340991,       -1.17,
 139.716577,   35.340991,       -0.98,
 139.721081,   35.340991,       -0.79,
 139.725586,   35.340991,       -0.61,
 139.730090,   35.340991,       -0.42,
 139.734595,   35.340991,       -0.25,
 139.739099,   35.340991,       -0.10,
 139.743604,   35.340991,        0.02,
 139.748108,   35.340991,        0.09,
 139.752613,   35.340991,        0.10,
 139.757117,   35.340991,        0.04,
 139.761622,   35.340991,       -0.07,
 139.766126,   35.340991,       -0.22,
 139.770631,   35.340991,       -0.34,
 139.775135,   35.340991,       -0.46,
 139.779640,   35.340991,       -0.49,
 139.784144,   35.340991,       -0.49,
 139.788649,   35.340991,       -0.44,
 139.793153,   35.340991,       -0.40,
 139.797658,   35.340991,       -0.36,
 139.802162,   35.340991,       -0.32,
 139.806667,   35.340991,       -0.29,
 139.811171,   35.340991,       -0.25,
 139.815676,   35.340991,       -0.19,
 139.820180,   35.340991,       -0.08,
 139.824685,   35.340991,       -0.03,
 139.829189,   35.340991,        0.04,
 139.833694,   35.340991,       -0.09,
 139.838198,   35.340991,       -0.17,
 139.842703,   35.340991,       -0.06,
 139.847207,   35.340991,        0.08,
 139.851712,   35.340991,        0.24,
 139.856216,   35.340991,        0.40,
 139.860721,   35.340991,        0.52,
 139.865225,   35.340991,        0.55,
 139.869730,   35.340991,        0.53,
 139.874234,   35.340991,        0.43,
 139.878739,   35.340991,        0.29,
 139.883243,   35.340991,        0.12,
 139.887748,   35.340991,       -0.10,
 139.892252,   35.340991,       -0.34,
 139.896757,   35.340991,       -0.61,
 139.901261,   35.340991,       -0.87,
 139.905766,   35.340991,       -1.10,
 139.910270,   35.340991,       -1.31,
 139.914775,   35.340991,       -1.51,
 139.919279,   35.340991,       -1.71,
 139.923784,   35.340991,       -1.90,
 139.928288,   35.340991,       -2.10,
 139.932793,   35.340991,       -2.29,
 139.937297,   35.340991,       -2.48,
 139.941802,   35.340991,       -2.68,
 139.946306,   35.340991,       -2.87,
 139.950811,   35.340991,       -3.06,
 139.955315,   35.340991,       -3.25,
 139.959820,   35.340991,       -3.44,
 139.964324,   35.340991,       -3.62,
 139.968829,   35.340991,       -3.81,
 139.973333,   35.340991,       -3.99,
 139.977838,   35.340991,       -4.16,
 139.982342,   35.340991,       -4.34,
 139.986847,   35.340991,       -4.51,
 139.991351,   35.340991,       -4.68,
 139.995856,   35.340991,       -4.84,
 140.000360,   35.340991,       -5.00,
 140.004865,   35.340991,       -5.16,
 140.009369,   35.340991,       -5.32,
 140.013874,   35.340991,       -5.47,
 140.018378,   35.340991,       -5.62,
 140.022883,   35.340991,       -5.76,
 140.027387,   35.340991,       -5.91,
 140.031892,   35.340991,       -6.05,
 140.036396,   35.340991,       -6.18,
 140.040901,   35.340991,       -6.32,
 140.045405,   35.340991,       -6.45,
 140.049910,   35.340991,       -6.58,
 140.054414,   35.340991,       -6.70,
 140.058919,   35.340991,       -6.83,
 140.063423,   35.340991,       -6.95,
 140.067928,   35.340991,       -7.07,
 140.072432,   35.340991,       -7.18,
 140.076937,   35.340991,       -7.30,
 140.081441,   35.340991,       -7.41,
 140.085946,   35.340991,       -7.51,
 140.090450,   35.340991,       -7.62,
 140.094955,   35.340991,       -7.72,
 140.099459,   35.340991,       -7.82,
 140.103964,   35.340991,       -7.92,
 140.108468,   35.340991,       -8.01,
 140.112973,   35.340991,       -8.10,
 140.117477,   35.340991,       -8.19,
 140.121982,   35.340991,       -8.28,
 140.126486,   35.340991,       -8.37,
 140.130991,   35.340991,       -8.45,
 140.135495,   35.340991,       -8.53,
 140.140000,   35.340991,       -8.61,
 140.144505,   35.340991,       -8.68,
 140.149009,   35.340991,       -8.76,
 140.153514,   35.340991,       -8.82,
 140.158018,   35.340991,       -8.89,
 140.162523,   35.340991,       -8.95,
 140.167027,   35.340991,       -9.01,
 140.171532,   35.340991,       -9.06,
 140.176036,   35.340991,       -9.11,
 140.180541,   35.340991,       -9.16,
 140.185045,   35.340991,       -9.21,
 140.189550,   35.340991,       -9.25,
 140.194054,   35.340991,       -9.29,
 140.198559,   35.340991,       -9.33,
 140.203063,   35.340991,       -9.37,
 140.207568,   35.340991,       -9.40,
 140.212072,   35.340991,       -9.44,
 140.216577,   35.340991,       -9.47,
 140.221081,   35.340991,       -9.50,
 140.225586,   35.340991,       -9.53,
 140.230090,   35.340991,       -9.55,
 140.234595,   35.340991,       -9.58,
 140.239099,   35.340991,       -9.60,
 140.243604,   35.340991,       -9.63,
 140.248108,   35.340991,       -9.65,
 140.252613,   35.340991,       -9.67,
 140.257117,   35.340991,       -9.69,
 140.261622,   35.340991,       -9.71,
 140.266126,   35.340991,       -9.72,
 140.270631,   35.340991,       -9.74,
 140.275135,   35.340991,       -9.75,
 140.279640,   35.340991,       -9.77,
 140.284144,   35.340991,       -9.78,
 140.288649,   35.340991,       -9.82,
 140.293153,   35.340991,       -9.87,
 140.297658,   35.340991,       -9.93,
 140.302162,   35.340991,       -9.98,
 140.306667,   35.340991,      -10.04,
 140.311171,   35.340991,      -10.10,
 140.315676,   35.340991,      -10.16,
 140.320180,   35.340991,      -10.22,
 140.324685,   35.340991,      -10.28,
 140.329189,   35.340991,      -10.34,
 140.333694,   35.340991,      -10.40,
 140.338198,   35.340991,      -10.47,
 140.342703,   35.340991,      -10.53,
 140.347207,   35.340991,      -10.60,
 140.351712,   35.340991,      -10.66,
 140.356216,   35.340991,      -10.73,
 140.360721,   35.340991,      -10.80,
 140.365225,   35.340991,      -10.87,
 140.369730,   35.340991,      -10.94,
 140.374234,   35.340991,      -11.02,
 140.378739,   35.340991,      -11.09,
 140.383243,   35.340991,      -11.16,
 140.387748,   35.340991,      -11.24,
 139.140000,   35.345495,        3.65,
 139.144505,   35.345495,        3.32,
 139.149009,   35.345495,        3.00,
 139.153514,   35.345495,        2.68,
 139.158018,   35.345495,        2.37,
 139.162523,   35.345495,        2.07,
 139.167027,   35.345495,        1.77,
 139.171532,   35.345495,        1.47,
 139.176036,   35.345495,        1.18,
 139.180541,   35.345495,        0.89,
 139.185045,   35.345495,        0.61,
 139.189550,   35.345495,        0.34,
 139.194054,   35.345495,        0.07,
 139.198559,   35.345495,       -0.19,
 139.203063,   35.345495,       -0.45,
 139.207568,   35.345495,       -0.70,
 139.212072,   35.345495,       -0.95,
 139.216577,   35.345495,       -1.20,
 139.221081,   35.345495,       -1.43,
 139.225586,   35.345495,       -1.67,
 139.230090,   35.345495,       -1.89,
 139.234595,   35.345495,       -2.12,
 139.239099,   35.345495,       -2.33,
 139.243604,   35.345495,       -2.54,
 139.248108,   35.345495,       -2.75,
 139.252613,   35.345495,       -2.95,
 139.257117,   35.345495,       -3.15,
 139.261622,   35.345495,       -3.34,
 139.266126,   35.345495,       -3.52,
 139.270631,   35.345495,       -3.70,
 139.275135,   35.345495,       -3.88,
 139.279640,   35.345495,       -4.05,
 139.284144,   35.345495,       -4.21,
 139.288649,   35.345495,       -4.37,
 139.293153,   35.345495,       -4.53,
 139.297658,   35.345495,       -4.68,
 139.302162,   35.345495,       -5.25,
 139.306667,   35.345495,       -6.54,
 139.311171,   35.345495,       -7.33,
 139.315676,   35.345495,       -7.29,
 139.320180,   35.345495,       -7.23,
 139.324685,   35.345495,       -7.18,
 139.329189,   35.345495,       -7.12,
 139.333694,   35.345495,       -7.06,
 139.338198,   35.345495,       -7.00,
 139.342703,   35.345495,       -6.93,
 139.347207,   35.345495,       -6.85,
 139.351712,   35.345495,       -6.76,
 139.356216,   35.345495,       -6.66,
 139.360721,   35.345495,       -6.54,
 139.365225,   35.345495,       -6.40,
 139.369730,   35.345495,       -6.25,
 139.374234,   35.345495,       -6.10,
 139.378739,   35.345495,       -5.95,
 139.383243,   35.345495,       -5.80,
 139.387748,   35.345495,       -5.66,
 139.392252,   35.345495,       -5.51,
 139.396757,   35.345495,       -5.36,
 139.401261,   35.345495,       -5.22,
 139.405766,   35.345495,       -5.09,
 139.410270,   35.345495,       -4.95,
 139.414775,   35.345495,       -4.82,
 139.419279,   35.345495,       -4.68,
 139.423784,   35.345495,       -4.51,
 139.428288,   35.345495,       -4.27,
 139.432793,   35.345495,       -4.00,
 139.437297,   35.345495,       -3.74,
 139.441802,   35.345495,       -3.49,
 139.446306,   35.345495,       -3.25,
 139.450811,   35.345495,       -3.02,
 139.455315,   35.345495,       -2.81,
 139.459820,   35.345495,       -2.60,
 139.464324,   35.345495,       -2.40,
 139.468829,   35.345495,       -2.21,
 139.473333,   35.345495,       -2.03,
 139.477838,   35.345495,       -1.86,
 139.482342,   35.345495,       -1.70,
 139.486847,   35.345495,       -1.55,
 139.491351,   35.345495,       -1.41,
 139.495856,   35.345495,       -1.27,
 139.500360,   35.345495,       -1.15,
 139.504865,   35.345495,       -1.04,
 139.509369,   35.345495,       -0.94,
 139.513874,   35.345495,       -0.85,
 139.518378,   35.345495,       -0.77,
 139.522883,   35.345495,       -0.70,
 139.527387,   35.345495,       -0.63,
 139.531892,   35.345495,       -0.56,
 139.536396,   35.345495,       -0.48,
 139.540901,   35.345495,       -0.40,
 139.545405,   35.345495,       -0.32,
 139.549910,   35.345495,       -0.23,
 139.554414,   35.345495,       -0.14,
 139.558919,   35.345495,       -0.04,
 139.563423,   35.345495,        0.06,
 139.567928,   35.345495,        0.17,
 139.572432,   35.345495,        0.27,
 139.576937,   35.345495,        0.38,
 139.581441,   35.345495,        0.48,
 139.585946,   35.345495,        0.59,
 139.590450,   35.345495,        0.68,
 139.594955,   35.345495,        0.74,
 139.599459,   35.345495,        0.77,
 139.603964,   35.345495,        0.80,
 139.608468,   35.345495,        0.81,
 139.612973,   35.345495,        0.81,
 139.617477,   35.345495,        0.80,
 139.621982,   35.345495,        0.78,
 139.626486,   35.345495,        0.76,
 139.630991,   35.345495,        0.71,
 139.635495,   35.345495,        0.61,
 139.640000,   35.345495,        0.69,
 139.644505,   35.345495,        0.90,
 139.649009,   35.345495,        1.18,
 139.653514,   35.345495,        1.56,
 139.658018,   35.345495,        1.68,
 139.662523,   35.345495,        1.57,
 139.667027,   35.345495,        1.36,
 139.671532,   35.345495,        1.18,
 139.676036,   35.345495,        0.91,
 139.680541,   35.345495,        0.58,
 139.685045,   35.345495,        0.25,
 139.689550,   35.345495,       -0.12,
 139.694054,   35.345495,       -0.50,
 139.698559,   35.345495,       -0.85,
 139.703063,   35.345495,       -1.05,
 139.707568,   35.345495,       -1.14,
 139.712072,   35.345495,       -1.14,
 139.716577,   35.345495,       -0.96,
 139.721081,   35.345495,       -0.72,
 139.725586,   35.345495,       -0.50,
 139.730090,   35.345495,       -0.30,
 139.734595,   35.345495,       -0.14,
 139.739099,   35.345495,       -0.01,
 139.743604,   35.345495,        0.09,
 139.748108,   35.345495,        0.16,
 139.752613,   35.345495,        0.18,
 139.757117,   35.345495,        0.13,
 139.761622,   35.345495,        0.04,
 139.766126,   35.345495,       -0.10,
 139.770631,   35.345495,       -0.24,
 139.775135,   35.345495,       -0.34,
 139.779640,   35.345495,       -0.42,
 139.784144,   35.345495,       -0.46,
 139.788649,   35.345495,       -0.46,
 139.793153,   35.345495,       -0.40,
 139.797658,   35.345495,       -0.34,
 139.802162,   35.345495,       -0.29,
 139.806667,   35.345495,       -0.24,
 139.811171,   35.345495,       -0.19,
 139.815676,   35.345495,       -0.14,
 139.820180,   35.345495,       -0.02,
 139.824685,   35.345495,        0.08,
 139.829189,   35.345495,        0.08,
 139.833694,   35.345495,        0.03,
 139.838198,   35.345495,       -0.06,
 139.842703,   35.345495,       -0.06,
 139.847207,   35.345495,        0.07,
 139.851712,   35.345495,        0.23,
 139.856216,   35.345495,        0.40,
 139.860721,   35.345495,        0.55,
 139.865225,   35.345495,        0.62,
 139.869730,   35.345495,        0.61,
 139.874234,   35.345495,        0.54,
 139.878739,   35.345495,        0.40,
 139.883243,   35.345495,        0.22,
 139.887748,   35.345495,        0.01,
 139.892252,   35.345495,       -0.23,
 139.896757,   35.345495,       -0.50,
 139.901261,   35.345495,       -0.76,
 139.905766,   35.345495,       -0.99,
 139.910270,   35.345495,       -1.20,
 139.914775,   35.345495,       -1.40,
 139.919279,   35.345495,       -1.59,
 139.923784,   35.345495,       -1.78,
 139.928288,   35.345495,       -1.97,
 139.932793,   35.345495,       -2.16,
 139.937297,   35.345495,       -2.35,
 139.941802,   35.345495,       -2.54,
 139.946306,   35.345495,       -2.73,
 139.950811,   35.345495,       -2.91,
 139.955315,   35.345495,       -3.10,
 139.959820,   35.345495,       -3.29,
 139.964324,   35.345495,       -3.47,
 139.968829,   35.345495,       -3.65,
 139.973333,   35.345495,       -3.82,
 139.977838,   35.345495,       -3.99,
 139.982342,   35.345495,       -4.16,
 139.986847,   35.345495,       -4.33,
 139.991351,   35.345495,       -4.50,
 139.995856,   35.345495,       -4.66,
 140.000360,   35.345495,       -4.82,
 140.004865,   35.345495,       -4.98,
 140.009369,   35.345495,       -5.13,
 140.013874,   35.345495,       -5.28,
 140.018378,   35.345495,       -5.43,
 140.022883,   35.345495,       -5.57,
 140.027387,   35.345495,       -5.71,
 140.031892,   35.345495,       -5.85,
 140.036396,   35.345495,       -5.98,
 140.040901,   35.345495,       -6.12,
 140.045405,   35.345495,       -6.25,
 140.049910,   35.345495,       -6.37,
 140.054414,   35.345495,       -6.50,
 140.058919,   35.345495,       -6.62,
 140.063423,   35.345495,       -6.74,
 140.067928,   35.345495,       -6.86,
 140.072432,   35.345495,       -6.97,
 140.076937,   35.345495,       -7.08,
 140.081441,   35.345495,       -7.19,
 140.085946,   35.345495,       -7.30,
 140.090450,   35.345495,       -7.40,
 140.094955,   35.345495,       -7.50,
 140.099459,   35.345495,       -7.60,
 140.103964,   35.345495,       -7.70,
 140.108468,   35.345495,       -7.79,
 140.112973,   35.345495,       -7.88,
 140.117477,   35.345495,       -7.97,
 140.121982,   35.345495,       -8.06,
 140.126486,   35.345495,       -8.14,
 140.130991,   35.345495,       -8.23,
 140.135495,   35.345495,       -8.31,
 140.140000,   35.345495,       -8.38,
 140.144505,   35.345495,       -8.46,
 140.149009,   35.345495,       -8.53,
 140.153514,   35.345495,       -8.60,
 140.158018,   35.345495,       -8.66,
 140.162523,   35.345495,       -8.72,
 140.167027,   35.345495,       -8.77,
 140.171532,   35.345495,       -8.83,
 140.176036,   35.345495,       -8.88,
 140.180541,   35.345495,       -8.93,
 140.185045,   35.345495,       -8.97,
 140.189550,   35.345495,       -9.01,
 140.194054,   35.345495,       -9.05,
 140.198559,   35.345495,       -9.09,
 140.203063,   35.345495,       -9.13,
 140.207568,   35.345495,       -9.17,
 140.212072,   35.345495,       -9.20,
 140.216577,   35.345495,       -9.23,
 140.221081,   35.345495,       -9.26,
 140.225586,   35.345495,       -9.29,
 140.230090,   35.345495,       -9.32,
 140.234595,   35.345495,       -9.34,
 140.239099,   35.345495,       -9.37,
 140.243604,   35.345495,       -9.39,
 140.248108,   35.345495,       -9.41,
 140.252613,   35.345495,       -9.43,
 140.257117,   35.345495,       -9.45,
 140.261622,   35.345495,       -9.47,
 140.266126,   35.345495,       -9.49,
 140.270631,   35.345495,       -9.50,
 140.275135,   35.345495,       -9.52,
 140.279640,   35.345495,       -9.53,
 140.284144,   35.345495,       -9.56,
 140.288649,   35.345495,       -9.61,
 140.293153,   35.345495,       -9.66,
 140.297658,   35.345495,       -9.72,
 140.302162,   35.345495,       -9.77,
 140.306667,   35.345495,       -9.83,
 140.311171,   35.345495,       -9.89,
 140.315676,   35.345495,       -9.94,
 140.320180,   35.345495,      -10.00,
 140.324685,   35.345495,      -10.06,
 140.329189,   35.345495,      -10.13,
 140.333694,   35.345495,      -10.19,
 140.338198,   35.345495,      -10.25,
 140.342703,   35.345495,      -10.32,
 140.347207,   35.345495,      -10.38,
 140.351712,   35.345495,      -10.45,
 140.356216,   35.345495,      -10.52,
 140.360721,   35.345495,      -10.59,
 140.365225,   35.345495,      -10.66,
 140.369730,   35.345495,      -10.73,
 140.374234,   35.345495,      -10.80,
 140.378739,   35.345495,      -10.87,
 140.383243,   35.345495,      -10.95,
 140.387748,   35.345495,      -11.02,
 139.140000,   35.350000,        4.01,
 139.144505,   35.350000,        3.68,
 139.149009,   35.350000,        3.36,
 139.153514,   35.350000,        3.04,
 139.158018,   35.350000,        2.72,
 139.162523,   35.350000,        2.42,
 139.167027,   35.350000,        2.11,
 139.171532,   35.350000,        1.82,
 139.176036,   35.350000,        1.52,
 139.180541,   35.350000,        1.24,
 139.185045,   35.350000,        0.95,
 139.189550,   35.350000,        0.68,
 139.194054,   35.350000,        0.41,
 139.198559,   35.350000,        0.14,
 139.203063,   35.350000,       -0.12,
 139.207568,   35.350000,       -0.38,
 139.212072,   35.350000,       -0.63,
 139.216577,   35.350000,       -0.87,
 139.221081,   35.350000,       -1.11,
 139.225586,   35.350000,       -1.35,
 139.230090,   35.350000,       -1.58,
 139.234595,   35.350000,       -1.80,
 139.239099,   35.350000,       -2.02,
 139.243604,   35.350000,       -2.23,
 139.248108,   35.350000,       -2.44,
 139.252613,   35.350000,       -2.65,
 139.257117,   35.350000,       -2.84,
 139.261622,   35.350000,       -3.04,
 139.266126,   35.350000,       -3.22,
 139.270631,   35.350000,       -3.41,
 139.275135,   35.350000,       -3.58,
 139.279640,   35.350000,       -3.76,
 139.284144,   35.350000,       -3.92,
 139.288649,   35.350000,       -4.08,
 139.293153,   35.350000,       -4.24,
 139.297658,   35.350000,       -4.39,
 139.302162,   35.350000,       -4.54,
 139.306667,   35.350000,       -4.68,
 139.311171,   35.350000,       -5.79,
 139.315676,   35.350000,       -6.93,
 139.320180,   35.350000,       -7.19,
 139.324685,   35.350000,       -7.14,
 139.329189,   35.350000,       -7.08,
 139.333694,   35.350000,       -7.02,
 139.338198,   35.350000,       -6.95,
 139.342703,   35.350000,       -6.88,
 139.347207,   35.350000,       -6.81,
 139.351712,   35.350000,       -6.73,
 139.356216,   35.350000,       -6.64,
 139.360721,   35.350000,       -6.55,
 139.365225,   35.350000,       -6.44,
 139.369730,   35.350000,       -6.31,
 139.374234,   35.350000,       -6.16,
 139.378739,   35.350000,       -6.01,
 139.383243,   35.350000,       -5.86,
 139.387748,   35.350000,       -5.70,
 139.392252,   35.350000,       -5.55,
 139.396757,   35.350000,       -5.40,
 139.401261,   35.350000,       -5.25,
 139.405766,   35.350000,       -5.10,
 139.410270,   35.350000,       -4.95,
 139.414775,   35.350000,       -4.81,
 139.419279,   35.350000,       -4.67,
 139.423784,   35.350000,       -4.53,
 139.428288,   35.350000,       -4.38,
 139.432793,   35.350000,       -4.21,
 139.437297,   35.350000,       -4.01,
 139.441802,   35.350000,       -3.76,
 139.446306,   35.350000,       -3.51,
 139.450811,   35.350000,       -3.28,
 139.455315,   35.350000,       -3.05,
 139.459820,   35.350000,       -2.83,
 139.464324,   35.350000,       -2.62,
 139.468829,   35.350000,       -2.42,
 139.473333,   35.350000,       -2.23,
 139.477838,   35.350000,       -2.04,
 139.482342,   35.350000,       -1.86,
 139.486847,   35.350000,       -1.69,
 139.491351,   35.350000,       -1.53,
 139.495856,   35.350000,       -1.37,
 139.500360,   35.350000,       -1.23,
 139.504865,   35.350000,       -1.09,
 139.509369,   35.350000,       -0.96,
 139.513874,   35.350000,       -0.84,
 139.518378,   35.350000,       -0.73,
 139.522883,   35.350000,       -0.64,
 139.527387,   35.350000,       -0.55,
 139.531892,   35.350000,       -0.47,
 139.536396,   35.350000,       -0.39,
 139.540901,   35.350000,       -0.30,
 139.545405,   35.350000,       -0.21,
 139.549910,   35.350000,       -0.12,
 139.554414,   35.350000,       -0.02,
 139.558919,   35.350000,        0.08,
 139.563423,   35.350000,        0.19,
 139.567928,   35.350000,        0.31,
 139.572432,   35.350000,        0.42,
 139.576937,   35.350000,        0.54,
 139.581441,   35.350000,        0.67,
 139.585946,   35.350000,        0.79,
 139.590450,   35.350000,        0.90,
 139.594955,   35.350000,        1.01,
 139.599459,   35.350000,        1.08,
 139.603964,   35.350000,        1.10,
 139.608468,   35.350000,        1.12,
 139.612973,   35.350000,        1.13,
 139.617477,   35.350000,        1.12,
 139.621982,   35.350000,        1.11,
 139.626486,   35.350000,        1.09,
 139.630991,   35.350000,        1.06,
 139.635495,   35.350000,        1.01,
 139.640000,   35.350000,        1.06,
 139.644505,   35.350000,        1.29,
 139.649009,   35.350000,        1.59,
 139.653514,   35.350000,        1.89,
 139.658018,   35.350000,        2.04,
 139.662523,   35.350000,        1.98,
 139.667027,   35.350000,        1.54,
 139.671532,   35.350000,        1.23,
 139.676036,   35.350000,        0.93,
 139.680541,   35.350000,        0.63,
 139.685045,   35.350000,        0.30,
 139.689550,   35.350000,       -0.07,
 139.694054,   35.350000,       -0.44,
 139.698559,   35.350000,       -0.82,
 139.703063,   35.350000,       -1.14,
 139.707568,   35.350000,       -1.15,
 139.712072,   35.350000,       -1.13,
 139.716577,   35.350000,       -0.96,
 139.721081,   35.350000,       -0.66,
 139.725586,   35.350000,       -0.38,
 139.730090,   35.350000,       -0.16,
 139.734595,   35.350000,       -0.00,
 139.739099,   35.350000,        0.12,
 139.743604,   35.350000,        0.19,
 139.748108,   35.350000,        0.23,
 139.752613,   35.350000,        0.24,
 139.757117,   35.350000,        0.21,
 139.761622,   35.350000,        0.12,
 139.766126,   35.350000,        0.01,
 139.770631,   35.350000,       -0.13,
 139.775135,   35.350000,       -0.25,
 139.779640,   35.350000,       -0.34,
 139.784144,   35.350000,       -0.41,
 139.788649,   35.350000,       -0.40,
 139.793153,   35.350000,       -0.38,
 139.797658,   35.350000,       -0.32,
 139.802162,   35.350000,       -0.25,
 139.806667,   35.350000,       -0.19,
 139.811171,   35.350000,       -0.13,
 139.815676,   35.350000,       -0.08,
 139.820180,   35.350000,        0.01,
 139.824685,   35.350000,        0.09,
 139.829189,   35.350000,        0.11,
 139.833694,   35.350000,        0.10,
 139.838198,   35.350000,        0.06,
 139.842703,   35.350000,        0.00,
 139.847207,   35.350000,        0.04,
 139.851712,   35.350000,        0.23,
 139.856216,   35.350000,        0.40,
 139.860721,   35.350000,        0.56,
 139.865225,   35.350000,        0.69,
 139.869730,   35.350000,        0.70,
 139.874234,   35.350000,        0.64,
 139.878739,   35.350000,        0.52,
 139.883243,   35.350000,        0.34,
 139.887748,   35.350000,        0.13,
 139.892252,   35.350000,       -0.11,
 139.896757,   35.350000,       -0.38,
 139.901261,   35.350000,       -0.66,
 139.905766,   35.350000,       -0.89,
 139.910270,   35.350000,       -1.10,
 139.914775,   35.350000,       -1.29,
 139.919279,   35.350000,       -1.48,
 139.923784,   35.350000,       -1.67,
 139.928288,   35.350000,       -1.85,
 139.932793,   35.350000,       -2.03,
 139.937297,   35.350000,       -2.22,
 139.941802,   35.350000,       -2.40,
 139.946306,   35.350000,       -2.58,
 139.950811,   35.350000,       -2.77,
 139.955315,   35.350000,       -2.95,
 139.959820,   35.350000,       -3.13,
 139.964324,   35.350000,       -3.31,
 139.968829,   35.350000,       -3.48,
 139.973333,   35.350000,       -3.66,
 139.977838,   35.350000,       -3.83,
 139.982342,   35.350000,       -3.99,
 139.986847,   35.350000,       -4.16,
 139.991351,   35.350000,       -4.32,
 139.995856,   35.350000,       -4.48,
 140.000360,   35.350000,       -4.64,
 140.004865,   35.350000,       -4.79,
 140.009369,   35.350000,       -4.94,
 140.013874,   35.350000,       -5.09,
 140.018378,   35.350000,       -5.24,
 140.022883,   35.350000,       -5.38,
 140.027387,   35.350000,       -5.52,
 140.031892,   35.350000,       -5.65,
 140.036396,   35.350000,       -5.79,
 140.040901,   35.350000,       -5.92,
 140.045405,   35.350000,       -6.04,
 140.049910,   35.350000,       -6.17,
 140.054414,   35.350000,       -6.29,
 140.058919,   35.350000,       -6.41,
 140.063423,   35.350000,       -6.53,
 140.067928,   35.350000,       -6.65,
 140.072432,   35.350000,       -6.76,
 140.076937,   35.350000,       -6.87,
 140.081441,   35.350000,       -6.98,
 140.085946,   35.350000,       -7.09,
 140.090450,   35.350000,       -7.19,
 140.094955,   35.350000,       -7.29,
 140.099459,   35.350000,       -7.39,
 140.103964,   35.350000,       -7.48,
 140.108468,   35.350000,       -7.57,
 140.112973,   35.350000,       -7.66,
 140.117477,   35.350000,       -7.75,
 140.121982,   35.350000,       -7.84,
 140.126486,   35.350000,       -7.92,
 140.130991,   35.350000,       -8.00,
 140.135495,   35.350000,       -8.08,
 140.140000,   35.350000,       -8.16,
 140.144505,   35.350000,       -8.23,
 140.149009,   35.350000,       -8.30,
 140.153514,   35.350000,       -8.37,
 140.158018,   35.350000,       -8.43,
 140.162523,   35.350000,       -8.49,
 140.167027,   35.350000,       -8.54,
 140.171532,   35.350000,       -8.60,
 140.176036,   35.350000,       -8.64,
 140.180541,   35.350000,       -8.69,
 140.185045,   35.350000,       -8.74,
 140.189550,   35.350000,       -8.78,
 140.194054,   35.350000,       -8.82,
 140.198559,   35.350000,       -8.86,
 140.203063,   35.350000,       -8.89,
 140.207568,   35.350000,       -8.93,
 140.212072,   35.350000,       -8.96,
 140.216577,   35.350000,       -9.00,
 140.221081,   35.350000,       -9.03,
 140.225586,   35.350000,       -9.06,
 140.230090,   35.350000,       -9.08,
 140.234595,   35.350000,       -9.11,
 140.239099,   35.350000,       -9.13,
 140.243604,   35.350000,       -9.16,
 140.248108,   35.350000,       -9.18,
 140.252613,   35.350000,       -9.20,
 140.257117,   35.350000,       -9.22,
 140.261622,   35.350000,       -9.24,
 140.266126,   35.350000,       -9.25,
 140.270631,   35.350000,       -9.27,
 140.275135,   35.350000,       -9.28,
 140.279640,   35.350000,       -9.30,
 140.284144,   35.350000,       -9.35,
 140.288649,   35.350000,       -9.40,
 140.293153,   35.350000,       -9.45,
 140.297658,   35.350000,       -9.51,
 140.302162,   35.350000,       -9.56,
 140.306667,   35.350000,       -9.62,
 140.311171,   35.350000,       -9.67,
 140.315676,   35.350000,       -9.73,
 140.320180,   35.350000,       -9.79,
 140.324685,   35.350000,       -9.85,
 140.329189,   35.350000,       -9.91,
 140.333694,   35.350000,       -9.97,
 140.338198,   35.350000,      -10.04,
 140.342703,   35.350000,      -10.10,
 140.347207,   35.350000,      -10.17,
 140.351712,   35.350000,      -10.23,
 140.356216,   35.350000,      -10.30,
 140.360721,   35.350000,      -10.37,
 140.365225,   35.350000,      -10.44,
 140.369730,   35.350000,      -10.51,
 140.374234,   35.350000,      -10.58,
 140.378739,   35.350000,      -10.65,
 140.383243,   35.350000,      -10.73,
 140.387748,   35.350000,      -10.80,
 139.140000,   35.354505,        4.37,
 139.144505,   35.354505,        4.03,
 139.149009,   35.354505,        3.71,
 139.153514,   35.354505,        3.39,
 139.158018,   35.354505,        3.07,
 139.162523,   35.354505,        2.76,
 139.167027,   35.354505,        2.46,
 139.171532,   35.354505,        2.16,
 139.176036,   35.354505,        1.86,
 139.180541,   35.354505,        1.57,
 139.185045,   35.354505,        1.29,
 139.189550,   35.354505,        1.01,
 139.194054,   35.354505,        0.74,
 139.198559,   35.354505,        0.47,
 139.203063,   35.354505,        0.21,
 139.207568,   35.354505,       -0.05,
 139.212072,   35.354505,       -0.31,
 139.216577,   35.354505,       -0.55,
 139.221081,   35.354505,       -0.80,
 139.225586,   35.354505,       -1.03,
 139.230090,   35.354505,       -1.26,
 139.234595,   35.354505,       -1.49,
 139.239099,   35.354505,       -1.71,
 139.243604,   35.354505,       -1.93,
 139.248108,   35.354505,       -2.14,
 139.252613,   35.354505,       -2.34,
 139.257117,   35.354505,       -2.54,
 139.261622,   35.354505,       -2.74,
 139.266126,   35.354505,       -2.93,
 139.270631,   35.354505,       -3.11,
 139.275135,   35.354505,       -3.29,
 139.279640,   35.354505,       -3.47,
 139.284144,   35.354505,       -3.64,
 139.288649,   35.354505,       -3.80,
 139.293153,   35.354505,       -3.96,
 139.297658,   35.354505,       -4.11,
 139.302162,   35.354505,       -4.26,
 139.306667,   35.354505,       -4.40,
 139.311171,   35.354505,       -4.54,
 139.315676,   35.354505,       -5.06,
 139.320180,   35.354505,       -6.26,
 139.324685,   35.354505,       -7.10,
 139.329189,   35.354505,       -7.04,
 139.333694,   35.354505,       -6.98,
 139.338198,   35.354505,       -6.91,
 139.342703,   35.354505,       -6.84,
 139.347207,   35.354505,       -6.77,
 139.351712,   35.354505,       -6.70,
 139.356216,   35.354505,       -6.61,
 139.360721,   35.354505,       -6.53,
 139.365225,   35.354505,       -6.43,
 139.369730,   35.354505,       -6.33,
 139.374234,   35.354505,       -6.21,
 139.378739,   35.354505,       -6.08,
 139.383243,   35.354505,       -5.93,
 139.387748,   35.354505,       -5.77,
 139.392252,   35.354505,       -5.62,
 139.396757,   35.354505,       -5.46,
 139.401261,   35.354505,       -5.31,
 139.405766,   35.354505,       -5.15,
 139.410270,   35.354505,       -5.00,
 139.414775,   35.354505,       -4.85,
 139.419279,   35.354505,       -4.69,
 139.423784,   35.354505,       -4.54,
 139.428288,   35.354505,       -4.40,
 139.432793,   35.354505,       -4.25,
 139.437297,   35.354505,       -4.10,
 139.441802,   35.354505,       -3.94,
 139.446306,   35.354505,       -3.75,
 139.450811,   35.354505,       -3.52,
 139.455315,   35.354505,       -3.29,
 139.459820,   35.354505,       -3.06,
 139.464324,   35.354505,       -2.84,
 139.468829,   35.354505,       -2.62,
 139.473333,   35.354505,       -2.42,
 139.477838,   35.354505,       -2.22,
 139.482342,   35.354505,       -2.03,
 139.486847,   35.354505,       -1.84,
 139.491351,   35.354505,       -1.66,
 139.495856,   35.354505,       -1.49,
 139.500360,   35.354505,       -1.33,
 139.504865,   35.354505,       -1.17,
 139.509369,   35.354505,       -1.02,
 139.513874,   35.354505,       -0.88,
 139.518378,   35.354505,       -0.75,
 139.522883,   35.354505,       -0.62,
 139.527387,   35.354505,       -0.51,
 139.531892,   35.354505,       -0.41,
 139.536396,   35.354505,       -0.32,
 139.540901,   35.354505,       -0.22,
 139.545405,   35.354505,       -0.13,
 139.549910,   35.354505,       -0.03,
 139.554414,   35.354505,        0.08,
 139.558919,   35.354505,        0.19,
 139.563423,   35.354505,        0.30,
 139.567928,   35.354505,        0.42,
 139.572432,   35.354505,        0.55,
 139.576937,   35.354505,        0.68,
 139.581441,   35.354505,        0.82,
 139.585946,   35.354505,        0.95,
 139.590450,   35.354505,        1.09,
 139.594955,   35.354505,        1.23,
 139.599459,   35.354505,        1.35,
 139.603964,   35.354505,        1.43,
 139.608468,   35.354505,        1.45,
 139.612973,   35.354505,        1.46,
 139.617477,   35.354505,        1.46,
 139.621982,   35.354505,        1.46,
 139.626486,   35.354505,        1.44,
 139.630991,   35.354505,        1.42,
 139.635495,   35.354505,        1.39,
 139.640000,   35.354505,        1.43,
 139.644505,   35.354505,        1.62,
 139.649009,   35.354505,        1.95,
 139.653514,   35.354505,        2.26,
 139.658018,   35.354505,        2.38,
 139.662523,   35.354505,        2.08,
 139.667027,   35.354505,        1.73,
 139.671532,   35.354505,        1.34,
 139.676036,   35.354505,        1.03,
 139.680541,   35.354505,        0.76,
 139.685045,   35.354505,        0.43,
 139.689550,   35.354505,        0.05,
 139.694054,   35.354505,       -0.33,
 139.698559,   35.354505,       -0.71,
 139.703063,   35.354505,       -1.06,
 139.707568,   35.354505,       -1.21,
 139.712072,   35.354505,       -1.14,
 139.716577,   35.354505,       -0.93,
 139.721081,   35.354505,       -0.60,
 139.725586,   35.354505,       -0.26,
 139.730090,   35.354505,       -0.01,
 139.734595,   35.354505,        0.15,
 139.739099,   35.354505,        0.24,
 139.743604,   35.354505,        0.29,
 139.748108,   35.354505,        0.30,
 139.752613,   35.354505,        0.29,
 139.757117,   35.354505,        0.25,
 139.761622,   35.354505,        0.19,
 139.766126,   35.354505,        0.08,
 139.770631,   35.354505,       -0.03,
 139.775135,   35.354505,       -0.15,
 139.779640,   35.354505,       -0.25,
 139.784144,   35.354505,       -0.34,
 139.788649,   35.354505,       -0.35,
 139.793153,   35.354505,       -0.34,
 139.797658,   35.354505,       -0.29,
 139.802162,   35.354505,       -0.23,
 139.806667,   35.354505,       -0.16,
 139.811171,   35.354505,       -0.09,
 139.815676,   35.354505,       -0.03,
 139.820180,   35.354505,        0.04,
 139.824685,   35.354505,        0.12,
 139.829189,   35.354505,        0.15,
 139.833694,   35.354505,        0.15,
 139.838198,   35.354505,        0.14,
 139.842703,   35.354505,        0.12,
 139.847207,   35.354505,        0.10,
 139.851712,   35.354505,        0.25,
 139.856216,   35.354505,        0.42,
 139.860721,   35.354505,        0.58,
 139.865225,   35.354505,        0.72,
 139.869730,   35.354505,        0.81,
 139.874234,   35.354505,        0.77,
 139.878739,   35.354505,        0.66,
 139.883243,   35.354505,        0.48,
 139.887748,   35.354505,        0.26,
 139.892252,   35.354505,        0.01,
 139.896757,   35.354505,       -0.26,
 139.901261,   35.354505,       -0.55,
 139.905766,   35.354505,       -0.79,
 139.910270,   35.354505,       -1.00,
 139.914775,   35.354505,       -1.19,
 139.919279,   35.354505,       -1.37,
 139.923784,   35.354505,       -1.55,
 139.928288,   35.354505,       -1.73,
 139.932793,   35.354505,       -1.91,
 139.937297,   35.354505,       -2.09,
 139.941802,   35.354505,       -2.27,
 139.946306,   35.354505,       -2.44,
 139.950811,   35.354505,       -2.62,
 139.955315,   35.354505,       -2.80,
 139.959820,   35.354505,       -2.98,
 139.964324,   35.354505,       -3.15,
 139.968829,   35.354505,       -3.32,
 139.973333,   35.354505,       -3.49,
 139.977838,   35.354505,       -3.66,
 139.982342,   35.354505,       -3.82,
 139.986847,   35.354505,       -3.99,
 139.991351,   35.354505,       -4.15,
 139.995856,   35.354505,       -4.30,
 140.000360,   35.354505,       -4.46,
 140.004865,   35.354505,       -4.61,
 140.009369,   35.354505,       -4.76,
 140.013874,   35.354505,       -4.90,
 140.018378,   35.354505,       -5.04,
 140.022883,   35.354505,       -5.18,
 140.027387,   35.354505,       -5.32,
 140.031892,   35.354505,       -5.46,
 140.036396,   35.354505,       -5.59,
 140.040901,   35.354505,       -5.72,
 140.045405,   35.354505,       -5.84,
 140.049910,   35.354505,       -5.97,
 140.054414,   35.354505,       -6.09,
 140.058919,   35.354505,       -6.21,
 140.063423,   35.354505,       -6.33,
 140.067928,   35.354505,       -6.44,
 140.072432,   35.354505,       -6.55,
 140.076937,   35.354505,       -6.66,
 140.081441,   35.354505,       -6.77,
 140.085946,   35.354505,       -6.87,
 140.090450,   35.354505,       -6.97,
 140.094955,   35.354505,       -7.07,
 140.099459,   35.354505,       -7.17,
 140.103964,   35.354505,       -7.26,
 140.108468,   35.354505,       -7.36,
 140.112973,   35.354505,       -7.45,
 140.117477,   35.354505,       -7.53,
 140.121982,   35.354505,       -7.62,
 140.126486,   35.354505,       -7.70,
 140.130991,   35.354505,       -7.78,
 140.135495,   35.354505,       -7.86,
 140.140000,   35.354505,       -7.94,
 140.144505,   35.354505,       -8.01,
 140.149009,   35.354505,       -8.08,
 140.153514,   35.354505,       -8.14,
 140.158018,   35.354505,       -8.20,
 140.162523,   35.354505,       -8.26,
 140.167027,   35.354505,       -8.31,
 140.171532,   35.354505,       -8.36,
 140.176036,   35.354505,       -8.41,
 140.180541,   35.354505,       -8.46,
 140.185045,   35.354505,       -8.50,
 140.189550,   35.354505,       -8.54,
 140.194054,   35.354505,       -8.58,
 140.198559,   35.354505,       -8.62,
 140.203063,   35.354505,       -8.66,
 140.207568,   35.354505,       -8.70,
 140.212072,   35.354505,       -8.73,
 140.216577,   35.354505,       -8.76,
 140.221081,   35.354505,       -8.79,
 140.225586,   35.354505,       -8.82,
 140.230090,   35.354505,       -8.85,
 140.234595,   35.354505,       -8.87,
 140.239099,   35.354505,       -8.90,
 140.243604,   35.354505,       -8.92,
 140.248108,   35.354505,       -8.94,
 140.252613,   35.354505,       -8.96,
 140.257117,   35.354505,       -8.98,
 140.261622,   35.354505,       -9.00,
 140.266126,   35.354505,       -9.02,
 140.270631,   35.354505,       -9.03,
 140.275135,   35.354505,       -9.05,
 140.279640,   35.354505,       -9.09,
 140.284144,   35.354505,       -9.14,
 140.288649,   35.354505,       -9.19,
 140.293153,   35.354505,       -9.24,
 140.297658,   35.354505,       -9.30,
 140.302162,   35.354505,       -9.35,
 140.306667,   35.354505,       -9.40,
 140.311171,   35.354505,       -9.46,
 140.315676,   35.354505,       -9.52,
 140.320180,   35.354505,       -9.58,
 140.324685,   35.354505,       -9.64,
 140.329189,   35.354505,       -9.70,
 140.333694,   35.354505,       -9.76,
 140.338198,   35.354505,       -9.82,
 140.342703,   35.354505,       -9.89,
 140.347207,   35.354505,       -9.95,
 140.351712,   35.354505,      -10.02,
 140.356216,   35.354505,      -10.08,
 140.360721,   35.354505,      -10.15,
 140.365225,   35.354505,      -10.22,
 140.369730,   35.354505,      -10.29,
 140.374234,   35.354505,      -10.36,
 140.378739,   35.354505,      -10.43,
 140.383243,   35.354505,      -10.51,
 140.387748,   35.354505,      -10.58,
 139.140000,   35.359009,        4.72,
 139.144505,   35.359009,        4.38,
 139.149009,   35.359009,        4.06,
 139.153514,   35.359009,        3.73,
 139.158018,   35.359009,        3.42,
 139.162523,   35.359009,        3.10,
 139.167027,   35.359009,        2.80,
 139.171532,   35.359009,        2.49,
 139.176036,   35.359009,        2.20,
 139.180541,   35.359009,        1.90,
 139.185045,   35.359009,        1.62,
 139.189550,   35.359009,        1.34,
 139.194054,   35.359009,        1.06,
 139.198559,   35.359009,        0.79,
 139.203063,   35.359009,        0.53,
 139.207568,   35.359009,        0.27,
 139.212072,   35.359009,        0.01,
 139.216577,   35.359009,       -0.24,
 139.221081,   35.359009,       -0.48,
 139.225586,   35.359009,       -0.72,
 139.230090,   35.359009,       -0.96,
 139.234595,   35.359009,       -1.19,
 139.239099,   35.359009,       -1.41,
 139.243604,   35.359009,       -1.63,
 139.248108,   35.359009,       -1.84,
 139.252613,   35.359009,       -2.05,
 139.257117,   35.359009,       -2.25,
 139.261622,   35.359009,       -2.45,
 139.266126,   35.359009,       -2.64,
 139.270631,   35.359009,       -2.83,
 139.275135,   35.359009,       -3.01,
 139.279640,   35.359009,       -3.18,
 139.284144,   35.359009,       -3.36,
 139.288649,   35.359009,       -3.52,
 139.293153,   35.359009,       -3.68,
 139.297658,   35.359009,       -3.84,
 139.302162,   35.359009,       -3.99,
 139.306667,   35.359009,       -4.13,
 139.311171,   35.359009,       -4.27,
 139.315676,   35.359009,       -4.41,
 139.320180,   35.359009,       -4.54,
 139.324685,   35.359009,       -5.56,
 139.329189,   35.359009,       -6.63,
 139.333694,   35.359009,       -6.95,
 139.338198,   35.359009,       -6.88,
 139.342703,   35.359009,       -6.82,
 139.347207,   35.359009,       -6.74,
 139.351712,   35.359009,       -6.67,
 139.356216,   35.359009,       -6.59,
 139.360721,   35.359009,       -6.51,
 139.365225,   35.359009,       -6.42,
 139.369730,   35.359009,       -6.32,
 139.374234,   35.359009,       -6.22,
 139.378739,   35.359009,       -6.11,
 139.383243,   35.359009,       -5.99,
 139.387748,   35.359009,       -5.85,
 139.392252,   35.359009,       -5.70,
 139.396757,   35.359009,       -5.54,
 139.401261,   35.359009,       -5.38,
 139.405766,   35.359009,       -5.22,
 139.410270,   35.359009,       -5.06,
 139.414775,   35.359009,       -4.91,
 139.419279,   35.359009,       -4.75,
 139.423784,   35.359009,       -4.60,
 139.428288,   35.359009,       -4.44,
 139.432793,   35.359009,       -4.29,
 139.437297,   35.359009,       -4.14,
 139.441802,   35.359009,       -3.99,
 139.446306,   35.359009,       -3.84,
 139.450811,   35.359009,       -3.68,
 139.455315,   35.359009,       -3.49,
 139.459820,   35.359009,       -3.28,
 139.464324,   35.359009,       -3.05,
 139.468829,   35.359009,       -2.83,
 139.473333,   35.359009,       -2.61,
 139.477838,   35.359009,       -2.40,
 139.482342,   35.359009,       -2.20,
 139.486847,   35.359009,       -2.00,
 139.491351,   35.359009,       -1.81,
 139.495856,   35.359009,       -1.63,
 139.500360,   35.359009,       -1.45,
 139.504865,   35.359009,       -1.27,
 139.509369,   35.359009,       -1.11,
 139.513874,   35.359009,       -0.95,
 139.518378,   35.359009,       -0.80,
 139.522883,   35.359009,       -0.65,
 139.527387,   35.359009,       -0.51,
 139.531892,   35.359009,       -0.39,
 139.536396,   35.359009,       -0.27,
 139.540901,   35.359009,       -0.16,
 139.545405,   35.359009,       -0.06,
 139.549910,   35.359009,        0.04,
 139.554414,   35.359009,        0.15,
 139.558919,   35.359009,        0.27,
 139.563423,   35.359009,        0.39,
 139.567928,   35.359009,        0.52,
 139.572432,   35.359009,        0.65,
 139.576937,   35.359009,        0.79,
 139.581441,   35.359009,        0.94,
 139.585946,   35.359009,        1.09,
 139.590450,   35.359009,        1.25,
 139.594955,   35.359009,        1.41,
 139.599459,   35.359009,        1.56,
 139.603964,   35.359009,        1.70,
 139.608468,   35.359009,        1.79,
 139.612973,   35.359009,        1.80,
 139.617477,   35.359009,        1.81,
 139.621982,   35.359009,        1.81,
 139.626486,   35.359009,        1.80,
 139.630991,   35.359009,        1.79,
 139.635495,   35.359009,        1.77,
 139.640000,   35.359009,        1.80,
 139.644505,   35.359009,        1.96,
 139.649009,   35.359009,        2.22,
 139.653514,   35.359009,        2.62,
 139.658018,   35.359009,        2.43,
 139.662523,   35.359009,        2.16,
 139.667027,   35.359009,        1.84,
 139.671532,   35.359009,        1.48,
 139.676036,   35.359009,        1.20,
 139.680541,   35.359009,        0.93,
 139.685045,   35.359009,        0.60,
 139.689550,   35.359009,        0.20,
 139.694054,   35.359009,       -0.21,
 139.698559,   35.359009,       -0.59,
 139.703063,   35.359009,       -0.94,
 139.707568,   35.359009,       -1.27,
 139.712072,   35.359009,       -1.14,
 139.716577,   35.359009,       -0.90,
 139.721081,   35.359009,       -0.56,
 139.725586,   35.359009,       -0.19,
 139.730090,   35.359009,        0.07,
 139.734595,   35.359009,        0.23,
 139.739099,   35.359009,        0.31,
 139.743604,   35.359009,        0.35,
 139.748108,   35.359009,        0.35,
 139.752613,   35.359009,        0.33,
 139.757117,   35.359009,        0.28,
 139.761622,   35.359009,        0.23,
 139.766126,   35.359009,        0.14,
 139.770631,   35.359009,        0.04,
 139.775135,   35.359009,       -0.07,
 139.779640,   35.359009,       -0.16,
 139.784144,   35.359009,       -0.25,
 139.788649,   35.359009,       -0.28,
 139.793153,   35.359009,       -0.30,
 139.797658,   35.359009,       -0.25,
 139.802162,   35.359009,       -0.19,
 139.806667,   35.359009,       -0.12,
 139.811171,   35.359009,       -0.04,
 139.815676,   35.359009,        0.05,
 139.820180,   35.359009,        0.12,
 139.824685,   35.359009,        0.19,
 139.829189,   35.359009,        0.22,
 139.833694,   35.359009,        0.21,
 139.838198,   35.359009,        0.23,
 139.842703,   35.359009,        0.27,
 139.847207,   35.359009,        0.41,
 139.851712,   35.359009,        0.56,
 139.856216,   35.359009,        0.53,
 139.860721,   35.359009,        0.63,
 139.865225,   35.359009,        0.75,
 139.869730,   35.359009,        0.87,
 139.874234,   35.359009,        0.93,
 139.878739,   35.359009,        0.83,
 139.883243,   35.359009,        0.65,
 139.887748,   35.359009,        0.41,
 139.892252,   35.359009,        0.15,
 139.896757,   35.359009,       -0.14,
 139.901261,   35.359009,       -0.43,
 139.905766,   35.359009,       -0.70,
 139.910270,   35.359009,       -0.90,
 139.914775,   35.359009,       -1.09,
 139.919279,   35.359009,       -1.27,
 139.923784,   35.359009,       -1.44,
 139.928288,   35.359009,       -1.61,
 139.932793,   35.359009,       -1.79,
 139.937297,   35.359009,       -1.96,
 139.941802,   35.359009,       -2.13,
 139.946306,   35.359009,       -2.31,
 139.950811,   35.359009,       -2.48,
 139.955315,   35.359009,       -2.65,
 139.959820,   35.359009,       -2.83,
 139.964324,   35.359009,       -3.00,
 139.968829,   35.359009,       -3.16,
 139.973333,   35.359009,       -3.33,
 139.977838,   35.359009,       -3.49,
 139.982342,   35.359009,       -3.65,
 139.986847,   35.359009,       -3.81,
 139.991351,   35.359009,       -3.97,
 139.995856,   35.359009,       -4.12,
 140.000360,   35.359009,       -4.28,
 140.004865,   35.359009,       -4.42,
 140.009369,   35.359009,       -4.57,
 140.013874,   35.359009,       -4.71,
 140.018378,   35.359009,       -4.85,
 140.022883,   35.359009,       -4.99,
 140.027387,   35.359009,       -5.13,
 140.031892,   35.359009,       -5.26,
 140.036396,   35.359009,       -5.39,
 140.040901,   35.359009,       -5.52,
 140.045405,   35.359009,       -5.64,
 140.049910,   35.359009,       -5.76,
 140.054414,   35.359009,       -5.88,
 140.058919,   35.359009,       -6.00,
 140.063423,   35.359009,       -6.12,
 140.067928,   35.359009,       -6.23,
 140.072432,   35.359009,       -6.34,
 140.076937,   35.359009,       -6.45,
 140.081441,   35.359009,       -6.56,
 140.085946,   35.359009,       -6.66,
 140.090450,   35.359009,       -6.76,
 140.094955,   35.359009,       -6.86,
 140.099459,   35.359009,       -6.95,
 140.103964,   35.359009,       -7.05,
 140.108468,   35.359009,       -7.14,
 140.112973,   35.359009,       -7.23,
 140.117477,   35.359009,       -7.31,
 140.121982,   35.359009,       -7.40,
 140.126486,   35.359009,       -7.48,
 140.130991,   35.359009,       -7.56,
 140.135495,   35.359009,       -7.64,
 140.140000,   35.359009,       -7.71,
 140.144505,   35.359009,       -7.78,
 140.149009,   35.359009,       -7.85,
 140.153514,   35.359009,       -7.91,
 140.158018,   35.359009,       -7.97,
 140.162523,   35.359009,       -8.03,
 140.167027,   35.359009,       -8.08,
 140.171532,   35.359009,       -8.13,
 140.176036,   35.359009,       -8.18,
 140.180541,   35.359009,       -8.23,
 140.185045,   35.359009,       -8.27,
 140.189550,   35.359009,       -8.31,
 140.194054,   35.359009,       -8.35,
 140.198559,   35.359009,       -8.39,
 140.203063,   35.359009,       -8.43,
 140.207568,   35.359009,       -8.46,
 140.212072,   35.359009,       -8.50,
 140.216577,   35.359009,       -8.53,
 140.221081,   35.359009,       -8.56,
 140.225586,   35.359009,       -8.59,
 140.230090,   35.359009,       -8.61,
 140.234595,   35.359009,       -8.64,
 140.239099,   35.359009,       -8.66,
 140.243604,   35.359009,       -8.69,
 140.248108,   35.359009,       -8.71,
 140.252613,   35.359009,       -8.73,
 140.257117,   35.359009,       -8.75,
 140.261622,   35.359009,       -8.77,
 140.266126,   35.359009,       -8.78,
 140.270631,   35.359009,       -8.80,
 140.275135,   35.359009,       -8.83,
 140.279640,   35.359009,       -8.88,
 140.284144,   35.359009,       -8.93,
 140.288649,   35.359009,       -8.98,
 140.293153,   35.359009,       -9.03,
 140.297658,   35.359009,       -9.08,
 140.302162,   35.359009,       -9.14,
 140.306667,   35.359009,       -9.19,
 140.311171,   35.359009,       -9.25,
 140.315676,   35.359009,       -9.30,
 140.320180,   35.359009,       -9.36,
 140.324685,   35.359009,       -9.42,
 140.329189,   35.359009,       -9.48,
 140.333694,   35.359009,       -9.54,
 140.338198,   35.359009,       -9.60,
 140.342703,   35.359009,       -9.67,
 140.347207,   35.359009,       -9.73,
 140.351712,   35.359009,       -9.80,
 140.356216,   35.359009,       -9.86,
 140.360721,   35.359009,       -9.93,
 140.365225,   35.359009,      -10.00,
 140.369730,   35.359009,      -10.07,
 140.374234,   35.359009,      -10.14,
 140.378739,   35.359009,      -10.21,
 140.383243,   35.359009,      -10.29,
 140.387748,   35.359009,      -10.36,
 139.140000,   35.363514,        5.06,
 139.144505,   35.363514,        4.73,
 139.149009,   35.363514,        4.40,
 139.153514,   35.363514,        4.07,
 139.158018,   35.363514,        3.75,
 139.162523,   35.363514,        3.44,
 139.167027,   35.363514,        3.13,
 139.171532,   35.363514,        2.82,
 139.176036,   35.363514,        2.52,
 139.180541,   35.363514,        2.23,
 139.185045,   35.363514,        1.94,
 139.189550,   35.363514,        1.66,
 139.194054,   35.363514,        1.38,
 139.198559,   35.363514,        1.11,
 139.203063,   35.363514,        0.84,
 139.207568,   35.363514,        0.58,
 139.212072,   35.363514,        0.32,
 139.216577,   35.363514,        0.07,
 139.221081,   35.363514,       -0.18,
 139.225586,   35.363514,       -0.42,
 139.230090,   35.363514,       -0.65,
 139.234595,   35.363514,       -0.89,
 139.239099,   35.363514,       -1.11,
 139.243604,   35.363514,       -1.33,
 139.248108,   35.363514,       -1.55,
 139.252613,   35.363514,       -1.76,
 139.257117,   35.363514,       -1.96,
 139.261622,   35.363514,       -2.16,
 139.266126,   35.363514,       -2.36,
 139.270631,   35.363514,       -2.54,
 139.275135,   35.363514,       -2.73,
 139.279640,   35.363514,       -2.91,
 139.284144,   35.363514,       -3.08,
 139.288649,   35.363514,       -3.25,
 139.293153,   35.363514,       -3.41,
 139.297658,   35.363514,       -3.57,
 139.302162,   35.363514,       -3.72,
 139.306667,   35.363514,       -3.87,
 139.311171,   35.363514,       -4.01,
 139.315676,   35.363514,       -4.15,
 139.320180,   35.363514,       -4.28,
 139.324685,   35.363514,       -4.40,
 139.329189,   35.363514,       -4.88,
 139.333694,   35.363514,       -5.99,
 139.338198,   35.363514,       -6.83,
 139.342703,   35.363514,       -6.80,
 139.347207,   35.363514,       -6.72,
 139.351712,   35.363514,       -6.65,
 139.356216,   35.363514,       -6.57,
 139.360721,   35.363514,       -6.49,
 139.365225,   35.363514,       -6.40,
 139.369730,   35.363514,       -6.32,
 139.374234,   35.363514,       -6.22,
 139.378739,   35.363514,       -6.12,
 139.383243,   35.363514,       -6.01,
 139.387748,   35.363514,       -5.90,
 139.392252,   35.363514,       -5.77,
 139.396757,   35.363514,       -5.62,
 139.401261,   35.363514,       -5.46,
 139.405766,   35.363514,       -5.30,
 139.410270,   35.363514,       -5.14,
 139.414775,   35.363514,       -4.98,
 139.419279,   35.363514,       -4.83,
 139.423784,   35.363514,       -4.67,
 139.428288,   35.363514,       -4.51,
 139.432793,   35.363514,       -4.36,
 139.437297,   35.363514,       -4.20,
 139.441802,   35.363514,       -4.05,
 139.446306,   35.363514,       -3.89,
 139.450811,   35.363514,       -3.74,
 139.455315,   35.363514,       -3.58,
 139.459820,   35.363514,       -3.42,
 139.464324,   35.363514,       -3.23,
 139.468829,   35.363514,       -3.03,
 139.473333,   35.363514,       -2.80,
 139.477838,   35.363514,       -2.58,
 139.482342,   35.363514,       -2.37,
 139.486847,   35.363514,       -2.16,
 139.491351,   35.363514,       -1.96,
 139.495856,   35.363514,       -1.77,
 139.500360,   35.363514,       -1.58,
 139.504865,   35.363514,       -1.39,
 139.509369,   35.363514,       -1.21,
 139.513874,   35.363514,       -1.04,
 139.518378,   35.363514,       -0.87,
 139.522883,   35.363514,       -0.71,
 139.527387,   35.363514,       -0.55,
 139.531892,   35.363514,       -0.41,
 139.536396,   35.363514,       -0.27,
 139.540901,   35.363514,       -0.14,
 139.545405,   35.363514,       -0.01,
 139.549910,   35.363514,        0.10,
 139.554414,   35.363514,        0.21,
 139.558919,   35.363514,        0.33,
 139.563423,   35.363514,        0.46,
 139.567928,   35.363514,        0.59,
 139.572432,   35.363514,        0.73,
 139.576937,   35.363514,        0.88,
 139.581441,   35.363514,        1.03,
 139.585946,   35.363514,        1.20,
 139.590450,   35.363514,        1.37,
 139.594955,   35.363514,        1.55,
 139.599459,   35.363514,        1.73,
 139.603964,   35.363514,        1.91,
 139.608468,   35.363514,        2.06,
 139.612973,   35.363514,        2.15,
 139.617477,   35.363514,        2.16,
 139.621982,   35.363514,        2.16,
 139.626486,   35.363514,        2.16,
 139.630991,   35.363514,        2.15,
 139.635495,   35.363514,        2.14,
 139.640000,   35.363514,        2.17,
 139.644505,   35.363514,        2.29,
 139.649009,   35.363514,        2.45,
 139.653514,   35.363514,        2.64,
 139.658018,   35.363514,        2.42,
 139.662523,   35.363514,        2.20,
 139.667027,   35.363514,        1.91,
 139.671532,   35.363514,        1.65,
 139.676036,   35.363514,        1.39,
 139.680541,   35.363514,        1.14,
 139.685045,   35.363514,        0.83,
 139.689550,   35.363514,        0.43,
 139.694054,   35.363514,        0.01,
 139.698559,   35.363514,       -0.44,
 139.703063,   35.363514,       -0.86,
 139.707568,   35.363514,       -1.14,
 139.712072,   35.363514,       -1.16,
 139.716577,   35.363514,       -0.91,
 139.721081,   35.363514,       -0.52,
 139.725586,   35.363514,       -0.16,
 139.730090,   35.363514,        0.12,
 139.734595,   35.363514,        0.27,
 139.739099,   35.363514,        0.35,
 139.743604,   35.363514,        0.37,
 139.748108,   35.363514,        0.37,
 139.752613,   35.363514,        0.35,
 139.757117,   35.363514,        0.31,
 139.761622,   35.363514,        0.25,
 139.766126,   35.363514,        0.20,
 139.770631,   35.363514,        0.11,
 139.775135,   35.363514,        0.01,
 139.779640,   35.363514,       -0.08,
 139.784144,   35.363514,       -0.15,
 139.788649,   35.363514,       -0.20,
 139.793153,   35.363514,       -0.20,
 139.797658,   35.363514,       -0.19,
 139.802162,   35.363514,       -0.14,
 139.806667,   35.363514,       -0.07,
 139.811171,   35.363514,        0.02,
 139.815676,   35.363514,        0.12,
 139.820180,   35.363514,        0.19,
 139.824685,   35.363514,        0.29,
 139.829189,   35.363514,        0.36,
 139.833694,   35.363514,        0.39,
 139.838198,   35.363514,        0.43,
 139.842703,   35.363514,        0.50,
 139.847207,   35.363514,        0.66,
 139.851712,   35.363514,        0.80,
 139.856216,   35.363514,        0.83,
 139.860721,   35.363514,        0.83,
 139.865225,   35.363514,        0.86,
 139.869730,   35.363514,        0.93,
 139.874234,   35.363514,        1.02,
 139.878739,   35.363514,        1.07,
 139.883243,   35.363514,        0.87,
 139.887748,   35.363514,        0.59,
 139.892252,   35.363514,        0.29,
 139.896757,   35.363514,       -0.02,
 139.901261,   35.363514,       -0.32,
 139.905766,   35.363514,       -0.60,
 139.910270,   35.363514,       -0.81,
 139.914775,   35.363514,       -0.99,
 139.919279,   35.363514,       -1.16,
 139.923784,   35.363514,       -1.33,
 139.928288,   35.363514,       -1.50,
 139.932793,   35.363514,       -1.67,
 139.937297,   35.363514,       -1.83,
 139.941802,   35.363514,       -2.00,
 139.946306,   35.363514,       -2.17,
 139.950811,   35.363514,       -2.34,
 139.955315,   35.363514,       -2.51,
 139.959820,   35.363514,       -2.67,
 139.964324,   35.363514,       -2.84,
 139.968829,   35.363514,       -3.00,
 139.973333,   35.363514,       -3.16,
 139.977838,   35.363514,       -3.32,
 139.982342,   35.363514,       -3.48,
 139.986847,   35.363514,       -3.64,
 139.991351,   35.363514,       -3.79,
 139.995856,   35.363514,       -3.94,
 140.000360,   35.363514,       -4.09,
 140.004865,   35.363514,       -4.24,
 140.009369,   35.363514,       -4.38,
 140.013874,   35.363514,       -4.52,
 140.018378,   35.363514,       -4.66,
 140.022883,   35.363514,       -4.80,
 140.027387,   35.363514,       -4.93,
 140.031892,   35.363514,       -5.06,
 140.036396,   35.363514,       -5.19,
 140.040901,   35.363514,       -5.32,
 140.045405,   35.363514,       -5.44,
 140.049910,   35.363514,       -5.56,
 140.054414,   35.363514,       -5.68,
 140.058919,   35.363514,       -5.80,
 140.063423,   35.363514,       -5.91,
 140.067928,   35.363514,       -6.02,
 140.072432,   35.363514,       -6.13,
 140.076937,   35.363514,       -6.24,
 140.081441,   35.363514,       -6.34,
 140.085946,   35.363514,       -6.45,
 140.090450,   35.363514,       -6.55,
 140.094955,   35.363514,       -6.64,
 140.099459,   35.363514,       -6.74,
 140.103964,   35.363514,       -6.83,
 140.108468,   35.363514,       -6.92,
 140.112973,   35.363514,       -7.01,
 140.117477,   35.363514,       -7.10,
 140.121982,   35.363514,       -7.18,
 140.126486,   35.363514,       -7.26,
 140.130991,   35.363514,       -7.34,
 140.135495,   35.363514,       -7.42,
 140.140000,   35.363514,       -7.49,
 140.144505,   35.363514,       -7.56,
 140.149009,   35.363514,       -7.62,
 140.153514,   35.363514,       -7.69,
 140.158018,   35.363514,       -7.74,
 140.162523,   35.363514,       -7.80,
 140.167027,   35.363514,       -7.85,
 140.171532,   35.363514,       -7.90,
 140.176036,   35.363514,       -7.95,
 140.180541,   35.363514,       -7.99,
 140.185045,   35.363514,       -8.04,
 140.189550,   35.363514,       -8.08,
 140.194054,   35.363514,       -8.12,
 140.198559,   35.363514,       -8.16,
 140.203063,   35.363514,       -8.19,
 140.207568,   35.363514,       -8.23,
 140.212072,   35.363514,       -8.26,
 140.216577,   35.363514,       -8.29,
 140.221081,   35.363514,       -8.32,
 140.225586,   35.363514,       -8.35,
 140.230090,   35.363514,       -8.38,
 140.234595,   35.363514,       -8.41,
 140.239099,   35.363514,       -8.43,
 140.243604,   35.363514,       -8.45,
 140.248108,   35.363514,       -8.48,
 140.252613,   35.363514,       -8.50,
 140.257117,   35.363514,       -8.52,
 140.261622,   35.363514,       -8.53,
 140.266126,   35.363514,       -8.55,
 140.270631,   35.363514,       -8.57,
 140.275135,   35.363514,       -8.62,
 140.279640,   35.363514,       -8.67,
 140.284144,   35.363514,       -8.71,
 140.288649,   35.363514,       -8.76,
 140.293153,   35.363514,       -8.82,
 140.297658,   35.363514,       -8.87,
 140.302162,   35.363514,       -8.92,
 140.306667,   35.363514,       -8.98,
 140.311171,   35.363514,       -9.03,
 140.315676,   35.363514,       -9.09,
 140.320180,   35.363514,       -9.15,
 140.324685,   35.363514,       -9.20,
 140.329189,   35.363514,       -9.26,
 140.333694,   35.363514,       -9.32,
 140.338198,   35.363514,       -9.39,
 140.342703,   35.363514,       -9.45,
 140.347207,   35.363514,       -9.51,
 140.351712,   35.363514,       -9.58,
 140.356216,   35.363514,       -9.65,
 140.360721,   35.363514,       -9.71,
 140.365225,   35.363514,       -9.78,
 140.369730,   35.363514,       -9.85,
 140.374234,   35.363514,       -9.92,
 140.378739,   35.363514,       -9.99,
 140.383243,   35.363514,      -10.06,
 140.387748,   35.363514,      -10.14,
 139.140000,   35.368018,        5.40,
 139.144505,   35.368018,        5.07,
 139.149009,   35.368018,        4.73,
 139.153514,   35.368018,        4.41,
 139.158018,   35.368018,        4.08,
 139.162523,   35.368018,        3.77,
 139.167027,   35.368018,        3.46,
 139.171532,   35.368018,        3.15,
 139.176036,   35.368018,        2.85,
 139.180541,   35.368018,        2.55,
 139.185045,   35.368018,        2.26,
 139.189550,   35.368018,        1.98,
 139.194054,   35.368018,        1.70,
 139.198559,   35.368018,        1.42,
 139.203063,   35.368018,        1.15,
 139.207568,   35.368018,        0.89,
 139.212072,   35.368018,        0.63,
 139.216577,   35.368018,        0.37,
 139.221081,   35.368018,        0.12,
 139.225586,   35.368018,       -0.12,
 139.230090,   35.368018,       -0.36,
 139.234595,   35.368018,       -0.59,
 139.239099,   35.368018,       -0.82,
 139.243604,   35.368018,       -1.04,
 139.248108,   35.368018,       -1.26,
 139.252613,   35.368018,       -1.47,
 139.257117,   35.368018,       -1.68,
 139.261622,   35.368018,       -1.88,
 139.266126,   35.368018,       -2.08,
 139.270631,   35.368018,       -2.27,
 139.275135,   35.368018,       -2.45,
 139.279640,   35.368018,       -2.63,
 139.284144,   35.368018,       -2.81,
 139.288649,   35.368018,       -2.98,
 139.293153,   35.368018,       -3.14,
 139.297658,   35.368018,       -3.30,
 139.302162,   35.368018,       -3.46,
 139.306667,   35.368018,       -3.61,
 139.311171,   35.368018,       -3.75,
 139.315676,   35.368018,       -3.89,
 139.320180,   35.368018,       -4.03,
 139.324685,   35.368018,       -4.15,
 139.329189,   35.368018,       -4.28,
 139.333694,   35.368018,       -4.39,
 139.338198,   35.368018,       -5.34,
 139.342703,   35.368018,       -6.34,
 139.347207,   35.368018,       -6.71,
 139.351712,   35.368018,       -6.64,
 139.356216,   35.368018,       -6.56,
 139.360721,   35.368018,       -6.48,
 139.365225,   35.368018,       -6.40,
 139.369730,   35.368018,       -6.31,
 139.374234,   35.368018,       -6.22,
 139.378739,   35.368018,       -6.12,
 139.383243,   35.368018,       -6.02,
 139.387748,   35.368018,       -5.92,
 139.392252,   35.368018,       -5.80,
 139.396757,   35.368018,       -5.68,
 139.401261,   35.368018,       -5.55,
 139.405766,   35.368018,       -5.39,
 139.410270,   35.368018,       -5.23,
 139.414775,   35.368018,       -5.07,
 139.419279,   35.368018,       -4.91,
 139.423784,   35.368018,       -4.75,
 139.428288,   35.368018,       -4.59,
 139.432793,   35.368018,       -4.43,
 139.437297,   35.368018,       -4.27,
 139.441802,   35.368018,       -4.12,
 139.446306,   35.368018,       -3.96,
 139.450811,   35.368018,       -3.80,
 139.455315,   35.368018,       -3.65,
 139.459820,   35.368018,       -3.49,
 139.464324,   35.368018,       -3.33,
 139.468829,   35.368018,       -3.16,
 139.473333,   35.368018,       -2.97,
 139.477838,   35.368018,       -2.77,
 139.482342,   35.368018,       -2.55,
 139.486847,   35.368018,       -2.33,
 139.491351,   35.368018,       -2.12,
 139.495856,   35.368018,       -1.92,
 139.500360,   35.368018,       -1.72,
 139.504865,   35.368018,       -1.52,
 139.509369,   35.368018,       -1.33,
 139.513874,   35.368018,       -1.14,
 139.518378,   35.368018,       -0.96,
 139.522883,   35.368018,       -0.79,
 139.527387,   35.368018,       -0.62,
 139.531892,   35.368018,       -0.46,
 139.536396,   35.368018,       -0.30,
 139.540901,   35.368018,       -0.15,
 139.545405,   35.368018,       -0.01,
 139.549910,   35.368018,        0.13,
 139.554414,   35.368018,        0.26,
 139.558919,   35.368018,        0.38,
 139.563423,   35.368018,        0.51,
 139.567928,   35.368018,        0.65,
 139.572432,   35.368018,        0.80,
 139.576937,   35.368018,        0.95,
 139.581441,   35.368018,        1.11,
 139.585946,   35.368018,        1.28,
 139.590450,   35.368018,        1.46,
 139.594955,   35.368018,        1.66,
 139.599459,   35.368018,        1.86,
 139.603964,   35.368018,        2.07,
 139.608468,   35.368018,        2.27,
 139.612973,   35.368018,        2.45,
 139.617477,   35.368018,        2.51,
 139.621982,   35.368018,        2.52,
 139.626486,   35.368018,        2.52,
 139.630991,   35.368018,        2.52,
 139.635495,   35.368018,        2.51,
 139.640000,   35.368018,        2.54,
 139.644505,   35.368018,        2.60,
 139.649009,   35.368018,        2.64,
 139.653514,   35.368018,        2.54,
 139.658018,   35.368018,        2.40,
 139.662523,   35.368018,        2.26,
 139.667027,   35.368018,        2.03,
 139.671532,   35.368018,        1.82,
 139.676036,   35.368018,        1.59,
 139.680541,   35.368018,        1.37,
 139.685045,   35.368018,        1.07,
 139.689550,   35.368018,        0.70,
 139.694054,   35.368018,        0.28,
 139.698559,   35.368018,       -0.22,
 139.703063,   35.368018,       -0.74,
 139.707568,   35.368018,       -0.99,
 139.712072,   35.368018,       -1.03,
 139.716577,   35.368018,       -0.86,
 139.721081,   35.368018,       -0.48,
 139.725586,   35.368018,       -0.15,
 139.730090,   35.368018,        0.15,
 139.734595,   35.368018,        0.28,
 139.739099,   35.368018,        0.37,
 139.743604,   35.368018,        0.38,
 139.748108,   35.368018,        0.37,
 139.752613,   35.368018,        0.35,
 139.757117,   35.368018,        0.33,
 139.761622,   35.368018,        0.28,
 139.766126,   35.368018,        0.23,
 139.770631,   35.368018,        0.16,
 139.775135,   35.368018,        0.08,
 139.779640,   35.368018,        0.01,
 139.784144,   35.368018,       -0.05,
 139.788649,   35.368018,       -0.10,
 139.793153,   35.368018,       -0.11,
 139.797658,   35.368018,       -0.11,
 139.802162,   35.368018,       -0.06,
 139.806667,   35.368018,        0.00,
 139.811171,   35.368018,        0.08,
 139.815676,   35.368018,        0.17,
 139.820180,   35.368018,        0.26,
 139.824685,   35.368018,        0.38,
 139.829189,   35.368018,        0.49,
 139.833694,   35.368018,        0.55,
 139.838198,   35.368018,        0.64,
 139.842703,   35.368018,        0.71,
 139.847207,   35.368018,        0.81,
 139.851712,   35.368018,        0.91,
 139.856216,   35.368018,        0.99,
 139.860721,   35.368018,        1.03,
 139.865225,   35.368018,        1.06,
 139.869730,   35.368018,        1.10,
 139.874234,   35.368018,        1.13,
 139.878739,   35.368018,        1.11,
 139.883243,   35.368018,        1.18,
 139.887748,   35.368018,        0.79,
 139.892252,   35.368018,        0.44,
 139.896757,   35.368018,        0.11,
 139.901261,   35.368018,       -0.21,
 139.905766,   35.368018,       -0.51,
 139.910270,   35.368018,       -0.73,
 139.914775,   35.368018,       -0.90,
 139.919279,   35.368018,       -1.07,
 139.923784,   35.368018,       -1.23,
 139.928288,   35.368018,       -1.39,
 139.932793,   35.368018,       -1.55,
 139.937297,   35.368018,       -1.71,
 139.941802,   35.368018,       -1.87,
 139.946306,   35.368018,       -2.03,
 139.950811,   35.368018,       -2.19,
 139.955315,   35.368018,       -2.36,
 139.959820,   35.368018,       -2.52,
 139.964324,   35.368018,       -2.68,
 139.968829,   35.368018,       -2.84,
 139.973333,   35.368018,       -3.00,
 139.977838,   35.368018,       -3.15,
 139.982342,   35.368018,       -3.31,
 139.986847,   35.368018,       -3.46,
 139.991351,   35.368018,       -3.61,
 139.995856,   35.368018,       -3.76,
 140.000360,   35.368018,       -3.91,
 140.004865,   35.368018,       -4.05,
 140.009369,   35.368018,       -4.20,
 140.013874,   35.368018,       -4.33,
 140.018378,   35.368018,       -4.47,
 140.022883,   35.368018,       -4.61,
 140.027387,   35.368018,       -4.74,
 140.031892,   35.368018,       -4.87,
 140.036396,   35.368018,       -4.99,
 140.040901,   35.368018,       -5.12,
 140.045405,   35.368018,       -5.24,
 140.049910,   35.368018,       -5.36,
 140.054414,   35.368018,       -5.48,
 140.058919,   35.368018,       -5.59,
 140.063423,   35.368018,       -5.70,
 140.067928,   35.368018,       -5.82,
 140.072432,   35.368018,       -5.92,
 140.076937,   35.368018,       -6.03,
 140.081441,   35.368018,       -6.13,
 140.085946,   35.368018,       -6.23,
 140.090450,   35.368018,       -6.33,
 140.094955,   35.368018,       -6.43,
 140.099459,   35.368018,       -6.52,
 140.103964,   35.368018,       -6.61,
 140.108468,   35.368018,       -6.70,
 140.112973,   35.368018,       -6.79,
 140.117477,   35.368018,       -6.88,
 140.121982,   35.368018,       -6.96,
 140.126486,   35.368018,       -7.04,
 140.130991,   35.368018,       -7.12,
 140.135495,   35.368018,       -7.20,
 140.140000,   35.368018,       -7.27,
 140.144505,   35.368018,       -7.34,
 140.149009,   35.368018,       -7.40,
 140.153514,   35.368018,       -7.46,
 140.158018,   35.368018,       -7.52,
 140.162523,   35.368018,       -7.57,
 140.167027,   35.368018,       -7.62,
 140.171532,   35.368018,       -7.67,
 140.176036,   35.368018,       -7.72,
 140.180541,   35.368018,       -7.76,
 140.185045,   35.368018,       -7.81,
 140.189550,   35.368018,       -7.85,
 140.194054,   35.368018,       -7.89,
 140.198559,   35.368018,       -7.92,
 140.203063,   35.368018,       -7.96,
 140.207568,   35.368018,       -8.00,
 140.212072,   35.368018,       -8.03,
 140.216577,   35.368018,       -8.06,
 140.221081,   35.368018,       -8.09,
 140.225586,   35.368018,       -8.12,
 140.230090,   35.368018,       -8.15,
 140.234595,   35.368018,       -8.17,
 140.239099,   35.368018,       -8.20,
 140.243604,   35.368018,       -8.22,
 140.248108,   35.368018,       -8.24,
 140.252613,   35.368018,       -8.26,
 140.257117,   35.368018,       -8.28,
 140.261622,   35.368018,       -8.30,
 140.266126,   35.368018,       -8.32,
 140.270631,   35.368018,       -8.36,
 140.275135,   35.368018,       -8.40,
 140.279640,   35.368018,       -8.45,
 140.284144,   35.368018,       -8.50,
 140.288649,   35.368018,       -8.55,
 140.293153,   35.368018,       -8.60,
 140.297658,   35.368018,       -8.65,
 140.302162,   35.368018,       -8.71,
 140.306667,   35.368018,       -8.76,
 140.311171,   35.368018,       -8.81,
 140.315676,   35.368018,       -8.87,
 140.320180,   35.368018,       -8.93,
 140.324685,   35.368018,       -8.99,
 140.329189,   35.368018,       -9.05,
 140.333694,   35.368018,       -9.11,
 140.338198,   35.368018,       -9.17,
 140.342703,   35.368018,       -9.23,
 140.347207,   35.368018,       -9.29,
 140.351712,   35.368018,       -9.36,
 140.356216,   35.368018,       -9.42,
 140.360721,   35.368018,       -9.49,
 140.365225,   35.368018,       -9.56,
 140.369730,   35.368018,       -9.63,
 140.374234,   35.368018,       -9.70,
 140.378739,   35.368018,       -9.77,
 140.383243,   35.368018,       -9.84,
 140.387748,   35.368018,       -9.91,
 139.140000,   35.372523,        5.74,
 139.144505,   35.372523,        5.40,
 139.149009,   35.372523,        5.07,
 139.153514,   35.372523,        4.74,
 139.158018,   35.372523,        4.41,
 139.162523,   35.372523,        4.09,
 139.167027,   35.372523,        3.78,
 139.171532,   35.372523,        3.47,
 139.176036,   35.372523,        3.17,
 139.180541,   35.372523,        2.87,
 139.185045,   35.372523,        2.58,
 139.189550,   35.372523,        2.29,
 139.194054,   35.372523,        2.00,
 139.198559,   35.372523,        1.73,
 139.203063,   35.372523,        1.46,
 139.207568,   35.372523,        1.19,
 139.212072,   35.372523,        0.93,
 139.216577,   35.372523,        0.67,
 139.221081,   35.372523,        0.42,
 139.225586,   35.372523,        0.17,
 139.230090,   35.372523,       -0.07,
 139.234595,   35.372523,       -0.30,
 139.239099,   35.372523,       -0.53,
 139.243604,   35.372523,       -0.76,
 139.248108,   35.372523,       -0.98,
 139.252613,   35.372523,       -1.19,
 139.257117,   35.372523,       -1.40,
 139.261622,   35.372523,       -1.60,
 139.266126,   35.372523,       -1.80,
 139.270631,   35.372523,       -2.00,
 139.275135,   35.372523,       -2.18,
 139.279640,   35.372523,       -2.37,
 139.284144,   35.372523,       -2.54,
 139.288649,   35.372523,       -2.72,
 139.293153,   35.372523,       -2.88,
 139.297658,   35.372523,       -3.05,
 139.302162,   35.372523,       -3.20,
 139.306667,   35.372523,       -3.35,
 139.311171,   35.372523,       -3.50,
 139.315676,   35.372523,       -3.64,
 139.320180,   35.372523,       -3.78,
 139.324685,   35.372523,       -3.91,
 139.329189,   35.372523,       -4.03,
 139.333694,   35.372523,       -4.15,
 139.338198,   35.372523,       -4.27,
 139.342703,   35.372523,       -4.70,
 139.347207,   35.372523,       -5.75,
 139.351712,   35.372523,       -6.55,
 139.356216,   35.372523,       -6.56,
 139.360721,   35.372523,       -6.48,
 139.365225,   35.372523,       -6.39,
 139.369730,   35.372523,       -6.31,
 139.374234,   35.372523,       -6.22,
 139.378739,   35.372523,       -6.13,
 139.383243,   35.372523,       -6.03,
 139.387748,   35.372523,       -5.93,
 139.392252,   35.372523,       -5.82,
 139.396757,   35.372523,       -5.71,
 139.401261,   35.372523,       -5.59,
 139.405766,   35.372523,       -5.46,
 139.410270,   35.372523,       -5.32,
 139.414775,   35.372523,       -5.17,
 139.419279,   35.372523,       -5.01,
 139.423784,   35.372523,       -4.84,
 139.428288,   35.372523,       -4.68,
 139.432793,   35.372523,       -4.52,
 139.437297,   35.372523,       -4.36,
 139.441802,   35.372523,       -4.20,
 139.446306,   35.372523,       -4.04,
 139.450811,   35.372523,       -3.88,
 139.455315,   35.372523,       -3.72,
 139.459820,   35.372523,       -3.56,
 139.464324,   35.372523,       -3.40,
 139.468829,   35.372523,       -3.24,
 139.473333,   35.372523,       -3.07,
 139.477838,   35.372523,       -2.90,
 139.482342,   35.372523,       -2.71,
 139.486847,   35.372523,       -2.50,
 139.491351,   35.372523,       -2.28,
 139.495856,   35.372523,       -2.07,
 139.500360,   35.372523,       -1.86,
 139.504865,   35.372523,       -1.66,
 139.509369,   35.372523,       -1.46,
 139.513874,   35.372523,       -1.26,
 139.518378,   35.372523,       -1.07,
 139.522883,   35.372523,       -0.88,
 139.527387,   35.372523,       -0.70,
 139.531892,   35.372523,       -0.53,
 139.536396,   35.372523,       -0.36,
 139.540901,   35.372523,       -0.19,
 139.545405,   35.372523,       -0.03,
 139.549910,   35.372523,        0.12,
 139.554414,   35.372523,        0.27,
 139.558919,   35.372523,        0.41,
 139.563423,   35.372523,        0.55,
 139.567928,   35.372523,        0.69,
 139.572432,   35.372523,        0.84,
 139.576937,   35.372523,        1.00,
 139.581441,   35.372523,        1.16,
 139.585946,   35.372523,        1.34,
 139.590450,   35.372523,        1.53,
 139.594955,   35.372523,        1.74,
 139.599459,   35.372523,        1.96,
 139.603964,   35.372523,        2.19,
 139.608468,   35.372523,        2.42,
 139.612973,   35.372523,        2.66,
 139.617477,   35.372523,        2.85,
 139.621982,   35.372523,        2.88,
 139.626486,   35.372523,        2.88,
 139.630991,   35.372523,        2.88,
 139.635495,   35.372523,        2.88,
 139.640000,   35.372523,        2.89,
 139.644505,   35.372523,        2.89,
 139.649009,   35.372523,        2.86,
 139.653514,   35.372523,        2.65,
 139.658018,   35.372523,        2.53,
 139.662523,   35.372523,        2.50,
 139.667027,   35.372523,        2.27,
 139.671532,   35.372523,        2.04,
 139.676036,   35.372523,        1.83,
 139.680541,   35.372523,        1.62,
 139.685045,   35.372523,        1.31,
 139.689550,   35.372523,        0.96,
 139.694054,   35.372523,        0.57,
 139.698559,   35.372523,        0.04,
 139.703063,   35.372523,       -0.50,
 139.707568,   35.372523,       -0.79,
 139.712072,   35.372523,       -0.86,
 139.716577,   35.372523,       -0.80,
 139.721081,   35.372523,       -0.44,
 139.725586,   35.372523,       -0.10,
 139.730090,   35.372523,        0.12,
 139.734595,   35.372523,        0.29,
 139.739099,   35.372523,        0.34,
 139.743604,   35.372523,        0.37,
 139.748108,   35.372523,        0.37,
 139.752613,   35.372523,        0.35,
 139.757117,   35.372523,        0.34,
 139.761622,   35.372523,        0.30,
 139.766126,   35.372523,        0.25,
 139.770631,   35.372523,        0.20,
 139.775135,   35.372523,        0.14,
 139.779640,   35.372523,        0.09,
 139.784144,   35.372523,        0.03,
 139.788649,   35.372523,       -0.01,
 139.793153,   35.372523,       -0.03,
 139.797658,   35.372523,       -0.04,
 139.802162,   35.372523,        0.01,
 139.806667,   35.372523,        0.06,
 139.811171,   35.372523,        0.13,
 139.815676,   35.372523,        0.22,
 139.820180,   35.372523,        0.32,
 139.824685,   35.372523,        0.44,
 139.829189,   35.372523,        0.56,
 139.833694,   35.372523,        0.67,
 139.838198,   35.372523,        0.77,
 139.842703,   35.372523,        0.87,
 139.847207,   35.372523,        0.94,
 139.851712,   35.372523,        1.03,
 139.856216,   35.372523,        1.11,
 139.860721,   35.372523,        1.11,
 139.865225,   35.372523,        1.06,
 139.869730,   35.372523,        1.02,
 139.874234,   35.372523,        0.99,
 139.878739,   35.372523,        0.97,
 139.883243,   35.372523,        1.02,
 139.887748,   35.372523,        1.12,
 139.892252,   35.372523,        0.81,
 139.896757,   35.372523,        0.25,
 139.901261,   35.372523,       -0.09,
 139.905766,   35.372523,       -0.41,
 139.910270,   35.372523,       -0.65,
 139.914775,   35.372523,       -0.82,
 139.919279,   35.372523,       -0.98,
 139.923784,   35.372523,       -1.13,
 139.928288,   35.372523,       -1.28,
 139.932793,   35.372523,       -1.43,
 139.937297,   35.372523,       -1.59,
 139.941802,   35.372523,       -1.74,
 139.946306,   35.372523,       -1.90,
 139.950811,   35.372523,       -2.05,
 139.955315,   35.372523,       -2.21,
 139.959820,   35.372523,       -2.37,
 139.964324,   35.372523,       -2.53,
 139.968829,   35.372523,       -2.68,
 139.973333,   35.372523,       -2.83,
 139.977838,   35.372523,       -2.99,
 139.982342,   35.372523,       -3.14,
 139.986847,   35.372523,       -3.29,
 139.991351,   35.372523,       -3.44,
 139.995856,   35.372523,       -3.58,
 140.000360,   35.372523,       -3.73,
 140.004865,   35.372523,       -3.87,
 140.009369,   35.372523,       -4.01,
 140.013874,   35.372523,       -4.15,
 140.018378,   35.372523,       -4.28,
 140.022883,   35.372523,       -4.41,
 140.027387,   35.372523,       -4.54,
 140.031892,   35.372523,       -4.67,
 140.036396,   35.372523,       -4.79,
 140.040901,   35.372523,       -4.92,
 140.045405,   35.372523,       -5.04,
 140.049910,   35.372523,       -5.16,
 140.054414,   35.372523,       -5.27,
 140.058919,   35.372523,       -5.39,
 140.063423,   35.372523,       -5.50,
 140.067928,   35.372523,       -5.61,
 140.072432,   35.372523,       -5.72,
 140.076937,   35.372523,       -5.82,
 140.081441,   35.372523,       -5.92,
 140.085946,   35.372523,       -6.02,
 140.090450,   35.372523,       -6.12,
 140.094955,   35.372523,       -6.22,
 140.099459,   35.372523,       -6.31,
 140.103964,   35.372523,       -6.40,
 140.108468,   35.372523,       -6.49,
 140.112973,   35.372523,       -6.58,
 140.117477,   35.372523,       -6.66,
 140.121982,   35.372523,       -6.74,
 140.126486,   35.372523,       -6.83,
 140.130991,   35.372523,       -6.90,
 140.135495,   35.372523,       -6.98,
 140.140000,   35.372523,       -7.05,
 140.144505,   35.372523,       -7.11,
 140.149009,   35.372523,       -7.17,
 140.153514,   35.372523,       -7.23,
 140.158018,   35.372523,       -7.29,
 140.162523,   35.372523,       -7.34,
 140.167027,   35.372523,       -7.39,
 140.171532,   35.372523,       -7.44,
 140.176036,   35.372523,       -7.49,
 140.180541,   35.372523,       -7.53,
 140.185045,   35.372523,       -7.57,
 140.189550,   35.372523,       -7.62,
 140.194054,   35.372523,       -7.66,
 140.198559,   35.372523,       -7.69,
 140.203063,   35.372523,       -7.73,
 140.207568,   35.372523,       -7.76,
 140.212072,   35.372523,       -7.80,
 140.216577,   35.372523,       -7.83,
 140.221081,   35.372523,       -7.86,
 140.225586,   35.372523,       -7.89,
 140.230090,   35.372523,       -7.92,
 140.234595,   35.372523,       -7.94,
 140.239099,   35.372523,       -7.97,
 140.243604,   35.372523,       -7.99,
 140.248108,   35.372523,       -8.01,
 140.252613,   35.372523,       -8.03,
 140.257117,   35.372523,       -8.05,
 140.261622,   35.372523,       -8.07,
 140.266126,   35.372523,       -8.10,
 140.270631,   35.372523,       -8.14,
 140.275135,   35.372523,       -8.19,
 140.279640,   35.372523,       -8.24,
 140.284144,   35.372523,       -8.29,
 140.288649,   35.372523,       -8.33,
 140.293153,   35.372523,       -8.38,
 140.297658,   35.372523,       -8.44,
 140.302162,   35.372523,       -8.49,
 140.306667,   35.372523,       -8.54,
 140.311171,   35.372523,       -8.60,
 140.315676,   35.372523,       -8.65,
 140.320180,   35.372523,       -8.71,
 140.324685,   35.372523,       -8.77,
 140.329189,   35.372523,       -8.83,
 140.333694,   35.372523,       -8.89,
 140.338198,   35.372523,       -8.95,
 140.342703,   35.372523,       -9.01,
 140.347207,   35.372523,       -9.07,
 140.351712,   35.372523,       -9.14,
 140.356216,   35.372523,       -9.20,
 140.360721,   35.372523,       -9.27,
 140.365225,   35.372523,       -9.34,
 140.369730,   35.372523,       -9.41,
 140.374234,   35.372523,       -9.47,
 140.378739,   35.372523,       -9.55,
 140.383243,   35.372523,       -9.62,
 140.387748,   35.372523,       -9.69,
 139.140000,   35.377027,        6.07,
 139.144505,   35.377027,        5.73,
 139.149009,   35.377027,        5.39,
 139.153514,   35.377027,        5.06,
 139.158018,   35.377027,        4.73,
 139.162523,   35.377027,        4.41,
 139.167027,   35.377027,        4.10,
 139.171532,   35.377027,        3.78,
 139.176036,   35.377027,        3.48,
 139.180541,   35.377027,        3.18,
 139.185045,   35.377027,        2.88,
 139.189550,   35.377027,        2.59,
 139.194054,   35.377027,        2.31,
 139.198559,   35.377027,        2.03,
 139.203063,   35.377027,        1.76,
 139.207568,   35.377027,        1.49,
 139.212072,   35.377027,        1.22,
 139.216577,   35.377027,        0.96,
 139.221081,   35.377027,        0.71,
 139.225586,   35.377027,        0.46,
 139.230090,   35.377027,        0.22,
 139.234595,   35.377027,       -0.02,
 139.239099,   35.377027,       -0.25,
 139.243604,   35.377027,       -0.48,
 139.248108,   35.377027,       -0.70,
 139.252613,   35.377027,       -0.92,
 139.257117,   35.377027,       -1.13,
 139.261622,   35.377027,       -1.33,
 139.266126,   35.377027,       -1.53,
 139.270631,   35.377027,       -1.73,
 139.275135,   35.377027,       -1.92,
 139.279640,   35.377027,       -2.10,
 139.284144,   35.377027,       -2.28,
 139.288649,   35.377027,       -2.46,
 139.293153,   35.377027,       -2.63,
 139.297658,   35.377027,       -2.79,
 139.302162,   35.377027,       -2.95,
 139.306667,   35.377027,       -3.11,
 139.311171,   35.377027,       -3.25,
 139.315676,   35.377027,       -3.40,
 139.320180,   35.377027,       -3.54,
 139.324685,   35.377027,       -3.67,
 139.329189,   35.377027,       -3.80,
 139.333694,   35.377027,       -3.92,
 139.338198,   35.377027,       -4.04,
 139.342703,   35.377027,       -4.15,
 139.347207,   35.377027,       -4.25,
 139.351712,   35.377027,       -5.13,
 139.356216,   35.377027,       -6.07,
 139.360721,   35.377027,       -6.48,
 139.365225,   35.377027,       -6.40,
 139.369730,   35.377027,       -6.31,
 139.374234,   35.377027,       -6.22,
 139.378739,   35.377027,       -6.13,
 139.383243,   35.377027,       -6.04,
 139.387748,   35.377027,       -5.94,
 139.392252,   35.377027,       -5.84,
 139.396757,   35.377027,       -5.73,
 139.401261,   35.377027,       -5.62,
 139.405766,   35.377027,       -5.51,
 139.410270,   35.377027,       -5.38,
 139.414775,   35.377027,       -5.25,
 139.419279,   35.377027,       -5.10,
 139.423784,   35.377027,       -4.94,
 139.428288,   35.377027,       -4.78,
 139.432793,   35.377027,       -4.62,
 139.437297,   35.377027,       -4.45,
 139.441802,   35.377027,       -4.29,
 139.446306,   35.377027,       -4.13,
 139.450811,   35.377027,       -3.97,
 139.455315,   35.377027,       -3.80,
 139.459820,   35.377027,       -3.64,
 139.464324,   35.377027,       -3.48,
 139.468829,   35.377027,       -3.31,
 139.473333,   35.377027,       -3.15,
 139.477838,   35.377027,       -2.98,
 139.482342,   35.377027,       -2.81,
 139.486847,   35.377027,       -2.63,
 139.491351,   35.377027,       -2.44,
 139.495856,   35.377027,       -2.23,
 139.500360,   35.377027,       -2.01,
 139.504865,   35.377027,       -1.80,
 139.509369,   35.377027,       -1.59,
 139.513874,   35.377027,       -1.39,
 139.518378,   35.377027,       -1.19,
 139.522883,   35.377027,       -0.99,
 139.527387,   35.377027,       -0.80,
 139.531892,   35.377027,       -0.61,
 139.536396,   35.377027,       -0.43,
 139.540901,   35.377027,       -0.25,
 139.545405,   35.377027,       -0.08,
 139.549910,   35.377027,        0.09,
 139.554414,   35.377027,        0.25,
 139.558919,   35.377027,        0.41,
 139.563423,   35.377027,        0.57,
 139.567928,   35.377027,        0.71,
 139.572432,   35.377027,        0.87,
 139.576937,   35.377027,        1.03,
 139.581441,   35.377027,        1.20,
 139.585946,   35.377027,        1.39,
 139.590450,   35.377027,        1.58,
 139.594955,   35.377027,        1.79,
 139.599459,   35.377027,        2.02,
 139.603964,   35.377027,        2.27,
 139.608468,   35.377027,        2.53,
 139.612973,   35.377027,        2.81,
 139.617477,   35.377027,        3.08,
 139.621982,   35.377027,        3.24,
 139.626486,   35.377027,        3.25,
 139.630991,   35.377027,        3.25,
 139.635495,   35.377027,        3.25,
 139.640000,   35.377027,        3.25,
 139.644505,   35.377027,        3.18,
 139.649009,   35.377027,        2.99,
 139.653514,   35.377027,        2.78,
 139.658018,   35.377027,        2.64,
 139.662523,   35.377027,        2.60,
 139.667027,   35.377027,        2.49,
 139.671532,   35.377027,        2.28,
 139.676036,   35.377027,        2.08,
 139.680541,   35.377027,        1.91,
 139.685045,   35.377027,        1.64,
 139.689550,   35.377027,        1.29,
 139.694054,   35.377027,        0.89,
 139.698559,   35.377027,        0.38,
 139.703063,   35.377027,       -0.20,
 139.707568,   35.377027,       -0.59,
 139.712072,   35.377027,       -0.70,
 139.716577,   35.377027,       -0.63,
 139.721081,   35.377027,       -0.39,
 139.725586,   35.377027,       -0.08,
 139.730090,   35.377027,        0.17,
 139.734595,   35.377027,        0.29,
 139.739099,   35.377027,        0.35,
 139.743604,   35.377027,        0.38,
 139.748108,   35.377027,        0.38,
 139.752613,   35.377027,        0.37,
 139.757117,   35.377027,        0.35,
 139.761622,   35.377027,        0.32,
 139.766126,   35.377027,        0.29,
 139.770631,   35.377027,        0.26,
 139.775135,   35.377027,        0.21,
 139.779640,   35.377027,        0.16,
 139.784144,   35.377027,        0.11,
 139.788649,   35.377027,        0.08,
 139.793153,   35.377027,        0.05,
 139.797658,   35.377027,        0.05,
 139.802162,   35.377027,        0.08,
 139.806667,   35.377027,        0.11,
 139.811171,   35.377027,        0.19,
 139.815676,   35.377027,        0.27,
 139.820180,   35.377027,        0.37,
 139.824685,   35.377027,        0.47,
 139.829189,   35.377027,        0.59,
 139.833694,   35.377027,        0.73,
 139.838198,   35.377027,        0.81,
 139.842703,   35.377027,        0.90,
 139.847207,   35.377027,        1.02,
 139.851712,   35.377027,        1.08,
 139.856216,   35.377027,        1.08,
 139.860721,   35.377027,        1.01,
 139.865225,   35.377027,        0.93,
 139.869730,   35.377027,        0.86,
 139.874234,   35.377027,        0.81,
 139.878739,   35.377027,        0.79,
 139.883243,   35.377027,        0.79,
 139.887748,   35.377027,        0.83,
 139.892252,   35.377027,        0.54,
 139.896757,   35.377027,        0.23,
 139.901261,   35.377027,        0.01,
 139.905766,   35.377027,       -0.30,
 139.910270,   35.377027,       -0.58,
 139.914775,   35.377027,       -0.75,
 139.919279,   35.377027,       -0.89,
 139.923784,   35.377027,       -1.04,
 139.928288,   35.377027,       -1.18,
 139.932793,   35.377027,       -1.32,
 139.937297,   35.377027,       -1.47,
 139.941802,   35.377027,       -1.61,
 139.946306,   35.377027,       -1.76,
 139.950811,   35.377027,       -1.91,
 139.955315,   35.377027,       -2.06,
 139.959820,   35.377027,       -2.22,
 139.964324,   35.377027,       -2.37,
 139.968829,   35.377027,       -2.52,
 139.973333,   35.377027,       -2.67,
 139.977838,   35.377027,       -2.82,
 139.982342,   35.377027,       -2.97,
 139.986847,   35.377027,       -3.11,
 139.991351,   35.377027,       -3.26,
 139.995856,   35.377027,       -3.40,
 140.000360,   35.377027,       -3.54,
 140.004865,   35.377027,       -3.68,
 140.009369,   35.377027,       -3.82,
 140.013874,   35.377027,       -3.95,
 140.018378,   35.377027,       -4.09,
 140.022883,   35.377027,       -4.22,
 140.027387,   35.377027,       -4.35,
 140.031892,   35.377027,       -4.47,
 140.036396,   35.377027,       -4.59,
 140.040901,   35.377027,       -4.72,
 140.045405,   35.377027,       -4.84,
 140.049910,   35.377027,       -4.95,
 140.054414,   35.377027,       -5.07,
 140.058919,   35.377027,       -5.18,
 140.063423,   35.377027,       -5.29,
 140.067928,   35.377027,       -5.40,
 140.072432,   35.377027,       -5.51,
 140.076937,   35.377027,       -5.61,
 140.081441,   35.377027,       -5.71,
 140.085946,   35.377027,       -5.81,
 140.090450,   35.377027,       -5.91,
 140.094955,   35.377027,       -6.00,
 140.099459,   35.377027,       -6.09,
 140.103964,   35.377027,       -6.18,
 140.108468,   35.377027,       -6.27,
 140.112973,   35.377027,       -6.36,
 140.117477,   35.377027,       -6.44,
 140.121982,   35.377027,       -6.53,
 140.126486,   35.377027,       -6.61,
 140.130991,   35.377027,       -6.68,
 140.135495,   35.377027,       -6.76,
 140.140000,   35.377027,       -6.82,
 140.144505,   35.377027,       -6.89,
 140.149009,   35.377027,       -6.95,
 140.153514,   35.377027,       -7.01,
 140.158018,   35.377027,       -7.06,
 140.162523,   35.377027,       -7.11,
 140.167027,   35.377027,       -7.16,
 140.171532,   35.377027,       -7.21,
 140.176036,   35.377027,       -7.26,
 140.180541,   35.377027,       -7.30,
 140.185045,   35.377027,       -7.34,
 140.189550,   35.377027,       -7.39,
 140.194054,   35.377027,       -7.42,
 140.198559,   35.377027,       -7.46,
 140.203063,   35.377027,       -7.50,
 140.207568,   35.377027,       -7.53,
 140.212072,   35.377027,       -7.57,
 140.216577,   35.377027,       -7.60,
 140.221081,   35.377027,       -7.63,
 140.225586,   35.377027,       -7.66,
 140.230090,   35.377027,       -7.68,
 140.234595,   35.377027,       -7.71,
 140.239099,   35.377027,       -7.73,
 140.243604,   35.377027,       -7.76,
 140.248108,   35.377027,       -7.78,
 140.252613,   35.377027,       -7.80,
 140.257117,   35.377027,       -7.82,
 140.261622,   35.377027,       -7.84,
 140.266126,   35.377027,       -7.88,
 140.270631,   35.377027,       -7.93,
 140.275135,   35.377027,       -7.97,
 140.279640,   35.377027,       -8.02,
 140.284144,   35.377027,       -8.07,
 140.288649,   35.377027,       -8.12,
 140.293153,   35.377027,       -8.17,
 140.297658,   35.377027,       -8.22,
 140.302162,   35.377027,       -8.27,
 140.306667,   35.377027,       -8.32,
 140.311171,   35.377027,       -8.38,
 140.315676,   35.377027,       -8.43,
 140.320180,   35.377027,       -8.49,
 140.324685,   35.377027,       -8.55,
 140.329189,   35.377027,       -8.61,
 140.333694,   35.377027,       -8.67,
 140.338198,   35.377027,       -8.73,
 140.342703,   35.377027,       -8.79,
 140.347207,   35.377027,       -8.85,
 140.351712,   35.377027,       -8.91,
 140.356216,   35.377027,       -8.98,
 140.360721,   35.377027,       -9.05,
 140.365225,   35.377027,       -9.11,
 140.369730,   35.377027,       -9.18,
 140.374234,   35.377027,       -9.25,
 140.378739,   35.377027,       -9.32,
 140.383243,   35.377027,       -9.39,
 140.387748,   35.377027,       -9.46,
 139.140000,   35.381532,        6.40,
 139.144505,   35.381532,        6.05,
 139.149009,   35.381532,        5.71,
 139.153514,   35.381532,        5.38,
 139.158018,   35.381532,        5.05,
 139.162523,   35.381532,        4.73,
 139.167027,   35.381532,        4.41,
 139.171532,   35.381532,        4.09,
 139.176036,   35.381532,        3.79,
 139.180541,   35.381532,        3.48,
 139.185045,   35.381532,        3.19,
 139.189550,   35.381532,        2.89,
 139.194054,   35.381532,        2.61,
 139.198559,   35.381532,        2.33,
 139.203063,   35.381532,        2.05,
 139.207568,   35.381532,        1.78,
 139.212072,   35.381532,        1.51,
 139.216577,   35.381532,        1.25,
 139.221081,   35.381532,        1.00,
 139.225586,   35.381532,        0.75,
 139.230090,   35.381532,        0.50,
 139.234595,   35.381532,        0.26,
 139.239099,   35.381532,        0.03,
 139.243604,   35.381532,       -0.20,
 139.248108,   35.381532,       -0.43,
 139.252613,   35.381532,       -0.65,
 139.257117,   35.381532,       -0.86,
 139.261622,   35.381532,       -1.07,
 139.266126,   35.381532,       -1.27,
 139.270631,   35.381532,       -1.47,
 139.275135,   35.381532,       -1.66,
 139.279640,   35.381532,       -1.85,
 139.284144,   35.381532,       -2.03,
 139.288649,   35.381532,       -2.21,
 139.293153,   35.381532,       -2.38,
 139.297658,   35.381532,       -2.55,
 139.302162,   35.381532,       -2.71,
 139.306667,   35.381532,       -2.86,
 139.311171,   35.381532,       -3.01,
 139.315676,   35.381532,       -3.16,
 139.320180,   35.381532,       -3.30,
 139.324685,   35.381532,       -3.43,
 139.329189,   35.381532,       -3.56,
 139.333694,   35.381532,       -3.69,
 139.338198,   35.381532,       -3.81,
 139.342703,   35.381532,       -3.92,
 139.347207,   35.381532,       -4.03,
 139.351712,   35.381532,       -4.13,
 139.356216,   35.381532,       -4.52,
 139.360721,   35.381532,       -5.51,
 139.365225,   35.381532,       -6.28,
 139.369730,   35.381532,       -6.32,
 139.374234,   35.381532,       -6.23,
 139.378739,   35.381532,       -6.14,
 139.383243,   35.381532,       -6.05,
 139.387748,   35.381532,       -5.95,
 139.392252,   35.381532,       -5.86,
 139.396757,   35.381532,       -5.75,
 139.401261,   35.381532,       -5.65,
 139.405766,   35.381532,       -5.54,
 139.410270,   35.381532,       -5.42,
 139.414775,   35.381532,       -5.30,
 139.419279,   35.381532,       -5.17,
 139.423784,   35.381532,       -5.03,
 139.428288,   35.381532,       -4.88,
 139.432793,   35.381532,       -4.72,
 139.437297,   35.381532,       -4.56,
 139.441802,   35.381532,       -4.39,
 139.446306,   35.381532,       -4.23,
 139.450811,   35.381532,       -4.06,
 139.455315,   35.381532,       -3.90,
 139.459820,   35.381532,       -3.73,
 139.464324,   35.381532,       -3.57,
 139.468829,   35.381532,       -3.40,
 139.473333,   35.381532,       -3.23,
 139.477838,   35.381532,       -3.07,
 139.482342,   35.381532,       -2.90,
 139.486847,   35.381532,       -2.73,
 139.491351,   35.381532,       -2.55,
 139.495856,   35.381532,       -2.36,
 139.500360,   35.381532,       -2.16,
 139.504865,   35.381532,       -1.95,
 139.509369,   35.381532,       -1.74,
 139.513874,   35.381532,       -1.52,
 139.518378,   35.381532,       -1.32,
 139.522883,   35.381532,       -1.11,
 139.527387,   35.381532,       -0.91,
 139.531892,   35.381532,       -0.71,
 139.536396,   35.381532,       -0.52,
 139.540901,   35.381532,       -0.33,
 139.545405,   35.381532,       -0.15,
 139.549910,   35.381532,        0.03,
 139.554414,   35.381532,        0.21,
 139.558919,   35.381532,        0.38,
 139.563423,   35.381532,        0.55,
 139.567928,   35.381532,        0.72,
 139.572432,   35.381532,        0.88,
 139.576937,   35.381532,        1.04,
 139.581441,   35.381532,        1.22,
 139.585946,   35.381532,        1.41,
 139.590450,   35.381532,        1.61,
 139.594955,   35.381532,        1.83,
 139.599459,   35.381532,        2.07,
 139.603964,   35.381532,        2.33,
 139.608468,   35.381532,        2.61,
 139.612973,   35.381532,        2.91,
 139.617477,   35.381532,        3.23,
 139.621982,   35.381532,        3.53,
 139.626486,   35.381532,        3.62,
 139.630991,   35.381532,        3.63,
 139.635495,   35.381532,        3.63,
 139.640000,   35.381532,        3.61,
 139.644505,   35.381532,        3.39,
 139.649009,   35.381532,        2.87,
 139.653514,   35.381532,        2.69,
 139.658018,   35.381532,        2.59,
 139.662523,   35.381532,        2.56,
 139.667027,   35.381532,        2.63,
 139.671532,   35.381532,        2.49,
 139.676036,   35.381532,        2.36,
 139.680541,   35.381532,        2.23,
 139.685045,   35.381532,        2.04,
 139.689550,   35.381532,        1.66,
 139.694054,   35.381532,        1.23,
 139.698559,   35.381532,        0.76,
 139.703063,   35.381532,        0.25,
 139.707568,   35.381532,       -0.17,
 139.712072,   35.381532,       -0.54,
 139.716577,   35.381532,       -0.45,
 139.721081,   35.381532,       -0.27,
 139.725586,   35.381532,       -0.02,
 139.730090,   35.381532,        0.21,
 139.734595,   35.381532,        0.33,
 139.739099,   35.381532,        0.37,
 139.743604,   35.381532,        0.40,
 139.748108,   35.381532,        0.40,
 139.752613,   35.381532,        0.40,
 139.757117,   35.381532,        0.39,
 139.761622,   35.381532,        0.37,
 139.766126,   35.381532,        0.35,
 139.770631,   35.381532,        0.33,
 139.775135,   35.381532,        0.28,
 139.779640,   35.381532,        0.24,
 139.784144,   35.381532,        0.21,
 139.788649,   35.381532,        0.17,
 139.793153,   35.381532,        0.14,
 139.797658,   35.381532,        0.13,
 139.802162,   35.381532,        0.16,
 139.806667,   35.381532,        0.18,
 139.811171,   35.381532,        0.24,
 139.815676,   35.381532,        0.32,
 139.820180,   35.381532,        0.40,
 139.824685,   35.381532,        0.49,
 139.829189,   35.381532,        0.59,
 139.833694,   35.381532,        0.70,
 139.838198,   35.381532,        0.79,
 139.842703,   35.381532,        0.87,
 139.847207,   35.381532,        0.95,
 139.851712,   35.381532,        0.99,
 139.856216,   35.381532,        1.01,
 139.860721,   35.381532,        0.95,
 139.865225,   35.381532,        0.88,
 139.869730,   35.381532,        0.77,
 139.874234,   35.381532,        0.66,
 139.878739,   35.381532,        0.62,
 139.883243,   35.381532,        0.54,
 139.887748,   35.381532,        0.52,
 139.892252,   35.381532,        0.37,
 139.896757,   35.381532,        0.14,
 139.901261,   35.381532,       -0.07,
 139.905766,   35.381532,       -0.24,
 139.910270,   35.381532,       -0.51,
 139.914775,   35.381532,       -0.69,
 139.919279,   35.381532,       -0.82,
 139.923784,   35.381532,       -0.95,
 139.928288,   35.381532,       -1.08,
 139.932793,   35.381532,       -1.21,
 139.937297,   35.381532,       -1.35,
 139.941802,   35.381532,       -1.49,
 139.946306,   35.381532,       -1.63,
 139.950811,   35.381532,       -1.77,
 139.955315,   35.381532,       -1.92,
 139.959820,   35.381532,       -2.07,
 139.964324,   35.381532,       -2.21,
 139.968829,   35.381532,       -2.36,
 139.973333,   35.381532,       -2.50,
 139.977838,   35.381532,       -2.65,
 139.982342,   35.381532,       -2.79,
 139.986847,   35.381532,       -2.94,
 139.991351,   35.381532,       -3.08,
 139.995856,   35.381532,       -3.22,
 140.000360,   35.381532,       -3.36,
 140.004865,   35.381532,       -3.50,
 140.009369,   35.381532,       -3.63,
 140.013874,   35.381532,       -3.76,
 140.018378,   35.381532,       -3.89,
 140.022883,   35.381532,       -4.02,
 140.027387,   35.381532,       -4.15,
 140.031892,   35.381532,       -4.27,
 140.036396,   35.381532,       -4.40,
 140.040901,   35.381532,       -4.52,
 140.045405,   35.381532,       -4.63,
 140.049910,   35.381532,       -4.75,
 140.054414,   35.381532,       -4.86,
 140.058919,   35.381532,       -4.98,
 140.063423,   35.381532,       -5.09,
 140.067928,   35.381532,       -5.19,
 140.072432,   35.381532,       -5.30,
 140.076937,   35.381532,       -5.40,
 140.081441,   35.381532,       -5.50,
 140.085946,   35.381532,       -5.60,
 140.090450,   35.381532,       -5.69,
 140.094955,   35.381532,       -5.79,
 140.099459,   35.381532,       -5.88,
 140.103964,   35.381532,       -5.97,
 140.108468,   35.381532,       -6.06,
 140.112973,   35.381532,       -6.14,
 140.117477,   35.381532,       -6.23,
 140.121982,   35.381532,       -6.31,
 140.126486,   35.381532,       -6.39,
 140.130991,   35.381532,       -6.46,
 140.135495,   35.381532,       -6.53,
 140.140000,   35.381532,       -6.60,
 140.144505,   35.381532,       -6.66,
 140.149009,   35.381532,       -6.72,
 140.153514,   35.381532,       -6.78,
 140.158018,   35.381532,       -6.83,
 140.162523,   35.381532,       -6.88,
 140.167027,   35.381532,       -6.93,
 140.171532,   35.381532,       -6.98,
 140.176036,   35.381532,       -7.03,
 140.180541,   35.381532,       -7.07,
 140.185045,   35.381532,       -7.11,
 140.189550,   35.381532,       -7.16,
 140.194054,   35.381532,       -7.19,
 140.198559,   35.381532,       -7.23,
 140.203063,   35.381532,       -7.27,
 140.207568,   35.381532,       -7.30,
 140.212072,   35.381532,       -7.34,
 140.216577,   35.381532,       -7.37,
 140.221081,   35.381532,       -7.40,
 140.225586,   35.381532,       -7.43,
 140.230090,   35.381532,       -7.45,
 140.234595,   35.381532,       -7.48,
 140.239099,   35.381532,       -7.50,
 140.243604,   35.381532,       -7.53,
 140.248108,   35.381532,       -7.55,
 140.252613,   35.381532,       -7.57,
 140.257117,   35.381532,       -7.59,
 140.261622,   35.381532,       -7.63,
 140.266126,   35.381532,       -7.67,
 140.270631,   35.381532,       -7.71,
 140.275135,   35.381532,       -7.76,
 140.279640,   35.381532,       -7.80,
 140.284144,   35.381532,       -7.85,
 140.288649,   35.381532,       -7.90,
 140.293153,   35.381532,       -7.95,
 140.297658,   35.381532,       -8.00,
 140.302162,   35.381532,       -8.05,
 140.306667,   35.381532,       -8.11,
 140.311171,   35.381532,       -8.16,
 140.315676,   35.381532,       -8.21,
 140.320180,   35.381532,       -8.27,
 140.324685,   35.381532,       -8.33,
 140.329189,   35.381532,       -8.38,
 140.333694,   35.381532,       -8.44,
 140.338198,   35.381532,       -8.50,
 140.342703,   35.381532,       -8.57,
 140.347207,   35.381532,       -8.63,
 140.351712,   35.381532,       -8.69,
 140.356216,   35.381532,       -8.76,
 140.360721,   35.381532,       -8.82,
 140.365225,   35.381532,       -8.89,
 140.369730,   35.381532,       -8.96,
 140.374234,   35.381532,       -9.02,
 140.378739,   35.381532,       -9.09,
 140.383243,   35.381532,       -9.17,
 140.387748,   35.381532,       -9.24,
 139.140000,   35.386036,        6.72,
 139.144505,   35.386036,        6.37,
 139.149009,   35.386036,        6.03,
 139.153514,   35.386036,        5.69,
 139.158018,   35.386036,        5.36,
 139.162523,   35.386036,        5.03,
 139.167027,   35.386036,        4.71,
 139.171532,   35.386036,        4.40,
 139.176036,   35.386036,        4.09,
 139.180541,   35.386036,        3.78,
 139.185045,   35.386036,        3.48,
 139.189550,   35.386036,        3.19,
 139.194054,   35.386036,        2.90,
 139.198559,   35.386036,        2.62,
 139.203063,   35.386036,        2.34,
 139.207568,   35.386036,        2.07,
 139.212072,   35.386036,        1.80,
 139.216577,   35.386036,        1.53,
 139.221081,   35.386036,        1.28,
 139.225586,   35.386036,        1.02,
 139.230090,   35.386036,        0.78,
 139.234595,   35.386036,        0.53,
 139.239099,   35.386036,        0.30,
 139.243604,   35.386036,        0.07,
 139.248108,   35.386036,       -0.16,
 139.252613,   35.386036,       -0.38,
 139.257117,   35.386036,       -0.60,
 139.261622,   35.386036,       -0.81,
 139.266126,   35.386036,       -1.01,
 139.270631,   35.386036,       -1.21,
 139.275135,   35.386036,       -1.41,
 139.279640,   35.386036,       -1.60,
 139.284144,   35.386036,       -1.78,
 139.288649,   35.386036,       -1.96,
 139.293153,   35.386036,       -2.13,
 139.297658,   35.386036,       -2.30,
 139.302162,   35.386036,       -2.47,
 139.306667,   35.386036,       -2.62,
 139.311171,   35.386036,       -2.78,
 139.315676,   35.386036,       -2.92,
 139.320180,   35.386036,       -3.07,
 139.324685,   35.386036,       -3.20,
 139.329189,   35.386036,       -3.34,
 139.333694,   35.386036,       -3.46,
 139.338198,   35.386036,       -3.58,
 139.342703,   35.386036,       -3.70,
 139.347207,   35.386036,       -3.81,
 139.351712,   35.386036,       -3.92,
 139.356216,   35.386036,       -4.02,
 139.360721,   35.386036,       -4.11,
 139.365225,   35.386036,       -4.93,
 139.369730,   35.386036,       -5.82,
 139.374234,   35.386036,       -6.24,
 139.378739,   35.386036,       -6.16,
 139.383243,   35.386036,       -6.06,
 139.387748,   35.386036,       -5.97,
 139.392252,   35.386036,       -5.87,
 139.396757,   35.386036,       -5.78,
 139.401261,   35.386036,       -5.67,
 139.405766,   35.386036,       -5.57,
 139.410270,   35.386036,       -5.46,
 139.414775,   35.386036,       -5.34,
 139.419279,   35.386036,       -5.22,
 139.423784,   35.386036,       -5.10,
 139.428288,   35.386036,       -4.96,
 139.432793,   35.386036,       -4.82,
 139.437297,   35.386036,       -4.66,
 139.441802,   35.386036,       -4.50,
 139.446306,   35.386036,       -4.33,
 139.450811,   35.386036,       -4.16,
 139.455315,   35.386036,       -4.00,
 139.459820,   35.386036,       -3.83,
 139.464324,   35.386036,       -3.66,
 139.468829,   35.386036,       -3.49,
 139.473333,   35.386036,       -3.33,
 139.477838,   35.386036,       -3.16,
 139.482342,   35.386036,       -2.99,
 139.486847,   35.386036,       -2.82,
 139.491351,   35.386036,       -2.64,
 139.495856,   35.386036,       -2.46,
 139.500360,   35.386036,       -2.28,
 139.504865,   35.386036,       -2.09,
 139.509369,   35.386036,       -1.88,
 139.513874,   35.386036,       -1.67,
 139.518378,   35.386036,       -1.45,
 139.522883,   35.386036,       -1.24,
 139.527387,   35.386036,       -1.03,
 139.531892,   35.386036,       -0.83,
 139.536396,   35.386036,       -0.63,
 139.540901,   35.386036,       -0.43,
 139.545405,   35.386036,       -0.23,
 139.549910,   35.386036,       -0.04,
 139.554414,   35.386036,        0.15,
 139.558919,   35.386036,        0.33,
 139.563423,   35.386036,        0.52,
 139.567928,   35.386036,        0.70,
 139.572432,   35.386036,        0.87,
 139.576937,   35.386036,        1.05,
 139.581441,   35.386036,        1.22,
 139.585946,   35.386036,        1.42,
 139.590450,   35.386036,        1.62,
 139.594955,   35.386036,        1.85,
 139.599459,   35.386036,        2.09,
 139.603964,   35.386036,        2.35,
 139.608468,   35.386036,        2.65,
 139.612973,   35.386036,        2.97,
 139.617477,   35.386036,        3.32,
 139.621982,   35.386036,        3.70,
 139.626486,   35.386036,        3.99,
 139.630991,   35.386036,        4.00,
 139.635495,   35.386036,        4.02,
 139.640000,   35.386036,        3.92,
 139.644505,   35.386036,        3.29,
 139.649009,   35.386036,        2.78,
 139.653514,   35.386036,        2.61,
 139.658018,   35.386036,        2.46,
 139.662523,   35.386036,        2.47,
 139.667027,   35.386036,        2.61,
 139.671532,   35.386036,        2.70,
 139.676036,   35.386036,        2.63,
 139.680541,   35.386036,        2.51,
 139.685045,   35.386036,        2.41,
 139.689550,   35.386036,        2.06,
 139.694054,   35.386036,        1.63,
 139.698559,   35.386036,        1.17,
 139.703063,   35.386036,        0.73,
 139.707568,   35.386036,        0.27,
 139.712072,   35.386036,       -0.13,
 139.716577,   35.386036,       -0.19,
 139.721081,   35.386036,       -0.17,
 139.725586,   35.386036,        0.08,
 139.730090,   35.386036,        0.27,
 139.734595,   35.386036,        0.39,
 139.739099,   35.386036,        0.43,
 139.743604,   35.386036,        0.44,
 139.748108,   35.386036,        0.46,
 139.752613,   35.386036,        0.46,
 139.757117,   35.386036,        0.47,
 139.761622,   35.386036,        0.45,
 139.766126,   35.386036,        0.42,
 139.770631,   35.386036,        0.40,
 139.775135,   35.386036,        0.37,
 139.779640,   35.386036,        0.34,
 139.784144,   35.386036,        0.31,
 139.788649,   35.386036,        0.28,
 139.793153,   35.386036,        0.25,
 139.797658,   35.386036,        0.23,
 139.802162,   35.386036,        0.25,
 139.806667,   35.386036,        0.27,
 139.811171,   35.386036,        0.30,
 139.815676,   35.386036,        0.36,
 139.820180,   35.386036,        0.42,
 139.824685,   35.386036,        0.48,
 139.829189,   35.386036,        0.57,
 139.833694,   35.386036,        0.66,
 139.838198,   35.386036,        0.72,
 139.842703,   35.386036,        0.80,
 139.847207,   35.386036,        0.87,
 139.851712,   35.386036,        0.92,
 139.856216,   35.386036,        0.95,
 139.860721,   35.386036,        0.92,
 139.865225,   35.386036,        0.87,
 139.869730,   35.386036,        0.77,
 139.874234,   35.386036,        0.67,
 139.878739,   35.386036,        0.58,
 139.883243,   35.386036,        0.49,
 139.887748,   35.386036,        0.39,
 139.892252,   35.386036,        0.24,
 139.896757,   35.386036,        0.04,
 139.901261,   35.386036,       -0.13,
 139.905766,   35.386036,       -0.30,
 139.910270,   35.386036,       -0.48,
 139.914775,   35.386036,       -0.64,
 139.919279,   35.386036,       -0.75,
 139.923784,   35.386036,       -0.86,
 139.928288,   35.386036,       -0.98,
 139.932793,   35.386036,       -1.11,
 139.937297,   35.386036,       -1.23,
 139.941802,   35.386036,       -1.36,
 139.946306,   35.386036,       -1.50,
 139.950811,   35.386036,       -1.63,
 139.955315,   35.386036,       -1.77,
 139.959820,   35.386036,       -1.92,
 139.964324,   35.386036,       -2.06,
 139.968829,   35.386036,       -2.20,
 139.973333,   35.386036,       -2.34,
 139.977838,   35.386036,       -2.48,
 139.982342,   35.386036,       -2.62,
 139.986847,   35.386036,       -2.76,
 139.991351,   35.386036,       -2.90,
 139.995856,   35.386036,       -3.04,
 140.000360,   35.386036,       -3.17,
 140.004865,   35.386036,       -3.31,
 140.009369,   35.386036,       -3.44,
 140.013874,   35.386036,       -3.57,
 140.018378,   35.386036,       -3.70,
 140.022883,   35.386036,       -3.83,
 140.027387,   35.386036,       -3.95,
 140.031892,   35.386036,       -4.07,
 140.036396,   35.386036,       -4.20,
 140.040901,   35.386036,       -4.31,
 140.045405,   35.386036,       -4.43,
 140.049910,   35.386036,       -4.55,
 140.054414,   35.386036,       -4.66,
 140.058919,   35.386036,       -4.77,
 140.063423,   35.386036,       -4.88,
 140.067928,   35.386036,       -4.98,
 140.072432,   35.386036,       -5.09,
 140.076937,   35.386036,       -5.19,
 140.081441,   35.386036,       -5.29,
 140.085946,   35.386036,       -5.39,
 140.090450,   35.386036,       -5.48,
 140.094955,   35.386036,       -5.57,
 140.099459,   35.386036,       -5.67,
 140.103964,   35.386036,       -5.76,
 140.108468,   35.386036,       -5.84,
 140.112973,   35.386036,       -5.93,
 140.117477,   35.386036,       -6.01,
 140.121982,   35.386036,       -6.10,
 140.126486,   35.386036,       -6.17,
 140.130991,   35.386036,       -6.25,
 140.135495,   35.386036,       -6.31,
 140.140000,   35.386036,       -6.38,
 140.144505,   35.386036,       -6.44,
 140.149009,   35.386036,       -6.50,
 140.153514,   35.386036,       -6.55,
 140.158018,   35.386036,       -6.61,
 140.162523,   35.386036,       -6.66,
 140.167027,   35.386036,       -6.71,
 140.171532,   35.386036,       -6.75,
 140.176036,   35.386036,       -6.80,
 140.180541,   35.386036,       -6.84,
 140.185045,   35.386036,       -6.89,
 140.189550,   35.386036,       -6.93,
 140.194054,   35.386036,       -6.97,
 140.198559,   35.386036,       -7.00,
 140.203063,   35.386036,       -7.04,
 140.207568,   35.386036,       -7.07,
 140.212072,   35.386036,       -7.11,
 140.216577,   35.386036,       -7.14,
 140.221081,   35.386036,       -7.17,
 140.225586,   35.386036,       -7.20,
 140.230090,   35.386036,       -7.22,
 140.234595,   35.386036,       -7.25,
 140.239099,   35.386036,       -7.27,
 140.243604,   35.386036,       -7.30,
 140.248108,   35.386036,       -7.32,
 140.252613,   35.386036,       -7.34,
 140.257117,   35.386036,       -7.37,
 140.261622,   35.386036,       -7.41,
 140.266126,   35.386036,       -7.45,
 140.270631,   35.386036,       -7.50,
 140.275135,   35.386036,       -7.54,
 140.279640,   35.386036,       -7.59,
 140.284144,   35.386036,       -7.63,
 140.288649,   35.386036,       -7.68,
 140.293153,   35.386036,       -7.73,
 140.297658,   35.386036,       -7.78,
 140.302162,   35.386036,       -7.83,
 140.306667,   35.386036,       -7.88,
 140.311171,   35.386036,       -7.94,
 140.315676,   35.386036,       -7.99,
 140.320180,   35.386036,       -8.05,
 140.324685,   35.386036,       -8.10,
 140.329189,   35.386036,       -8.16,
 140.333694,   35.386036,       -8.22,
 140.338198,   35.386036,       -8.28,
 140.342703,   35.386036,       -8.34,
 140.347207,   35.386036,       -8.40,
 140.351712,   35.386036,       -8.47,
 140.356216,   35.386036,       -8.53,
 140.360721,   35.386036,       -8.60,
 140.365225,   35.386036,       -8.66,
 140.369730,   35.386036,       -8.73,
 140.374234,   35.386036,       -8.80,
 140.378739,   35.386036,       -8.87,
 140.383243,   35.386036,       -8.94,
 140.387748,   35.386036,       -9.01,
 139.140000,   35.390541,        7.03,
 139.144505,   35.390541,        6.68,
 139.149009,   35.390541,        6.34,
 139.153514,   35.390541,        6.00,
 139.158018,   35.390541,        5.67,
 139.162523,   35.390541,        5.34,
 139.167027,   35.390541,        5.02,
 139.171532,   35.390541,        4.70,
 139.176036,   35.390541,        4.39,
 139.180541,   35.390541,        4.08,
 139.185045,   35.390541,        3.78,
 139.189550,   35.390541,        3.48,
 139.194054,   35.390541,        3.19,
 139.198559,   35.390541,        2.90,
 139.203063,   35.390541,        2.62,
 139.207568,   35.390541,        2.35,
 139.212072,   35.390541,        2.08,
 139.216577,   35.390541,        1.81,
 139.221081,   35.390541,        1.55,
 139.225586,   35.390541,        1.30,
 139.230090,   35.390541,        1.05,
 139.234595,   35.390541,        0.80,
 139.239099,   35.390541,        0.56,
 139.243604,   35.390541,        0.33,
 139.248108,   35.390541,        0.10,
 139.252613,   35.390541,       -0.12,
 139.257117,   35.390541,       -0.34,
 139.261622,   35.390541,       -0.55,
 139.266126,   35.390541,       -0.76,
 139.270631,   35.390541,       -0.96,
 139.275135,   35.390541,       -1.16,
 139.279640,   35.390541,       -1.35,
 139.284144,   35.390541,       -1.54,
 139.288649,   35.390541,       -1.72,
 139.293153,   35.390541,       -1.89,
 139.297658,   35.390541,       -2.07,
 139.302162,   35.390541,       -2.23,
 139.306667,   35.390541,       -2.39,
 139.311171,   35.390541,       -2.55,
 139.315676,   35.390541,       -2.70,
 139.320180,   35.390541,       -2.84,
 139.324685,   35.390541,       -2.98,
 139.329189,   35.390541,       -3.11,
 139.333694,   35.390541,       -3.24,
 139.338198,   35.390541,       -3.37,
 139.342703,   35.390541,       -3.49,
 139.347207,   35.390541,       -3.60,
 139.351712,   35.390541,       -3.71,
 139.356216,   35.390541,       -3.81,
 139.360721,   35.390541,       -3.91,
 139.365225,   35.390541,       -4.00,
 139.369730,   35.390541,       -4.35,
 139.374234,   35.390541,       -5.29,
 139.378739,   35.390541,       -6.02,
 139.383243,   35.390541,       -6.08,
 139.387748,   35.390541,       -5.99,
 139.392252,   35.390541,       -5.90,
 139.396757,   35.390541,       -5.80,
 139.401261,   35.390541,       -5.70,
 139.405766,   35.390541,       -5.59,
 139.410270,   35.390541,       -5.49,
 139.414775,   35.390541,       -5.38,
 139.419279,   35.390541,       -5.26,
 139.423784,   35.390541,       -5.14,
 139.428288,   35.390541,       -5.02,
 139.432793,   35.390541,       -4.89,
 139.437297,   35.390541,       -4.75,
 139.441802,   35.390541,       -4.60,
 139.446306,   35.390541,       -4.44,
 139.450811,   35.390541,       -4.27,
 139.455315,   35.390541,       -4.10,
 139.459820,   35.390541,       -3.93,
 139.464324,   35.390541,       -3.76,
 139.468829,   35.390541,       -3.60,
 139.473333,   35.390541,       -3.43,
 139.477838,   35.390541,       -3.25,
 139.482342,   35.390541,       -3.08,
 139.486847,   35.390541,       -2.91,
 139.491351,   35.390541,       -2.74,
 139.495856,   35.390541,       -2.56,
 139.500360,   35.390541,       -2.38,
 139.504865,   35.390541,       -2.20,
 139.509369,   35.390541,       -2.01,
 139.513874,   35.390541,       -1.81,
 139.518378,   35.390541,       -1.60,
 139.522883,   35.390541,       -1.38,
 139.527387,   35.390541,       -1.16,
 139.531892,   35.390541,       -0.95,
 139.536396,   35.390541,       -0.74,
 139.540901,   35.390541,       -0.54,
 139.545405,   35.390541,       -0.33,
 139.549910,   35.390541,       -0.13,
 139.554414,   35.390541,        0.07,
 139.558919,   35.390541,        0.26,
 139.563423,   35.390541,        0.46,
 139.567928,   35.390541,        0.65,
 139.572432,   35.390541,        0.84,
 139.576937,   35.390541,        1.03,
 139.581441,   35.390541,        1.21,
 139.585946,   35.390541,        1.41,
 139.590450,   35.390541,        1.62,
 139.594955,   35.390541,        1.84,
 139.599459,   35.390541,        2.09,
 139.603964,   35.390541,        2.36,
 139.608468,   35.390541,        2.66,
 139.612973,   35.390541,        2.99,
 139.617477,   35.390541,        3.36,
 139.621982,   35.390541,        3.78,
 139.626486,   35.390541,        4.23,
 139.630991,   35.390541,        4.37,
 139.635495,   35.390541,        4.40,
 139.640000,   35.390541,        4.08,
 139.644505,   35.390541,        3.56,
 139.649009,   35.390541,        3.04,
 139.653514,   35.390541,        2.60,
 139.658018,   35.390541,        2.37,
 139.662523,   35.390541,        2.38,
 139.667027,   35.390541,        2.53,
 139.671532,   35.390541,        2.68,
 139.676036,   35.390541,        2.82,
 139.680541,   35.390541,        2.77,
 139.685045,   35.390541,        2.70,
 139.689550,   35.390541,        2.51,
 139.694054,   35.390541,        2.12,
 139.698559,   35.390541,        1.71,
 139.703063,   35.390541,        1.27,
 139.707568,   35.390541,        0.75,
 139.712072,   35.390541,        0.20,
 139.716577,   35.390541,        0.15,
 139.721081,   35.390541,        0.09,
 139.725586,   35.390541,        0.23,
 139.730090,   35.390541,        0.37,
 139.734595,   35.390541,        0.47,
 139.739099,   35.390541,        0.51,
 139.743604,   35.390541,        0.53,
 139.748108,   35.390541,        0.54,
 139.752613,   35.390541,        0.54,
 139.757117,   35.390541,        0.55,
 139.761622,   35.390541,        0.53,
 139.766126,   35.390541,        0.52,
 139.770631,   35.390541,        0.50,
 139.775135,   35.390541,        0.48,
 139.779640,   35.390541,        0.45,
 139.784144,   35.390541,        0.42,
 139.788649,   35.390541,        0.40,
 139.793153,   35.390541,        0.38,
 139.797658,   35.390541,        0.36,
 139.802162,   35.390541,        0.35,
 139.806667,   35.390541,        0.37,
 139.811171,   35.390541,        0.39,
 139.815676,   35.390541,        0.42,
 139.820180,   35.390541,        0.47,
 139.824685,   35.390541,        0.52,
 139.829189,   35.390541,        0.57,
 139.833694,   35.390541,        0.63,
 139.838198,   35.390541,        0.69,
 139.842703,   35.390541,        0.75,
 139.847207,   35.390541,        0.81,
 139.851712,   35.390541,        0.86,
 139.856216,   35.390541,        0.90,
 139.860721,   35.390541,        0.89,
 139.865225,   35.390541,        0.86,
 139.869730,   35.390541,        0.79,
 139.874234,   35.390541,        0.70,
 139.878739,   35.390541,        0.60,
 139.883243,   35.390541,        0.50,
 139.887748,   35.390541,        0.39,
 139.892252,   35.390541,        0.26,
 139.896757,   35.390541,        0.10,
 139.901261,   35.390541,       -0.09,
 139.905766,   35.390541,       -0.28,
 139.910270,   35.390541,       -0.47,
 139.914775,   35.390541,       -0.61,
 139.919279,   35.390541,       -0.67,
 139.923784,   35.390541,       -0.78,
 139.928288,   35.390541,       -0.89,
 139.932793,   35.390541,       -1.00,
 139.937297,   35.390541,       -1.12,
 139.941802,   35.390541,       -1.24,
 139.946306,   35.390541,       -1.37,
 139.950811,   35.390541,       -1.50,
 139.955315,   35.390541,       -1.63,
 139.959820,   35.390541,       -1.76,
 139.964324,   35.390541,       -1.90,
 139.968829,   35.390541,       -2.04,
 139.973333,   35.390541,       -2.17,
 139.977838,   35.390541,       -2.31,
 139.982342,   35.390541,       -2.44,
 139.986847,   35.390541,       -2.58,
 139.991351,   35.390541,       -2.72,
 139.995856,   35.390541,       -2.85,
 140.000360,   35.390541,       -2.99,
 140.004865,   35.390541,       -3.12,
 140.009369,   35.390541,       -3.25,
 140.013874,   35.390541,       -3.38,
 140.018378,   35.390541,       -3.51,
 140.022883,   35.390541,       -3.63,
 140.027387,   35.390541,       -3.75,
 140.031892,   35.390541,       -3.88,
 140.036396,   35.390541,       -4.00,
 140.040901,   35.390541,       -4.11,
 140.045405,   35.390541,       -4.23,
 140.049910,   35.390541,       -4.34,
 140.054414,   35.390541,       -4.45,
 140.058919,   35.390541,       -4.56,
 140.063423,   35.390541,       -4.67,
 140.067928,   35.390541,       -4.78,
 140.072432,   35.390541,       -4.88,
 140.076937,   35.390541,       -4.98,
 140.081441,   35.390541,       -5.08,
 140.085946,   35.390541,       -5.18,
 140.090450,   35.390541,       -5.27,
 140.094955,   35.390541,       -5.36,
 140.099459,   35.390541,       -5.45,
 140.103964,   35.390541,       -5.54,
 140.108468,   35.390541,       -5.63,
 140.112973,   35.390541,       -5.71,
 140.117477,   35.390541,       -5.80,
 140.121982,   35.390541,       -5.88,
 140.126486,   35.390541,       -5.95,
 140.130991,   35.390541,       -6.03,
 140.135495,   35.390541,       -6.09,
 140.140000,   35.390541,       -6.16,
 140.144505,   35.390541,       -6.22,
 140.149009,   35.390541,       -6.27,
 140.153514,   35.390541,       -6.33,
 140.158018,   35.390541,       -6.38,
 140.162523,   35.390541,       -6.43,
 140.167027,   35.390541,       -6.48,
 140.171532,   35.390541,       -6.53,
 140.176036,   35.390541,       -6.57,
 140.180541,   35.390541,       -6.62,
 140.185045,   35.390541,       -6.66,
 140.189550,   35.390541,       -6.70,
 140.194054,   35.390541,       -6.74,
 140.198559,   35.390541,       -6.77,
 140.203063,   35.390541,       -6.81,
 140.207568,   35.390541,       -6.84,
 140.212072,   35.390541,       -6.88,
 140.216577,   35.390541,       -6.91,
 140.221081,   35.390541,       -6.94,
 140.225586,   35.390541,       -6.97,
 140.230090,   35.390541,       -6.99,
 140.234595,   35.390541,       -7.02,
 140.239099,   35.390541,       -7.04,
 140.243604,   35.390541,       -7.06,
 140.248108,   35.390541,       -7.09,
 140.252613,   35.390541,       -7.11,
 140.257117,   35.390541,       -7.15,
 140.261622,   35.390541,       -7.19,
 140.266126,   35.390541,       -7.23,
 140.270631,   35.390541,       -7.28,
 140.275135,   35.390541,       -7.32,
 140.279640,   35.390541,       -7.37,
 140.284144,   35.390541,       -7.41,
 140.288649,   35.390541,       -7.46,
 140.293153,   35.390541,       -7.51,
 140.297658,   35.390541,       -7.56,
 140.302162,   35.390541,       -7.61,
 140.306667,   35.390541,       -7.66,
 140.311171,   35.390541,       -7.72,
 140.315676,   35.390541,       -7.77,
 140.320180,   35.390541,       -7.83,
 140.324685,   35.390541,       -7.88,
 140.329189,   35.390541,       -7.94,
 140.333694,   35.390541,       -8.00,
 140.338198,   35.390541,       -8.06,
 140.342703,   35.390541,       -8.12,
 140.347207,   35.390541,       -8.18,
 140.351712,   35.390541,       -8.24,
 140.356216,   35.390541,       -8.31,
 140.360721,   35.390541,       -8.37,
 140.365225,   35.390541,       -8.44,
 140.369730,   35.390541,       -8.50,
 140.374234,   35.390541,       -8.57,
 140.378739,   35.390541,       -8.64,
 140.383243,   35.390541,       -8.71,
 140.387748,   35.390541,       -8.78,
 139.140000,   35.395045,        7.34,
 139.144505,   35.395045,        6.99,
 139.149009,   35.395045,        6.64,
 139.153514,   35.395045,        6.30,
 139.158018,   35.395045,        5.97,
 139.162523,   35.395045,        5.64,
 139.167027,   35.395045,        5.31,
 139.171532,   35.395045,        4.99,
 139.176036,   35.395045,        4.68,
 139.180541,   35.395045,        4.37,
 139.185045,   35.395045,        4.06,
 139.189550,   35.395045,        3.77,
 139.194054,   35.395045,        3.47,
 139.198559,   35.395045,        3.18,
 139.203063,   35.395045,        2.90,
 139.207568,   35.395045,        2.62,
 139.212072,   35.395045,        2.35,
 139.216577,   35.395045,        2.08,
 139.221081,   35.395045,        1.82,
 139.225586,   35.395045,        1.56,
 139.230090,   35.395045,        1.31,
 139.234595,   35.395045,        1.07,
 139.239099,   35.395045,        0.83,
 139.243604,   35.395045,        0.59,
 139.248108,   35.395045,        0.36,
 139.252613,   35.395045,        0.13,
 139.257117,   35.395045,       -0.09,
 139.261622,   35.395045,       -0.30,
 139.266126,   35.395045,       -0.51,
 139.270631,   35.395045,       -0.72,
 139.275135,   35.395045,       -0.92,
 139.279640,   35.395045,       -1.11,
 139.284144,   35.395045,       -1.30,
 139.288649,   35.395045,       -1.48,
 139.293153,   35.395045,       -1.66,
 139.297658,   35.395045,       -1.83,
 139.302162,   35.395045,       -2.00,
 139.306667,   35.395045,       -2.16,
 139.311171,   35.395045,       -2.32,
 139.315676,   35.395045,       -2.47,
 139.320180,   35.395045,       -2.62,
 139.324685,   35.395045,       -2.76,
 139.329189,   35.395045,       -2.90,
 139.333694,   35.395045,       -3.03,
 139.338198,   35.395045,       -3.16,
 139.342703,   35.395045,       -3.28,
 139.347207,   35.395045,       -3.39,
 139.351712,   35.395045,       -3.50,
 139.356216,   35.395045,       -3.61,
 139.360721,   35.395045,       -3.71,
 139.365225,   35.395045,       -3.80,
 139.369730,   35.395045,       -3.89,
 139.374234,   35.395045,       -3.97,
 139.378739,   35.395045,       -4.74,
 139.383243,   35.395045,       -5.58,
 139.387748,   35.395045,       -6.01,
 139.392252,   35.395045,       -5.92,
 139.396757,   35.395045,       -5.82,
 139.401261,   35.395045,       -5.72,
 139.405766,   35.395045,       -5.62,
 139.410270,   35.395045,       -5.52,
 139.414775,   35.395045,       -5.41,
 139.419279,   35.395045,       -5.30,
 139.423784,   35.395045,       -5.19,
 139.428288,   35.395045,       -5.07,
 139.432793,   35.395045,       -4.94,
 139.437297,   35.395045,       -4.82,
 139.441802,   35.395045,       -4.68,
 139.446306,   35.395045,       -4.53,
 139.450811,   35.395045,       -4.38,
 139.455315,   35.395045,       -4.21,
 139.459820,   35.395045,       -4.04,
 139.464324,   35.395045,       -3.87,
 139.468829,   35.395045,       -3.70,
 139.473333,   35.395045,       -3.53,
 139.477838,   35.395045,       -3.36,
 139.482342,   35.395045,       -3.19,
 139.486847,   35.395045,       -3.01,
 139.491351,   35.395045,       -2.84,
 139.495856,   35.395045,       -2.66,
 139.500360,   35.395045,       -2.48,
 139.504865,   35.395045,       -2.30,
 139.509369,   35.395045,       -2.11,
 139.513874,   35.395045,       -1.92,
 139.518378,   35.395045,       -1.73,
 139.522883,   35.395045,       -1.52,
 139.527387,   35.395045,       -1.30,
 139.531892,   35.395045,       -1.08,
 139.536396,   35.395045,       -0.87,
 139.540901,   35.395045,       -0.65,
 139.545405,   35.395045,       -0.44,
 139.549910,   35.395045,       -0.24,
 139.554414,   35.395045,       -0.03,
 139.558919,   35.395045,        0.18,
 139.563423,   35.395045,        0.38,
 139.567928,   35.395045,        0.58,
 139.572432,   35.395045,        0.78,
 139.576937,   35.395045,        0.98,
 139.581441,   35.395045,        1.18,
 139.585946,   35.395045,        1.38,
 139.590450,   35.395045,        1.59,
 139.594955,   35.395045,        1.82,
 139.599459,   35.395045,        2.07,
 139.603964,   35.395045,        2.34,
 139.608468,   35.395045,        2.65,
 139.612973,   35.395045,        2.99,
 139.617477,   35.395045,        3.37,
 139.621982,   35.395045,        3.81,
 139.626486,   35.395045,        4.32,
 139.630991,   35.395045,        4.74,
 139.635495,   35.395045,        4.73,
 139.640000,   35.395045,        4.19,
 139.644505,   35.395045,        3.68,
 139.649009,   35.395045,        3.10,
 139.653514,   35.395045,        2.57,
 139.658018,   35.395045,        2.34,
 139.662523,   35.395045,        2.21,
 139.667027,   35.395045,        2.41,
 139.671532,   35.395045,        2.64,
 139.676036,   35.395045,        2.81,
 139.680541,   35.395045,        2.98,
 139.685045,   35.395045,        2.94,
 139.689550,   35.395045,        2.91,
 139.694054,   35.395045,        2.65,
 139.698559,   35.395045,        2.26,
 139.703063,   35.395045,        1.88,
 139.707568,   35.395045,        1.34,
 139.712072,   35.395045,        0.85,
 139.716577,   35.395045,        0.61,
 139.721081,   35.395045,        0.45,
 139.725586,   35.395045,        0.42,
 139.730090,   35.395045,        0.51,
 139.734595,   35.395045,        0.57,
 139.739099,   35.395045,        0.61,
 139.743604,   35.395045,        0.62,
 139.748108,   35.395045,        0.64,
 139.752613,   35.395045,        0.64,
 139.757117,   35.395045,        0.64,
 139.761622,   35.395045,        0.64,
 139.766126,   35.395045,        0.63,
 139.770631,   35.395045,        0.61,
 139.775135,   35.395045,        0.60,
 139.779640,   35.395045,        0.57,
 139.784144,   35.395045,        0.54,
 139.788649,   35.395045,        0.52,
 139.793153,   35.395045,        0.50,
 139.797658,   35.395045,        0.49,
 139.802162,   35.395045,        0.48,
 139.806667,   35.395045,        0.49,
 139.811171,   35.395045,        0.50,
 139.815676,   35.395045,        0.52,
 139.820180,   35.395045,        0.54,
 139.824685,   35.395045,        0.57,
 139.829189,   35.395045,        0.61,
 139.833694,   35.395045,        0.65,
 139.838198,   35.395045,        0.69,
 139.842703,   35.395045,        0.74,
 139.847207,   35.395045,        0.80,
 139.851712,   35.395045,        0.82,
 139.856216,   35.395045,        0.84,
 139.860721,   35.395045,        0.87,
 139.865225,   35.395045,        0.88,
 139.869730,   35.395045,        0.84,
 139.874234,   35.395045,        0.76,
 139.878739,   35.395045,        0.66,
 139.883243,   35.395045,        0.56,
 139.887748,   35.395045,        0.46,
 139.892252,   35.395045,        0.35,
 139.896757,   35.395045,        0.22,
 139.901261,   35.395045,        0.06,
 139.905766,   35.395045,       -0.12,
 139.910270,   35.395045,       -0.34,
 139.914775,   35.395045,       -0.60,
 139.919279,   35.395045,       -0.58,
 139.923784,   35.395045,       -0.68,
 139.928288,   35.395045,       -0.79,
 139.932793,   35.395045,       -0.89,
 139.937297,   35.395045,       -1.00,
 139.941802,   35.395045,       -1.12,
 139.946306,   35.395045,       -1.24,
 139.950811,   35.395045,       -1.36,
 139.955315,   35.395045,       -1.48,
 139.959820,   35.395045,       -1.61,
 139.964324,   35.395045,       -1.74,
 139.968829,   35.395045,       -1.87,
 139.973333,   35.395045,       -2.00,
 139.977838,   35.395045,       -2.13,
 139.982342,   35.395045,       -2.27,
 139.986847,   35.395045,       -2.40,
 139.991351,   35.395045,       -2.53,
 139.995856,   35.395045,       -2.67,
 140.000360,   35.395045,       -2.80,
 140.004865,   35.395045,       -2.93,
 140.009369,   35.395045,       -3.06,
 140.013874,   35.395045,       -3.19,
 140.018378,   35.395045,       -3.31,
 140.022883,   35.395045,       -3.43,
 140.027387,   35.395045,       -3.56,
 140.031892,   35.395045,       -3.68,
 140.036396,   35.395045,       -3.79,
 140.040901,   35.395045,       -3.91,
 140.045405,   35.395045,       -4.03,
 140.049910,   35.395045,       -4.14,
 140.054414,   35.395045,       -4.25,
 140.058919,   35.395045,       -4.36,
 140.063423,   35.395045,       -4.46,
 140.067928,   35.395045,       -4.57,
 140.072432,   35.395045,       -4.67,
 140.076937,   35.395045,       -4.77,
 140.081441,   35.395045,       -4.87,
 140.085946,   35.395045,       -4.96,
 140.090450,   35.395045,       -5.06,
 140.094955,   35.395045,       -5.15,
 140.099459,   35.395045,       -5.24,
 140.103964,   35.395045,       -5.33,
 140.108468,   35.395045,       -5.41,
 140.112973,   35.395045,       -5.50,
 140.117477,   35.395045,       -5.58,
 140.121982,   35.395045,       -5.66,
 140.126486,   35.395045,       -5.74,
 140.130991,   35.395045,       -5.81,
 140.135495,   35.395045,       -5.87,
 140.140000,   35.395045,       -5.93,
 140.144505,   35.395045,       -5.99,
 140.149009,   35.395045,       -6.05,
 140.153514,   35.395045,       -6.10,
 140.158018,   35.395045,       -6.15,
 140.162523,   35.395045,       -6.20,
 140.167027,   35.395045,       -6.25,
 140.171532,   35.395045,       -6.30,
 140.176036,   35.395045,       -6.34,
 140.180541,   35.395045,       -6.39,
 140.185045,   35.395045,       -6.43,
 140.189550,   35.395045,       -6.47,
 140.194054,   35.395045,       -6.51,
 140.198559,   35.395045,       -6.55,
 140.203063,   35.395045,       -6.58,
 140.207568,   35.395045,       -6.62,
 140.212072,   35.395045,       -6.65,
 140.216577,   35.395045,       -6.68,
 140.221081,   35.395045,       -6.71,
 140.225586,   35.395045,       -6.74,
 140.230090,   35.395045,       -6.76,
 140.234595,   35.395045,       -6.79,
 140.239099,   35.395045,       -6.81,
 140.243604,   35.395045,       -6.84,
 140.248108,   35.395045,       -6.86,
 140.252613,   35.395045,       -6.89,
 140.257117,   35.395045,       -6.93,
 140.261622,   35.395045,       -6.97,
 140.266126,   35.395045,       -7.02,
 140.270631,   35.395045,       -7.06,
 140.275135,   35.395045,       -7.10,
 140.279640,   35.395045,       -7.15,
 140.284144,   35.395045,       -7.19,
 140.288649,   35.395045,       -7.24,
 140.293153,   35.395045,       -7.29,
 140.297658,   35.395045,       -7.34,
 140.302162,   35.395045,       -7.39,
 140.306667,   35.395045,       -7.44,
 140.311171,   35.395045,       -7.49,
 140.315676,   35.395045,       -7.55,
 140.320180,   35.395045,       -7.60,
 140.324685,   35.395045,       -7.66,
 140.329189,   35.395045,       -7.71,
 140.333694,   35.395045,       -7.77,
 140.338198,   35.395045,       -7.83,
 140.342703,   35.395045,       -7.89,
 140.347207,   35.395045,       -7.95,
 140.351712,   35.395045,       -8.01,
 140.356216,   35.395045,       -8.08,
 140.360721,   35.395045,       -8.14,
 140.365225,   35.395045,       -8.21,
 140.369730,   35.395045,       -8.27,
 140.374234,   35.395045,       -8.34,
 140.378739,   35.395045,       -8.41,
 140.383243,   35.395045,       -8.48,
 140.387748,   35.395045,       -8.55,
 139.140000,   35.399550,        7.64,
 139.144505,   35.399550,        7.29,
 139.149009,   35.399550,        6.94,
 139.153514,   35.399550,        6.60,
 139.158018,   35.399550,        6.26,
 139.162523,   35.399550,        5.93,
 139.167027,   35.399550,        5.60,
 139.171532,   35.399550,        5.28,
 139.176036,   35.399550,        4.96,
 139.180541,   35.399550,        4.65,
 139.185045,   35.399550,        4.35,
 139.189550,   35.399550,        4.05,
 139.194054,   35.399550,        3.75,
 139.198559,   35.399550,        3.46,
 139.203063,   35.399550,        3.17,
 139.207568,   35.399550,        2.89,
 139.212072,   35.399550,        2.62,
 139.216577,   35.399550,        2.35,
 139.221081,   35.399550,        2.09,
 139.225586,   35.399550,        1.83,
 139.230090,   35.399550,        1.57,
 139.234595,   35.399550,        1.32,
 139.239099,   35.399550,        1.08,
 139.243604,   35.399550,        0.84,
 139.248108,   35.399550,        0.61,
 139.252613,   35.399550,        0.38,
 139.257117,   35.399550,        0.16,
 139.261622,   35.399550,       -0.06,
 139.266126,   35.399550,       -0.27,
 139.270631,   35.399550,       -0.48,
 139.275135,   35.399550,       -0.68,
 139.279640,   35.399550,       -0.87,
 139.284144,   35.399550,       -1.06,
 139.288649,   35.399550,       -1.25,
 139.293153,   35.399550,       -1.43,
 139.297658,   35.399550,       -1.61,
 139.302162,   35.399550,       -1.78,
 139.306667,   35.399550,       -1.94,
 139.311171,   35.399550,       -2.10,
 139.315676,   35.399550,       -2.25,
 139.320180,   35.399550,       -2.40,
 139.324685,   35.399550,       -2.55,
 139.329189,   35.399550,       -2.69,
 139.333694,   35.399550,       -2.82,
 139.338198,   35.399550,       -2.95,
 139.342703,   35.399550,       -3.07,
 139.347207,   35.399550,       -3.19,
 139.351712,   35.399550,       -3.30,
 139.356216,   35.399550,       -3.41,
 139.360721,   35.399550,       -3.51,
 139.365225,   35.399550,       -3.61,
 139.369730,   35.399550,       -3.70,
 139.374234,   35.399550,       -3.78,
 139.378739,   35.399550,       -3.87,
 139.383243,   35.399550,       -4.18,
 139.387748,   35.399550,       -5.07,
 139.392252,   35.399550,       -5.76,
 139.396757,   35.399550,       -5.85,
 139.401261,   35.399550,       -5.75,
 139.405766,   35.399550,       -5.65,
 139.410270,   35.399550,       -5.55,
 139.414775,   35.399550,       -5.44,
 139.419279,   35.399550,       -5.34,
 139.423784,   35.399550,       -5.23,
 139.428288,   35.399550,       -5.11,
 139.432793,   35.399550,       -4.99,
 139.437297,   35.399550,       -4.87,
 139.441802,   35.399550,       -4.74,
 139.446306,   35.399550,       -4.61,
 139.450811,   35.399550,       -4.47,
 139.455315,   35.399550,       -4.32,
 139.459820,   35.399550,       -4.15,
 139.464324,   35.399550,       -3.99,
 139.468829,   35.399550,       -3.81,
 139.473333,   35.399550,       -3.64,
 139.477838,   35.399550,       -3.47,
 139.482342,   35.399550,       -3.29,
 139.486847,   35.399550,       -3.12,
 139.491351,   35.399550,       -2.94,
 139.495856,   35.399550,       -2.76,
 139.500360,   35.399550,       -2.59,
 139.504865,   35.399550,       -2.40,
 139.509369,   35.399550,       -2.22,
 139.513874,   35.399550,       -2.03,
 139.518378,   35.399550,       -1.84,
 139.522883,   35.399550,       -1.65,
 139.527387,   35.399550,       -1.44,
 139.531892,   35.399550,       -1.23,
 139.536396,   35.399550,       -1.00,
 139.540901,   35.399550,       -0.78,
 139.545405,   35.399550,       -0.57,
 139.549910,   35.399550,       -0.35,
 139.554414,   35.399550,       -0.14,
 139.558919,   35.399550,        0.08,
 139.563423,   35.399550,        0.29,
 139.567928,   35.399550,        0.50,
 139.572432,   35.399550,        0.71,
 139.576937,   35.399550,        0.92,
 139.581441,   35.399550,        1.13,
 139.585946,   35.399550,        1.34,
 139.590450,   35.399550,        1.56,
 139.594955,   35.399550,        1.79,
 139.599459,   35.399550,        2.04,
 139.603964,   35.399550,        2.31,
 139.608468,   35.399550,        2.61,
 139.612973,   35.399550,        2.96,
 139.617477,   35.399550,        3.35,
 139.621982,   35.399550,        3.79,
 139.626486,   35.399550,        4.32,
 139.630991,   35.399550,        4.97,
 139.635495,   35.399550,        4.81,
 139.640000,   35.399550,        4.08,
 139.644505,   35.399550,        3.48,
 139.649009,   35.399550,        2.91,
 139.653514,   35.399550,        2.54,
 139.658018,   35.399550,        2.32,
 139.662523,   35.399550,        2.24,
 139.667027,   35.399550,        2.29,
 139.671532,   35.399550,        2.56,
 139.676036,   35.399550,        2.78,
 139.680541,   35.399550,        2.99,
 139.685045,   35.399550,        3.10,
 139.689550,   35.399550,        3.09,
 139.694054,   35.399550,        3.05,
 139.698559,   35.399550,        2.78,
 139.703063,   35.399550,        2.43,
 139.707568,   35.399550,        1.94,
 139.712072,   35.399550,        1.44,
 139.716577,   35.399550,        1.15,
 139.721081,   35.399550,        0.91,
 139.725586,   35.399550,        0.71,
 139.730090,   35.399550,        0.73,
 139.734595,   35.399550,        0.73,
 139.739099,   35.399550,        0.74,
 139.743604,   35.399550,        0.75,
 139.748108,   35.399550,        0.75,
 139.752613,   35.399550,        0.76,
 139.757117,   35.399550,        0.76,
 139.761622,   35.399550,        0.75,
 139.766126,   35.399550,        0.74,
 139.770631,   35.399550,        0.73,
 139.775135,   35.399550,        0.71,
 139.779640,   35.399550,        0.69,
 139.784144,   35.399550,        0.67,
 139.788649,   35.399550,        0.65,
 139.793153,   35.399550,        0.63,
 139.797658,   35.399550,        0.62,
 139.802162,   35.399550,        0.61,
 139.806667,   35.399550,        0.61,
 139.811171,   35.399550,        0.62,
 139.815676,   35.399550,        0.63,
 139.820180,   35.399550,        0.65,
 139.824685,   35.399550,        0.67,
 139.829189,   35.399550,        0.69,
 139.833694,   35.399550,        0.71,
 139.838198,   35.399550,        0.74,
 139.842703,   35.399550,        0.78,
 139.847207,   35.399550,        0.80,
 139.851712,   35.399550,        0.83,
 139.856216,   35.399550,        0.86,
 139.860721,   35.399550,        0.88,
 139.865225,   35.399550,        0.89,
 139.869730,   35.399550,        0.89,
 139.874234,   35.399550,        0.84,
 139.878739,   35.399550,        0.75,
 139.883243,   35.399550,        0.65,
 139.887748,   35.399550,        0.56,
 139.892252,   35.399550,        0.46,
 139.896757,   35.399550,        0.37,
 139.901261,   35.399550,        0.25,
 139.905766,   35.399550,        0.07,
 139.910270,   35.399550,       -0.21,
 139.914775,   35.399550,       -0.46,
 139.919279,   35.399550,       -0.55,
 139.923784,   35.399550,       -0.56,
 139.928288,   35.399550,       -0.67,
 139.932793,   35.399550,       -0.77,
 139.937297,   35.399550,       -0.88,
 139.941802,   35.399550,       -0.99,
 139.946306,   35.399550,       -1.10,
 139.950811,   35.399550,       -1.21,
 139.955315,   35.399550,       -1.33,
 139.959820,   35.399550,       -1.45,
 139.964324,   35.399550,       -1.58,
 139.968829,   35.399550,       -1.71,
 139.973333,   35.399550,       -1.83,
 139.977838,   35.399550,       -1.96,
 139.982342,   35.399550,       -2.09,
 139.986847,   35.399550,       -2.22,
 139.991351,   35.399550,       -2.35,
 139.995856,   35.399550,       -2.48,
 140.000360,   35.399550,       -2.61,
 140.004865,   35.399550,       -2.74,
 140.009369,   35.399550,       -2.86,
 140.013874,   35.399550,       -2.99,
 140.018378,   35.399550,       -3.11,
 140.022883,   35.399550,       -3.24,
 140.027387,   35.399550,       -3.36,
 140.031892,   35.399550,       -3.48,
 140.036396,   35.399550,       -3.59,
 140.040901,   35.399550,       -3.71,
 140.045405,   35.399550,       -3.82,
 140.049910,   35.399550,       -3.93,
 140.054414,   35.399550,       -4.04,
 140.058919,   35.399550,       -4.15,
 140.063423,   35.399550,       -4.26,
 140.067928,   35.399550,       -4.36,
 140.072432,   35.399550,       -4.46,
 140.076937,   35.399550,       -4.56,
 140.081441,   35.399550,       -4.66,
 140.085946,   35.399550,       -4.75,
 140.090450,   35.399550,       -4.85,
 140.094955,   35.399550,       -4.94,
 140.099459,   35.399550,       -5.03,
 140.103964,   35.399550,       -5.11,
 140.108468,   35.399550,       -5.20,
 140.112973,   35.399550,       -5.29,
 140.117477,   35.399550,       -5.37,
 140.121982,   35.399550,       -5.45,
 140.126486,   35.399550,       -5.52,
 140.130991,   35.399550,       -5.59,
 140.135495,   35.399550,       -5.65,
 140.140000,   35.399550,       -5.71,
 140.144505,   35.399550,       -5.77,
 140.149009,   35.399550,       -5.82,
 140.153514,   35.399550,       -5.88,
 140.158018,   35.399550,       -5.93,
 140.162523,   35.399550,       -5.98,
 140.167027,   35.399550,       -6.03,
 140.171532,   35.399550,       -6.07,
 140.176036,   35.399550,       -6.12,
 140.180541,   35.399550,       -6.16,
 140.185045,   35.399550,       -6.20,
 140.189550,   35.399550,       -6.24,
 140.194054,   35.399550,       -6.28,
 140.198559,   35.399550,       -6.32,
 140.203063,   35.399550,       -6.35,
 140.207568,   35.399550,       -6.39,
 140.212072,   35.399550,       -6.42,
 140.216577,   35.399550,       -6.45,
 140.221081,   35.399550,       -6.48,
 140.225586,   35.399550,       -6.51,
 140.230090,   35.399550,       -6.53,
 140.234595,   35.399550,       -6.56,
 140.239099,   35.399550,       -6.58,
 140.243604,   35.399550,       -6.61,
 140.248108,   35.399550,       -6.64,
 140.252613,   35.399550,       -6.67,
 140.257117,   35.399550,       -6.71,
 140.261622,   35.399550,       -6.75,
 140.266126,   35.399550,       -6.80,
 140.270631,   35.399550,       -6.84,
 140.275135,   35.399550,       -6.88,
 140.279640,   35.399550,       -6.93,
 140.284144,   35.399550,       -6.97,
 140.288649,   35.399550,       -7.02,
 140.293153,   35.399550,       -7.07,
 140.297658,   35.399550,       -7.12,
 140.302162,   35.399550,       -7.17,
 140.306667,   35.399550,       -7.22,
 140.311171,   35.399550,       -7.27,
 140.315676,   35.399550,       -7.32,
 140.320180,   35.399550,       -7.38,
 140.324685,   35.399550,       -7.43,
 140.329189,   35.399550,       -7.49,
 140.333694,   35.399550,       -7.55,
 140.338198,   35.399550,       -7.60,
 140.342703,   35.399550,       -7.66,
 140.347207,   35.399550,       -7.73,
 140.351712,   35.399550,       -7.79,
 140.356216,   35.399550,       -7.85,
 140.360721,   35.399550,       -7.91,
 140.365225,   35.399550,       -7.98,
 140.369730,   35.399550,       -8.04,
 140.374234,   35.399550,       -8.11,
 140.378739,   35.399550,       -8.18,
 140.383243,   35.399550,       -8.25,
 140.387748,   35.399550,       -8.32,
 139.140000,   35.404054,        7.94,
 139.144505,   35.404054,        7.59,
 139.149009,   35.404054,        7.24,
 139.153514,   35.404054,        6.89,
 139.158018,   35.404054,        6.55,
 139.162523,   35.404054,        6.22,
 139.167027,   35.404054,        5.89,
 139.171532,   35.404054,        5.56,
 139.176036,   35.404054,        5.25,
 139.180541,   35.404054,        4.93,
 139.185045,   35.404054,        4.62,
 139.189550,   35.404054,        4.32,
 139.194054,   35.404054,        4.02,
 139.198559,   35.404054,        3.73,
 139.203063,   35.404054,        3.44,
 139.207568,   35.404054,        3.16,
 139.212072,   35.404054,        2.88,
 139.216577,   35.404054,        2.61,
 139.221081,   35.404054,        2.34,
 139.225586,   35.404054,        2.08,
 139.230090,   35.404054,        1.83,
 139.234595,   35.404054,        1.58,
 139.239099,   35.404054,        1.33,
 139.243604,   35.404054,        1.09,
 139.248108,   35.404054,        0.86,
 139.252613,   35.404054,        0.63,
 139.257117,   35.404054,        0.40,
 139.261622,   35.404054,        0.18,
 139.266126,   35.404054,       -0.03,
 139.270631,   35.404054,       -0.24,
 139.275135,   35.404054,       -0.44,
 139.279640,   35.404054,       -0.64,
 139.284144,   35.404054,       -0.84,
 139.288649,   35.404054,       -1.02,
 139.293153,   35.404054,       -1.21,
 139.297658,   35.404054,       -1.38,
 139.302162,   35.404054,       -1.56,
 139.306667,   35.404054,       -1.72,
 139.311171,   35.404054,       -1.89,
 139.315676,   35.404054,       -2.04,
 139.320180,   35.404054,       -2.19,
 139.324685,   35.404054,       -2.34,
 139.329189,   35.404054,       -2.48,
 139.333694,   35.404054,       -2.62,
 139.338198,   35.404054,       -2.75,
 139.342703,   35.404054,       -2.87,
 139.347207,   35.404054,       -2.99,
 139.351712,   35.404054,       -3.11,
 139.356216,   35.404054,       -3.22,
 139.360721,   35.404054,       -3.32,
 139.365225,   35.404054,       -3.42,
 139.369730,   35.404054,       -3.51,
 139.374234,   35.404054,       -3.60,
 139.378739,   35.404054,       -3.68,
 139.383243,   35.404054,       -3.76,
 139.387748,   35.404054,       -3.83,
 139.392252,   35.404054,       -4.55,
 139.396757,   35.404054,       -5.34,
 139.401261,   35.404054,       -5.78,
 139.405766,   35.404054,       -5.68,
 139.410270,   35.404054,       -5.58,
 139.414775,   35.404054,       -5.48,
 139.419279,   35.404054,       -5.37,
 139.423784,   35.404054,       -5.27,
 139.428288,   35.404054,       -5.15,
 139.432793,   35.404054,       -5.04,
 139.437297,   35.404054,       -4.92,
 139.441802,   35.404054,       -4.80,
 139.446306,   35.404054,       -4.67,
 139.450811,   35.404054,       -4.54,
 139.455315,   35.404054,       -4.40,
 139.459820,   35.404054,       -4.25,
 139.464324,   35.404054,       -4.10,
 139.468829,   35.404054,       -3.93,
 139.473333,   35.404054,       -3.76,
 139.477838,   35.404054,       -3.58,
 139.482342,   35.404054,       -3.41,
 139.486847,   35.404054,       -3.23,
 139.491351,   35.404054,       -3.05,
 139.495856,   35.404054,       -2.88,
 139.500360,   35.404054,       -2.70,
 139.504865,   35.404054,       -2.51,
 139.509369,   35.404054,       -2.33,
 139.513874,   35.404054,       -2.14,
 139.518378,   35.404054,       -1.95,
 139.522883,   35.404054,       -1.76,
 139.527387,   35.404054,       -1.56,
 139.531892,   35.404054,       -1.36,
 139.536396,   35.404054,       -1.15,
 139.540901,   35.404054,       -0.92,
 139.545405,   35.404054,       -0.70,
 139.549910,   35.404054,       -0.48,
 139.554414,   35.404054,       -0.26,
 139.558919,   35.404054,       -0.04,
 139.563423,   35.404054,        0.18,
 139.567928,   35.404054,        0.40,
 139.572432,   35.404054,        0.62,
 139.576937,   35.404054,        0.84,
 139.581441,   35.404054,        1.06,
 139.585946,   35.404054,        1.28,
 139.590450,   35.404054,        1.50,
 139.594955,   35.404054,        1.74,
 139.599459,   35.404054,        1.98,
 139.603964,   35.404054,        2.26,
 139.608468,   35.404054,        2.56,
 139.612973,   35.404054,        2.90,
 139.617477,   35.404054,        3.29,
 139.621982,   35.404054,        3.74,
 139.626486,   35.404054,        4.27,
 139.630991,   35.404054,        4.92,
 139.635495,   35.404054,        5.28,
 139.640000,   35.404054,        4.08,
 139.644505,   35.404054,        3.44,
 139.649009,   35.404054,        2.89,
 139.653514,   35.404054,        2.57,
 139.658018,   35.404054,        2.35,
 139.662523,   35.404054,        2.31,
 139.667027,   35.404054,        2.37,
 139.671532,   35.404054,        2.58,
 139.676036,   35.404054,        2.79,
 139.680541,   35.404054,        3.00,
 139.685045,   35.404054,        3.13,
 139.689550,   35.404054,        3.23,
 139.694054,   35.404054,        3.19,
 139.698559,   35.404054,        3.08,
 139.703063,   35.404054,        2.90,
 139.707568,   35.404054,        2.35,
 139.712072,   35.404054,        1.87,
 139.716577,   35.404054,        1.56,
 139.721081,   35.404054,        1.32,
 139.725586,   35.404054,        1.09,
 139.730090,   35.404054,        0.97,
 139.734595,   35.404054,        0.94,
 139.739099,   35.404054,        0.92,
 139.743604,   35.404054,        0.90,
 139.748108,   35.404054,        0.88,
 139.752613,   35.404054,        0.88,
 139.757117,   35.404054,        0.88,
 139.761622,   35.404054,        0.87,
 139.766126,   35.404054,        0.86,
 139.770631,   35.404054,        0.85,
 139.775135,   35.404054,        0.83,
 139.779640,   35.404054,        0.82,
 139.784144,   35.404054,        0.80,
 139.788649,   35.404054,        0.78,
 139.793153,   35.404054,        0.76,
 139.797658,   35.404054,        0.75,
 139.802162,   35.404054,        0.74,
 139.806667,   35.404054,        0.74,
 139.811171,   35.404054,        0.74,
 139.815676,   35.404054,        0.74,
 139.820180,   35.404054,        0.76,
 139.824685,   35.404054,        0.78,
 139.829189,   35.404054,        0.79,
 139.833694,   35.404054,        0.80,
 139.838198,   35.404054,        0.81,
 139.842703,   35.404054,        0.83,
 139.847207,   35.404054,        0.85,
 139.851712,   35.404054,        0.88,
 139.856216,   35.404054,        0.91,
 139.860721,   35.404054,        0.93,
 139.865225,   35.404054,        0.95,
 139.869730,   35.404054,        0.95,
 139.874234,   35.404054,        0.91,
 139.878739,   35.404054,        0.85,
 139.883243,   35.404054,        0.77,
 139.887748,   35.404054,        0.68,
 139.892252,   35.404054,        0.60,
 139.896757,   35.404054,        0.53,
 139.901261,   35.404054,        0.44,
 139.905766,   35.404054,        0.22,
 139.910270,   35.404054,       -0.09,
 139.914775,   35.404054,       -0.33,
 139.919279,   35.404054,       -0.52,
 139.923784,   35.404054,       -0.49,
 139.928288,   35.404054,       -0.54,
 139.932793,   35.404054,       -0.65,
 139.937297,   35.404054,       -0.75,
 139.941802,   35.404054,       -0.85,
 139.946306,   35.404054,       -0.96,
 139.950811,   35.404054,       -1.07,
 139.955315,   35.404054,       -1.18,
 139.959820,   35.404054,       -1.29,
 139.964324,   35.404054,       -1.41,
 139.968829,   35.404054,       -1.54,
 139.973333,   35.404054,       -1.66,
 139.977838,   35.404054,       -1.78,
 139.982342,   35.404054,       -1.90,
 139.986847,   35.404054,       -2.03,
 139.991351,   35.404054,       -2.16,
 139.995856,   35.404054,       -2.29,
 140.000360,   35.404054,       -2.42,
 140.004865,   35.404054,       -2.54,
 140.009369,   35.404054,       -2.67,
 140.013874,   35.404054,       -2.79,
 140.018378,   35.404054,       -2.92,
 140.022883,   35.404054,       -3.04,
 140.027387,   35.404054,       -3.16,
 140.031892,   35.404054,       -3.27,
 140.036396,   35.404054,       -3.39,
 140.040901,   35.404054,       -3.50,
 140.045405,   35.404054,       -3.62,
 140.049910,   35.404054,       -3.73,
 140.054414,   35.404054,       -3.84,
 140.058919,   35.404054,       -3.94,
 140.063423,   35.404054,       -4.05,
 140.067928,   35.404054,       -4.15,
 140.072432,   35.404054,       -4.25,
 140.076937,   35.404054,       -4.35,
 140.081441,   35.404054,       -4.45,
 140.085946,   35.404054,       -4.54,
 140.090450,   35.404054,       -4.63,
 140.094955,   35.404054,       -4.72,
 140.099459,   35.404054,       -4.81,
 140.103964,   35.404054,       -4.90,
 140.108468,   35.404054,       -4.99,
 140.112973,   35.404054,       -5.07,
 140.117477,   35.404054,       -5.15,
 140.121982,   35.404054,       -5.23,
 140.126486,   35.404054,       -5.30,
 140.130991,   35.404054,       -5.37,
 140.135495,   35.404054,       -5.43,
 140.140000,   35.404054,       -5.49,
 140.144505,   35.404054,       -5.54,
 140.149009,   35.404054,       -5.60,
 140.153514,   35.404054,       -5.65,
 140.158018,   35.404054,       -5.70,
 140.162523,   35.404054,       -5.75,
 140.167027,   35.404054,       -5.80,
 140.171532,   35.404054,       -5.85,
 140.176036,   35.404054,       -5.89,
 140.180541,   35.404054,       -5.93,
 140.185045,   35.404054,       -5.98,
 140.189550,   35.404054,       -6.02,
 140.194054,   35.404054,       -6.05,
 140.198559,   35.404054,       -6.09,
 140.203063,   35.404054,       -6.13,
 140.207568,   35.404054,       -6.16,
 140.212072,   35.404054,       -6.19,
 140.216577,   35.404054,       -6.22,
 140.221081,   35.404054,       -6.25,
 140.225586,   35.404054,       -6.28,
 140.230090,   35.404054,       -6.31,
 140.234595,   35.404054,       -6.33,
 140.239099,   35.404054,       -6.35,
 140.243604,   35.404054,       -6.38,
 140.248108,   35.404054,       -6.42,
 140.252613,   35.404054,       -6.46,
 140.257117,   35.404054,       -6.49,
 140.261622,   35.404054,       -6.53,
 140.266126,   35.404054,       -6.58,
 140.270631,   35.404054,       -6.62,
 140.275135,   35.404054,       -6.66,
 140.279640,   35.404054,       -6.70,
 140.284144,   35.404054,       -6.75,
 140.288649,   35.404054,       -6.80,
 140.293153,   35.404054,       -6.84,
 140.297658,   35.404054,       -6.89,
 140.302162,   35.404054,       -6.94,
 140.306667,   35.404054,       -6.99,
 140.311171,   35.404054,       -7.04,
 140.315676,   35.404054,       -7.10,
 140.320180,   35.404054,       -7.15,
 140.324685,   35.404054,       -7.21,
 140.329189,   35.404054,       -7.26,
 140.333694,   35.404054,       -7.32,
 140.338198,   35.404054,       -7.38,
 140.342703,   35.404054,       -7.44,
 140.347207,   35.404054,       -7.50,
 140.351712,   35.404054,       -7.56,
 140.356216,   35.404054,       -7.62,
 140.360721,   35.404054,       -7.68,
 140.365225,   35.404054,       -7.75,
 140.369730,   35.404054,       -7.81,
 140.374234,   35.404054,       -7.88,
 140.378739,   35.404054,       -7.95,
 140.383243,   35.404054,       -8.02,
 140.387748,   35.404054,       -8.09,
 139.140000,   35.408559,        8.24,
 139.144505,   35.408559,        7.88,
 139.149009,   35.408559,        7.53,
 139.153514,   35.408559,        7.18,
 139.158018,   35.408559,        6.84,
 139.162523,   35.408559,        6.50,
 139.167027,   35.408559,        6.17,
 139.171532,   35.408559,        5.84,
 139.176036,   35.408559,        5.52,
 139.180541,   35.408559,        5.21,
 139.185045,   35.408559,        4.90,
 139.189550,   35.408559,        4.59,
 139.194054,   35.408559,        4.29,
 139.198559,   35.408559,        3.99,
 139.203063,   35.408559,        3.71,
 139.207568,   35.408559,        3.42,
 139.212072,   35.408559,        3.14,
 139.216577,   35.408559,        2.87,
 139.221081,   35.408559,        2.60,
 139.225586,   35.408559,        2.34,
 139.230090,   35.408559,        2.08,
 139.234595,   35.408559,        1.82,
 139.239099,   35.408559,        1.58,
 139.243604,   35.408559,        1.33,
 139.248108,   35.408559,        1.10,
 139.252613,   35.408559,        0.86,
 139.257117,   35.408559,        0.64,
 139.261622,   35.408559,        0.42,
 139.266126,   35.408559,        0.20,
 139.270631,   35.408559,       -0.01,
 139.275135,   35.408559,       -0.22,
 139.279640,   35.408559,       -0.42,
 139.284144,   35.408559,       -0.61,
 139.288649,   35.408559,       -0.80,
 139.293153,   35.408559,       -0.99,
 139.297658,   35.408559,       -1.17,
 139.302162,   35.408559,       -1.34,
 139.306667,   35.408559,       -1.51,
 139.311171,   35.408559,       -1.68,
 139.315676,   35.408559,       -1.83,
 139.320180,   35.408559,       -1.99,
 139.324685,   35.408559,       -2.14,
 139.329189,   35.408559,       -2.28,
 139.333694,   35.408559,       -2.42,
 139.338198,   35.408559,       -2.55,
 139.342703,   35.408559,       -2.68,
 139.347207,   35.408559,       -2.80,
 139.351712,   35.408559,       -2.92,
 139.356216,   35.408559,       -3.03,
 139.360721,   35.408559,       -3.13,
 139.365225,   35.408559,       -3.23,
 139.369730,   35.408559,       -3.33,
 139.374234,   35.408559,       -3.42,
 139.378739,   35.408559,       -3.51,
 139.383243,   35.408559,       -3.59,
 139.387748,   35.408559,       -3.66,
 139.392252,   35.408559,       -3.73,
 139.396757,   35.408559,       -4.01,
 139.401261,   35.408559,       -4.86,
 139.405766,   35.408559,       -5.52,
 139.410270,   35.408559,       -5.62,
 139.414775,   35.408559,       -5.52,
 139.419279,   35.408559,       -5.41,
 139.423784,   35.408559,       -5.30,
 139.428288,   35.408559,       -5.20,
 139.432793,   35.408559,       -5.08,
 139.437297,   35.408559,       -4.97,
 139.441802,   35.408559,       -4.85,
 139.446306,   35.408559,       -4.73,
 139.450811,   35.408559,       -4.60,
 139.455315,   35.408559,       -4.47,
 139.459820,   35.408559,       -4.33,
 139.464324,   35.408559,       -4.19,
 139.468829,   35.408559,       -4.04,
 139.473333,   35.408559,       -3.87,
 139.477838,   35.408559,       -3.70,
 139.482342,   35.408559,       -3.52,
 139.486847,   35.408559,       -3.35,
 139.491351,   35.408559,       -3.17,
 139.495856,   35.408559,       -2.99,
 139.500360,   35.408559,       -2.81,
 139.504865,   35.408559,       -2.63,
 139.509369,   35.408559,       -2.44,
 139.513874,   35.408559,       -2.26,
 139.518378,   35.408559,       -2.07,
 139.522883,   35.408559,       -1.88,
 139.527387,   35.408559,       -1.68,
 139.531892,   35.408559,       -1.48,
 139.536396,   35.408559,       -1.28,
 139.540901,   35.408559,       -1.06,
 139.545405,   35.408559,       -0.84,
 139.549910,   35.408559,       -0.61,
 139.554414,   35.408559,       -0.39,
 139.558919,   35.408559,       -0.16,
 139.563423,   35.408559,        0.06,
 139.567928,   35.408559,        0.28,
 139.572432,   35.408559,        0.51,
 139.576937,   35.408559,        0.74,
 139.581441,   35.408559,        0.96,
 139.585946,   35.408559,        1.19,
 139.590450,   35.408559,        1.43,
 139.594955,   35.408559,        1.67,
 139.599459,   35.408559,        1.92,
 139.603964,   35.408559,        2.19,
 139.608468,   35.408559,        2.49,
 139.612973,   35.408559,        2.82,
 139.617477,   35.408559,        3.20,
 139.621982,   35.408559,        3.64,
 139.626486,   35.408559,        4.14,
 139.630991,   35.408559,        4.67,
 139.635495,   35.408559,        5.30,
 139.640000,   35.408559,        5.28,
 139.644505,   35.408559,        3.91,
 139.649009,   35.408559,        3.13,
 139.653514,   35.408559,        2.65,
 139.658018,   35.408559,        2.48,
 139.662523,   35.408559,        2.43,
 139.667027,   35.408559,        2.37,
 139.671532,   35.408559,        2.35,
 139.676036,   35.408559,        2.42,
 139.680541,   35.408559,        2.60,
 139.685045,   35.408559,        2.90,
 139.689550,   35.408559,        3.07,
 139.694054,   35.408559,        3.04,
 139.698559,   35.408559,        2.98,
 139.703063,   35.408559,        2.85,
 139.707568,   35.408559,        2.55,
 139.712072,   35.408559,        2.18,
 139.716577,   35.408559,        1.91,
 139.721081,   35.408559,        1.69,
 139.725586,   35.408559,        1.48,
 139.730090,   35.408559,        1.30,
 139.734595,   35.408559,        1.17,
 139.739099,   35.408559,        1.12,
 139.743604,   35.408559,        1.08,
 139.748108,   35.408559,        1.04,
 139.752613,   35.408559,        1.03,
 139.757117,   35.408559,        1.01,
 139.761622,   35.408559,        0.99,
 139.766126,   35.408559,        0.98,
 139.770631,   35.408559,        0.97,
 139.775135,   35.408559,        0.96,
 139.779640,   35.408559,        0.94,
 139.784144,   35.408559,        0.92,
 139.788649,   35.408559,        0.91,
 139.793153,   35.408559,        0.89,
 139.797658,   35.408559,        0.87,
 139.802162,   35.408559,        0.86,
 139.806667,   35.408559,        0.86,
 139.811171,   35.408559,        0.86,
 139.815676,   35.408559,        0.86,
 139.820180,   35.408559,        0.86,
 139.824685,   35.408559,        0.87,
 139.829189,   35.408559,        0.88,
 139.833694,   35.408559,        0.89,
 139.838198,   35.408559,        0.90,
 139.842703,   35.408559,        0.91,
 139.847207,   35.408559,        0.93,
 139.851712,   35.408559,        0.94,
 139.856216,   35.408559,        0.97,
 139.860721,   35.408559,        1.00,
 139.865225,   35.408559,        1.02,
 139.869730,   35.408559,        1.04,
 139.874234,   35.408559,        1.03,
 139.878739,   35.408559,        0.97,
 139.883243,   35.408559,        0.89,
 139.887748,   35.408559,        0.82,
 139.892252,   35.408559,        0.77,
 139.896757,   35.408559,        0.70,
 139.901261,   35.408559,        0.64,
 139.905766,   35.408559,        0.34,
 139.910270,   35.408559,        0.03,
 139.914775,   35.408559,       -0.21,
 139.919279,   35.408559,       -0.41,
 139.923784,   35.408559,       -0.48,
 139.928288,   35.408559,       -0.45,
 139.932793,   35.408559,       -0.51,
 139.937297,   35.408559,       -0.61,
 139.941802,   35.408559,       -0.71,
 139.946306,   35.408559,       -0.81,
 139.950811,   35.408559,       -0.92,
 139.955315,   35.408559,       -1.02,
 139.959820,   35.408559,       -1.13,
 139.964324,   35.408559,       -1.25,
 139.968829,   35.408559,       -1.36,
 139.973333,   35.408559,       -1.48,
 139.977838,   35.408559,       -1.60,
 139.982342,   35.408559,       -1.72,
 139.986847,   35.408559,       -1.84,
 139.991351,   35.408559,       -1.97,
 139.995856,   35.408559,       -2.10,
 140.000360,   35.408559,       -2.22,
 140.004865,   35.408559,       -2.35,
 140.009369,   35.408559,       -2.47,
 140.013874,   35.408559,       -2.59,
 140.018378,   35.408559,       -2.72,
 140.022883,   35.408559,       -2.84,
 140.027387,   35.408559,       -2.95,
 140.031892,   35.408559,       -3.07,
 140.036396,   35.408559,       -3.19,
 140.040901,   35.408559,       -3.30,
 140.045405,   35.408559,       -3.41,
 140.049910,   35.408559,       -3.52,
 140.054414,   35.408559,       -3.63,
 140.058919,   35.408559,       -3.74,
 140.063423,   35.408559,       -3.84,
 140.067928,   35.408559,       -3.94,
 140.072432,   35.408559,       -4.04,
 140.076937,   35.408559,       -4.14,
 140.081441,   35.408559,       -4.24,
 140.085946,   35.408559,       -4.33,
 140.090450,   35.408559,       -4.42,
 140.094955,   35.408559,       -4.51,
 140.099459,   35.408559,       -4.60,
 140.103964,   35.408559,       -4.69,
 140.108468,   35.408559,       -4.77,
 140.112973,   35.408559,       -4.86,
 140.117477,   35.408559,       -4.94,
 140.121982,   35.408559,       -5.01,
 140.126486,   35.408559,       -5.08,
 140.130991,   35.408559,       -5.15,
 140.135495,   35.408559,       -5.21,
 140.140000,   35.408559,       -5.27,
 140.144505,   35.408559,       -5.32,
 140.149009,   35.408559,       -5.37,
 140.153514,   35.408559,       -5.43,
 140.158018,   35.408559,       -5.48,
 140.162523,   35.408559,       -5.53,
 140.167027,   35.408559,       -5.58,
 140.171532,   35.408559,       -5.62,
 140.176036,   35.408559,       -5.67,
 140.180541,   35.408559,       -5.71,
 140.185045,   35.408559,       -5.75,
 140.189550,   35.408559,       -5.79,
 140.194054,   35.408559,       -5.83,
 140.198559,   35.408559,       -5.87,
 140.203063,   35.408559,       -5.90,
 140.207568,   35.408559,       -5.93,
 140.212072,   35.408559,       -5.97,
 140.216577,   35.408559,       -6.00,
 140.221081,   35.408559,       -6.02,
 140.225586,   35.408559,       -6.05,
 140.230090,   35.408559,       -6.08,
 140.234595,   35.408559,       -6.10,
 140.239099,   35.408559,       -6.13,
 140.243604,   35.408559,       -6.16,
 140.248108,   35.408559,       -6.20,
 140.252613,   35.408559,       -6.23,
 140.257117,   35.408559,       -6.27,
 140.261622,   35.408559,       -6.31,
 140.266126,   35.408559,       -6.35,
 140.270631,   35.408559,       -6.39,
 140.275135,   35.408559,       -6.44,
 140.279640,   35.408559,       -6.48,
 140.284144,   35.408559,       -6.53,
 140.288649,   35.408559,       -6.57,
 140.293153,   35.408559,       -6.62,
 140.297658,   35.408559,       -6.67,
 140.302162,   35.408559,       -6.72,
 140.306667,   35.408559,       -6.77,
 140.311171,   35.408559,       -6.82,
 140.315676,   35.408559,       -6.87,
 140.320180,   35.408559,       -6.92,
 140.324685,   35.408559,       -6.98,
 140.329189,   35.408559,       -7.03,
 140.333694,   35.408559,       -7.09,
 140.338198,   35.408559,       -7.15,
 140.342703,   35.408559,       -7.21,
 140.347207,   35.408559,       -7.27,
 140.351712,   35.408559,       -7.33,
 140.356216,   35.408559,       -7.39,
 140.360721,   35.408559,       -7.45,
 140.365225,   35.408559,       -7.52,
 140.369730,   35.408559,       -7.58,
 140.374234,   35.408559,       -7.65,
 140.378739,   35.408559,       -7.72,
 140.383243,   35.408559,       -7.78,
 140.387748,   35.408559,       -7.85,
 139.140000,   35.413063,        8.53,
 139.144505,   35.413063,        8.17,
 139.149009,   35.413063,        7.81,
 139.153514,   35.413063,        7.46,
 139.158018,   35.413063,        7.12,
 139.162523,   35.413063,        6.78,
 139.167027,   35.413063,        6.44,
 139.171532,   35.413063,        6.12,
 139.176036,   35.413063,        5.79,
 139.180541,   35.413063,        5.47,
 139.185045,   35.413063,        5.16,
 139.189550,   35.413063,        4.85,
 139.194054,   35.413063,        4.55,
 139.198559,   35.413063,        4.25,
 139.203063,   35.413063,        3.96,
 139.207568,   35.413063,        3.68,
 139.212072,   35.413063,        3.39,
 139.216577,   35.413063,        3.12,
 139.221081,   35.413063,        2.85,
 139.225586,   35.413063,        2.58,
 139.230090,   35.413063,        2.32,
 139.234595,   35.413063,        2.07,
 139.239099,   35.413063,        1.82,
 139.243604,   35.413063,        1.57,
 139.248108,   35.413063,        1.33,
 139.252613,   35.413063,        1.10,
 139.257117,   35.413063,        0.87,
 139.261622,   35.413063,        0.65,
 139.266126,   35.413063,        0.43,
 139.270631,   35.413063,        0.21,
 139.275135,   35.413063,        0.01,
 139.279640,   35.413063,       -0.20,
 139.284144,   35.413063,       -0.40,
 139.288649,   35.413063,       -0.59,
 139.293153,   35.413063,       -0.77,
 139.297658,   35.413063,       -0.96,
 139.302162,   35.413063,       -1.13,
 139.306667,   35.413063,       -1.30,
 139.311171,   35.413063,       -1.47,
 139.315676,   35.413063,       -1.63,
 139.320180,   35.413063,       -1.79,
 139.324685,   35.413063,       -1.94,
 139.329189,   35.413063,       -2.08,
 139.333694,   35.413063,       -2.22,
 139.338198,   35.413063,       -2.36,
 139.342703,   35.413063,       -2.49,
 139.347207,   35.413063,       -2.61,
 139.351712,   35.413063,       -2.73,
 139.356216,   35.413063,       -2.84,
 139.360721,   35.413063,       -2.95,
 139.365225,   35.413063,       -3.06,
 139.369730,   35.413063,       -3.15,
 139.374234,   35.413063,       -3.25,
 139.378739,   35.413063,       -3.34,
 139.383243,   35.413063,       -3.42,
 139.387748,   35.413063,       -3.49,
 139.392252,   35.413063,       -3.57,
 139.396757,   35.413063,       -3.63,
 139.401261,   35.413063,       -3.69,
 139.405766,   35.413063,       -4.36,
 139.410270,   35.413063,       -5.12,
 139.414775,   35.413063,       -5.54,
 139.419279,   35.413063,       -5.45,
 139.423784,   35.413063,       -5.34,
 139.428288,   35.413063,       -5.24,
 139.432793,   35.413063,       -5.13,
 139.437297,   35.413063,       -5.02,
 139.441802,   35.413063,       -4.90,
 139.446306,   35.413063,       -4.78,
 139.450811,   35.413063,       -4.66,
 139.455315,   35.413063,       -4.53,
 139.459820,   35.413063,       -4.40,
 139.464324,   35.413063,       -4.27,
 139.468829,   35.413063,       -4.12,
 139.473333,   35.413063,       -3.97,
 139.477838,   35.413063,       -3.81,
 139.482342,   35.413063,       -3.64,
 139.486847,   35.413063,       -3.47,
 139.491351,   35.413063,       -3.29,
 139.495856,   35.413063,       -3.11,
 139.500360,   35.413063,       -2.93,
 139.504865,   35.413063,       -2.75,
 139.509369,   35.413063,       -2.56,
 139.513874,   35.413063,       -2.38,
 139.518378,   35.413063,       -2.19,
 139.522883,   35.413063,       -2.00,
 139.527387,   35.413063,       -1.80,
 139.531892,   35.413063,       -1.61,
 139.536396,   35.413063,       -1.40,
 139.540901,   35.413063,       -1.20,
 139.545405,   35.413063,       -0.98,
 139.549910,   35.413063,       -0.76,
 139.554414,   35.413063,       -0.53,
 139.558919,   35.413063,       -0.30,
 139.563423,   35.413063,       -0.07,
 139.567928,   35.413063,        0.16,
 139.572432,   35.413063,        0.39,
 139.576937,   35.413063,        0.62,
 139.581441,   35.413063,        0.85,
 139.585946,   35.413063,        1.09,
 139.590450,   35.413063,        1.33,
 139.594955,   35.413063,        1.58,
 139.599459,   35.413063,        1.83,
 139.603964,   35.413063,        2.10,
 139.608468,   35.413063,        2.39,
 139.612973,   35.413063,        2.72,
 139.617477,   35.413063,        3.08,
 139.621982,   35.413063,        3.50,
 139.626486,   35.413063,        3.94,
 139.630991,   35.413063,        4.39,
 139.635495,   35.413063,        4.87,
 139.640000,   35.413063,        5.41,
 139.644505,   35.413063,        4.34,
 139.649009,   35.413063,        3.45,
 139.653514,   35.413063,        2.85,
 139.658018,   35.413063,        2.64,
 139.662523,   35.413063,        2.33,
 139.667027,   35.413063,        2.07,
 139.671532,   35.413063,        1.93,
 139.676036,   35.413063,        1.83,
 139.680541,   35.413063,        1.77,
 139.685045,   35.413063,        1.68,
 139.689550,   35.413063,        2.02,
 139.694054,   35.413063,        2.22,
 139.698559,   35.413063,        2.35,
 139.703063,   35.413063,        2.50,
 139.707568,   35.413063,        2.60,
 139.712072,   35.413063,        2.37,
 139.716577,   35.413063,        2.12,
 139.721081,   35.413063,        1.91,
 139.725586,   35.413063,        1.72,
 139.730090,   35.413063,        1.51,
 139.734595,   35.413063,        1.36,
 139.739099,   35.413063,        1.29,
 139.743604,   35.413063,        1.25,
 139.748108,   35.413063,        1.21,
 139.752613,   35.413063,        1.18,
 139.757117,   35.413063,        1.15,
 139.761622,   35.413063,        1.12,
 139.766126,   35.413063,        1.11,
 139.770631,   35.413063,        1.09,
 139.775135,   35.413063,        1.08,
 139.779640,   35.413063,        1.06,
 139.784144,   35.413063,        1.04,
 139.788649,   35.413063,        1.02,
 139.793153,   35.413063,        1.01,
 139.797658,   35.413063,        0.99,
 139.802162,   35.413063,        0.98,
 139.806667,   35.413063,        0.97,
 139.811171,   35.413063,        0.96,
 139.815676,   35.413063,        0.96,
 139.820180,   35.413063,        0.96,
 139.824685,   35.413063,        0.96,
 139.829189,   35.413063,        0.97,
 139.833694,   35.413063,        0.97,
 139.838198,   35.413063,        0.98,
 139.842703,   35.413063,        0.99,
 139.847207,   35.413063,        1.00,
 139.851712,   35.413063,        1.02,
 139.856216,   35.413063,        1.05,
 139.860721,   35.413063,        1.07,
 139.865225,   35.413063,        1.10,
 139.869730,   35.413063,        1.13,
 139.874234,   35.413063,        1.14,
 139.878739,   35.413063,        1.08,
 139.883243,   35.413063,        1.01,
 139.887748,   35.413063,        0.98,
 139.892252,   35.413063,        0.95,
 139.896757,   35.413063,        0.91,
 139.901261,   35.413063,        0.80,
 139.905766,   35.413063,        0.45,
 139.910270,   35.413063,        0.14,
 139.914775,   35.413063,       -0.11,
 139.919279,   35.413063,       -0.30,
 139.923784,   35.413063,       -0.45,
 139.928288,   35.413063,       -0.41,
 139.932793,   35.413063,       -0.41,
 139.937297,   35.413063,       -0.47,
 139.941802,   35.413063,       -0.56,
 139.946306,   35.413063,       -0.66,
 139.950811,   35.413063,       -0.76,
 139.955315,   35.413063,       -0.86,
 139.959820,   35.413063,       -0.97,
 139.964324,   35.413063,       -1.08,
 139.968829,   35.413063,       -1.19,
 139.973333,   35.413063,       -1.30,
 139.977838,   35.413063,       -1.42,
 139.982342,   35.413063,       -1.53,
 139.986847,   35.413063,       -1.65,
 139.991351,   35.413063,       -1.78,
 139.995856,   35.413063,       -1.90,
 140.000360,   35.413063,       -2.02,
 140.004865,   35.413063,       -2.15,
 140.009369,   35.413063,       -2.27,
 140.013874,   35.413063,       -2.39,
 140.018378,   35.413063,       -2.51,
 140.022883,   35.413063,       -2.63,
 140.027387,   35.413063,       -2.75,
 140.031892,   35.413063,       -2.87,
 140.036396,   35.413063,       -2.98,
 140.040901,   35.413063,       -3.09,
 140.045405,   35.413063,       -3.20,
 140.049910,   35.413063,       -3.31,
 140.054414,   35.413063,       -3.42,
 140.058919,   35.413063,       -3.53,
 140.063423,   35.413063,       -3.63,
 140.067928,   35.413063,       -3.73,
 140.072432,   35.413063,       -3.83,
 140.076937,   35.413063,       -3.93,
 140.081441,   35.413063,       -4.02,
 140.085946,   35.413063,       -4.12,
 140.090450,   35.413063,       -4.21,
 140.094955,   35.413063,       -4.30,
 140.099459,   35.413063,       -4.39,
 140.103964,   35.413063,       -4.47,
 140.108468,   35.413063,       -4.56,
 140.112973,   35.413063,       -4.64,
 140.117477,   35.413063,       -4.72,
 140.121982,   35.413063,       -4.79,
 140.126486,   35.413063,       -4.86,
 140.130991,   35.413063,       -4.93,
 140.135495,   35.413063,       -4.99,
 140.140000,   35.413063,       -5.04,
 140.144505,   35.413063,       -5.10,
 140.149009,   35.413063,       -5.15,
 140.153514,   35.413063,       -5.20,
 140.158018,   35.413063,       -5.25,
 140.162523,   35.413063,       -5.30,
 140.167027,   35.413063,       -5.35,
 140.171532,   35.413063,       -5.40,
 140.176036,   35.413063,       -5.44,
 140.180541,   35.413063,       -5.48,
 140.185045,   35.413063,       -5.53,
 140.189550,   35.413063,       -5.56,
 140.194054,   35.413063,       -5.60,
 140.198559,   35.413063,       -5.64,
 140.203063,   35.413063,       -5.67,
 140.207568,   35.413063,       -5.71,
 140.212072,   35.413063,       -5.74,
 140.216577,   35.413063,       -5.77,
 140.221081,   35.413063,       -5.80,
 140.225586,   35.413063,       -5.82,
 140.230090,   35.413063,       -5.85,
 140.234595,   35.413063,       -5.87,
 140.239099,   35.413063,       -5.91,
 140.243604,   35.413063,       -5.94,
 140.248108,   35.413063,       -5.98,
 140.252613,   35.413063,       -6.01,
 140.257117,   35.413063,       -6.05,
 140.261622,   35.413063,       -6.09,
 140.266126,   35.413063,       -6.13,
 140.270631,   35.413063,       -6.17,
 140.275135,   35.413063,       -6.21,
 140.279640,   35.413063,       -6.26,
 140.284144,   35.413063,       -6.30,
 140.288649,   35.413063,       -6.35,
 140.293153,   35.413063,       -6.39,
 140.297658,   35.413063,       -6.44,
 140.302162,   35.413063,       -6.49,
 140.306667,   35.413063,       -6.54,
 140.311171,   35.413063,       -6.59,
 140.315676,   35.413063,       -6.64,
 140.320180,   35.413063,       -6.70,
 140.324685,   35.413063,       -6.75,
 140.329189,   35.413063,       -6.81,
 140.333694,   35.413063,       -6.86,
 140.338198,   35.413063,       -6.92,
 140.342703,   35.413063,       -6.98,
 140.347207,   35.413063,       -7.04,
 140.351712,   35.413063,       -7.10,
 140.356216,   35.413063,       -7.16,
 140.360721,   35.413063,       -7.22,
 140.365225,   35.413063,       -7.29,
 140.369730,   35.413063,       -7.35,
 140.374234,   35.413063,       -7.42,
 140.378739,   35.413063,       -7.48,
 140.383243,   35.413063,       -7.55,
 140.387748,   35.413063,       -7.62,
 139.140000,   35.417568,        8.81,
 139.144505,   35.417568,        8.45,
 139.149009,   35.417568,        8.09,
 139.153514,   35.417568,        7.74,
 139.158018,   35.417568,        7.39,
 139.162523,   35.417568,        7.05,
 139.167027,   35.417568,        6.71,
 139.171532,   35.417568,        6.38,
 139.176036,   35.417568,        6.06,
 139.180541,   35.417568,        5.74,
 139.185045,   35.417568,        5.42,
 139.189550,   35.417568,        5.11,
 139.194054,   35.417568,        4.81,
 139.198559,   35.417568,        4.51,
 139.203063,   35.417568,        4.22,
 139.207568,   35.417568,        3.93,
 139.212072,   35.417568,        3.64,
 139.216577,   35.417568,        3.36,
 139.221081,   35.417568,        3.09,
 139.225586,   35.417568,        2.82,
 139.230090,   35.417568,        2.56,
 139.234595,   35.417568,        2.30,
 139.239099,   35.417568,        2.05,
 139.243604,   35.417568,        1.80,
 139.248108,   35.417568,        1.56,
 139.252613,   35.417568,        1.33,
 139.257117,   35.417568,        1.09,
 139.261622,   35.417568,        0.87,
 139.266126,   35.417568,        0.65,
 139.270631,   35.417568,        0.43,
 139.275135,   35.417568,        0.22,
 139.279640,   35.417568,        0.02,
 139.284144,   35.417568,       -0.18,
 139.288649,   35.417568,       -0.38,
 139.293153,   35.417568,       -0.57,
 139.297658,   35.417568,       -0.75,
 139.302162,   35.417568,       -0.93,
 139.306667,   35.417568,       -1.10,
 139.311171,   35.417568,       -1.27,
 139.315676,   35.417568,       -1.43,
 139.320180,   35.417568,       -1.59,
 139.324685,   35.417568,       -1.75,
 139.329189,   35.417568,       -1.89,
 139.333694,   35.417568,       -2.04,
 139.338198,   35.417568,       -2.17,
 139.342703,   35.417568,       -2.30,
 139.347207,   35.417568,       -2.43,
 139.351712,   35.417568,       -2.55,
 139.356216,   35.417568,       -2.67,
 139.360721,   35.417568,       -2.78,
 139.365225,   35.417568,       -2.88,
 139.369730,   35.417568,       -2.98,
 139.374234,   35.417568,       -3.08,
 139.378739,   35.417568,       -3.17,
 139.383243,   35.417568,       -3.25,
 139.387748,   35.417568,       -3.33,
 139.392252,   35.417568,       -3.41,
 139.396757,   35.417568,       -3.48,
 139.401261,   35.417568,       -3.54,
 139.405766,   35.417568,       -3.60,
 139.410270,   35.417568,       -3.85,
 139.414775,   35.417568,       -4.66,
 139.419279,   35.417568,       -5.28,
 139.423784,   35.417568,       -5.39,
 139.428288,   35.417568,       -5.28,
 139.432793,   35.417568,       -5.17,
 139.437297,   35.417568,       -5.06,
 139.441802,   35.417568,       -4.95,
 139.446306,   35.417568,       -4.83,
 139.450811,   35.417568,       -4.72,
 139.455315,   35.417568,       -4.59,
 139.459820,   35.417568,       -4.47,
 139.464324,   35.417568,       -4.34,
 139.468829,   35.417568,       -4.20,
 139.473333,   35.417568,       -4.06,
 139.477838,   35.417568,       -3.91,
 139.482342,   35.417568,       -3.75,
 139.486847,   35.417568,       -3.59,
 139.491351,   35.417568,       -3.41,
 139.495856,   35.417568,       -3.23,
 139.500360,   35.417568,       -3.05,
 139.504865,   35.417568,       -2.87,
 139.509369,   35.417568,       -2.69,
 139.513874,   35.417568,       -2.50,
 139.518378,   35.417568,       -2.31,
 139.522883,   35.417568,       -2.12,
 139.527387,   35.417568,       -1.93,
 139.531892,   35.417568,       -1.73,
 139.536396,   35.417568,       -1.53,
 139.540901,   35.417568,       -1.33,
 139.545405,   35.417568,       -1.12,
 139.549910,   35.417568,       -0.90,
 139.554414,   35.417568,       -0.68,
 139.558919,   35.417568,       -0.45,
 139.563423,   35.417568,       -0.21,
 139.567928,   35.417568,        0.02,
 139.572432,   35.417568,        0.26,
 139.576937,   35.417568,        0.49,
 139.581441,   35.417568,        0.73,
 139.585946,   35.417568,        0.97,
 139.590450,   35.417568,        1.22,
 139.594955,   35.417568,        1.47,
 139.599459,   35.417568,        1.73,
 139.603964,   35.417568,        1.99,
 139.608468,   35.417568,        2.28,
 139.612973,   35.417568,        2.59,
 139.617477,   35.417568,        2.93,
 139.621982,   35.417568,        3.31,
 139.626486,   35.417568,        3.70,
 139.630991,   35.417568,        4.12,
 139.635495,   35.417568,        4.54,
 139.640000,   35.417568,        4.81,
 139.644505,   35.417568,        4.34,
 139.649009,   35.417568,        3.64,
 139.653514,   35.417568,        2.98,
 139.658018,   35.417568,        2.54,
 139.662523,   35.417568,        2.17,
 139.667027,   35.417568,        1.83,
 139.671532,   35.417568,        1.54,
 139.676036,   35.417568,        1.32,
 139.680541,   35.417568,        1.10,
 139.685045,   35.417568,        0.68,
 139.689550,   35.417568,        0.87,
 139.694054,   35.417568,        1.39,
 139.698559,   35.417568,        1.78,
 139.703063,   35.417568,        2.09,
 139.707568,   35.417568,        2.29,
 139.712072,   35.417568,        2.33,
 139.716577,   35.417568,        2.18,
 139.721081,   35.417568,        1.98,
 139.725586,   35.417568,        1.82,
 139.730090,   35.417568,        1.65,
 139.734595,   35.417568,        1.52,
 139.739099,   35.417568,        1.44,
 139.743604,   35.417568,        1.37,
 139.748108,   35.417568,        1.31,
 139.752613,   35.417568,        1.29,
 139.757117,   35.417568,        1.28,
 139.761622,   35.417568,        1.25,
 139.766126,   35.417568,        1.21,
 139.770631,   35.417568,        1.19,
 139.775135,   35.417568,        1.17,
 139.779640,   35.417568,        1.16,
 139.784144,   35.417568,        1.14,
 139.788649,   35.417568,        1.12,
 139.793153,   35.417568,        1.11,
 139.797658,   35.417568,        1.10,
 139.802162,   35.417568,        1.09,
 139.806667,   35.417568,        1.07,
 139.811171,   35.417568,        1.06,
 139.815676,   35.417568,        1.06,
 139.820180,   35.417568,        1.05,
 139.824685,   35.417568,        1.05,
 139.829189,   35.417568,        1.05,
 139.833694,   35.417568,        1.05,
 139.838198,   35.417568,        1.05,
 139.842703,   35.417568,        1.06,
 139.847207,   35.417568,        1.07,
 139.851712,   35.417568,        1.09,
 139.856216,   35.417568,        1.11,
 139.860721,   35.417568,        1.13,
 139.865225,   35.417568,        1.16,
 139.869730,   35.417568,        1.19,
 139.874234,   35.417568,        1.20,
 139.878739,   35.417568,        1.19,
 139.883243,   35.417568,        1.15,
 139.887748,   35.417568,        1.12,
 139.892252,   35.417568,        1.13,
 139.896757,   35.417568,        1.14,
 139.901261,   35.417568,        0.96,
 139.905766,   35.417568,        0.55,
 139.910270,   35.417568,        0.23,
 139.914775,   35.417568,       -0.02,
 139.919279,   35.417568,       -0.21,
 139.923784,   35.417568,       -0.37,
 139.928288,   35.417568,       -0.43,
 139.932793,   35.417568,       -0.35,
 139.937297,   35.417568,       -0.36,
 139.941802,   35.417568,       -0.42,
 139.946306,   35.417568,       -0.50,
 139.950811,   35.417568,       -0.60,
 139.955315,   35.417568,       -0.70,
 139.959820,   35.417568,       -0.80,
 139.964324,   35.417568,       -0.90,
 139.968829,   35.417568,       -1.01,
 139.973333,   35.417568,       -1.12,
 139.977838,   35.417568,       -1.23,
 139.982342,   35.417568,       -1.34,
 139.986847,   35.417568,       -1.46,
 139.991351,   35.417568,       -1.58,
 139.995856,   35.417568,       -1.70,
 140.000360,   35.417568,       -1.82,
 140.004865,   35.417568,       -1.95,
 140.009369,   35.417568,       -2.07,
 140.013874,   35.417568,       -2.19,
 140.018378,   35.417568,       -2.31,
 140.022883,   35.417568,       -2.43,
 140.027387,   35.417568,       -2.54,
 140.031892,   35.417568,       -2.66,
 140.036396,   35.417568,       -2.77,
 140.040901,   35.417568,       -2.89,
 140.045405,   35.417568,       -3.00,
 140.049910,   35.417568,       -3.10,
 140.054414,   35.417568,       -3.21,
 140.058919,   35.417568,       -3.32,
 140.063423,   35.417568,       -3.42,
 140.067928,   35.417568,       -3.52,
 140.072432,   35.417568,       -3.62,
 140.076937,   35.417568,       -3.72,
 140.081441,   35.417568,       -3.81,
 140.085946,   35.417568,       -3.90,
 140.090450,   35.417568,       -4.00,
 140.094955,   35.417568,       -4.09,
 140.099459,   35.417568,       -4.17,
 140.103964,   35.417568,       -4.26,
 140.108468,   35.417568,       -4.35,
 140.112973,   35.417568,       -4.43,
 140.117477,   35.417568,       -4.51,
 140.121982,   35.417568,       -4.58,
 140.126486,   35.417568,       -4.64,
 140.130991,   35.417568,       -4.71,
 140.135495,   35.417568,       -4.76,
 140.140000,   35.417568,       -4.82,
 140.144505,   35.417568,       -4.87,
 140.149009,   35.417568,       -4.93,
 140.153514,   35.417568,       -4.98,
 140.158018,   35.417568,       -5.03,
 140.162523,   35.417568,       -5.08,
 140.167027,   35.417568,       -5.13,
 140.171532,   35.417568,       -5.17,
 140.176036,   35.417568,       -5.22,
 140.180541,   35.417568,       -5.26,
 140.185045,   35.417568,       -5.30,
 140.189550,   35.417568,       -5.34,
 140.194054,   35.417568,       -5.38,
 140.198559,   35.417568,       -5.41,
 140.203063,   35.417568,       -5.45,
 140.207568,   35.417568,       -5.48,
 140.212072,   35.417568,       -5.51,
 140.216577,   35.417568,       -5.54,
 140.221081,   35.417568,       -5.57,
 140.225586,   35.417568,       -5.60,
 140.230090,   35.417568,       -5.62,
 140.234595,   35.417568,       -5.65,
 140.239099,   35.417568,       -5.68,
 140.243604,   35.417568,       -5.72,
 140.248108,   35.417568,       -5.75,
 140.252613,   35.417568,       -5.79,
 140.257117,   35.417568,       -5.83,
 140.261622,   35.417568,       -5.87,
 140.266126,   35.417568,       -5.91,
 140.270631,   35.417568,       -5.95,
 140.275135,   35.417568,       -5.99,
 140.279640,   35.417568,       -6.03,
 140.284144,   35.417568,       -6.08,
 140.288649,   35.417568,       -6.12,
 140.293153,   35.417568,       -6.17,
 140.297658,   35.417568,       -6.21,
 140.302162,   35.417568,       -6.26,
 140.306667,   35.417568,       -6.31,
 140.311171,   35.417568,       -6.36,
 140.315676,   35.417568,       -6.41,
 140.320180,   35.417568,       -6.47,
 140.324685,   35.417568,       -6.52,
 140.329189,   35.417568,       -6.58,
 140.333694,   35.417568,       -6.63,
 140.338198,   35.417568,       -6.69,
 140.342703,   35.417568,       -6.75,
 140.347207,   35.417568,       -6.81,
 140.351712,   35.417568,       -6.87,
 140.356216,   35.417568,       -6.93,
 140.360721,   35.417568,       -6.99,
 140.365225,   35.417568,       -7.05,
 140.369730,   35.417568,       -7.12,
 140.374234,   35.417568,       -7.18,
 140.378739,   35.417568,       -7.25,
 140.383243,   35.417568,       -7.32,
 140.387748,   35.417568,       -7.38,
 139.140000,   35.422072,        9.09,
 139.144505,   35.422072,        8.72,
 139.149009,   35.422072,        8.36,
 139.153514,   35.422072,        8.01,
 139.158018,   35.422072,        7.66,
 139.162523,   35.422072,        7.32,
 139.167027,   35.422072,        6.98,
 139.171532,   35.422072,        6.65,
 139.176036,   35.422072,        6.32,
 139.180541,   35.422072,        6.00,
 139.185045,   35.422072,        5.68,
 139.189550,   35.422072,        5.37,
 139.194054,   35.422072,        5.06,
 139.198559,   35.422072,        4.76,
 139.203063,   35.422072,        4.46,
 139.207568,   35.422072,        4.17,
 139.212072,   35.422072,        3.89,
 139.216577,   35.422072,        3.60,
 139.221081,   35.422072,        3.33,
 139.225586,   35.422072,        3.06,
 139.230090,   35.422072,        2.79,
 139.234595,   35.422072,        2.53,
 139.239099,   35.422072,        2.28,
 139.243604,   35.422072,        2.03,
 139.248108,   35.422072,        1.79,
 139.252613,   35.422072,        1.55,
 139.257117,   35.422072,        1.32,
 139.261622,   35.422072,        1.09,
 139.266126,   35.422072,        0.86,
 139.270631,   35.422072,        0.65,
 139.275135,   35.422072,        0.43,
 139.279640,   35.422072,        0.23,
 139.284144,   35.422072,        0.02,
 139.288649,   35.422072,       -0.17,
 139.293153,   35.422072,       -0.36,
 139.297658,   35.422072,       -0.55,
 139.302162,   35.422072,       -0.73,
 139.306667,   35.422072,       -0.91,
 139.311171,   35.422072,       -1.08,
 139.315676,   35.422072,       -1.24,
 139.320180,   35.422072,       -1.40,
 139.324685,   35.422072,       -1.56,
 139.329189,   35.422072,       -1.71,
 139.333694,   35.422072,       -1.85,
 139.338198,   35.422072,       -1.99,
 139.342703,   35.422072,       -2.13,
 139.347207,   35.422072,       -2.25,
 139.351712,   35.422072,       -2.38,
 139.356216,   35.422072,       -2.50,
 139.360721,   35.422072,       -2.61,
 139.365225,   35.422072,       -2.72,
 139.369730,   35.422072,       -2.82,
 139.374234,   35.422072,       -2.92,
 139.378739,   35.422072,       -3.01,
 139.383243,   35.422072,       -3.10,
 139.387748,   35.422072,       -3.18,
 139.392252,   35.422072,       -3.25,
 139.396757,   35.422072,       -3.32,
 139.401261,   35.422072,       -3.39,
 139.405766,   35.422072,       -3.45,
 139.410270,   35.422072,       -3.51,
 139.414775,   35.422072,       -3.56,
 139.419279,   35.422072,       -4.18,
 139.423784,   35.422072,       -4.90,
 139.428288,   35.422072,       -5.31,
 139.432793,   35.422072,       -5.22,
 139.437297,   35.422072,       -5.11,
 139.441802,   35.422072,       -5.00,
 139.446306,   35.422072,       -4.88,
 139.450811,   35.422072,       -4.77,
 139.455315,   35.422072,       -4.65,
 139.459820,   35.422072,       -4.53,
 139.464324,   35.422072,       -4.40,
 139.468829,   35.422072,       -4.27,
 139.473333,   35.422072,       -4.14,
 139.477838,   35.422072,       -4.00,
 139.482342,   35.422072,       -3.85,
 139.486847,   35.422072,       -3.69,
 139.491351,   35.422072,       -3.53,
 139.495856,   35.422072,       -3.36,
 139.500360,   35.422072,       -3.18,
 139.504865,   35.422072,       -3.00,
 139.509369,   35.422072,       -2.81,
 139.513874,   35.422072,       -2.63,
 139.518378,   35.422072,       -2.44,
 139.522883,   35.422072,       -2.25,
 139.527387,   35.422072,       -2.06,
 139.531892,   35.422072,       -1.86,
 139.536396,   35.422072,       -1.66,
 139.540901,   35.422072,       -1.46,
 139.545405,   35.422072,       -1.25,
 139.549910,   35.422072,       -1.04,
 139.554414,   35.422072,       -0.83,
 139.558919,   35.422072,       -0.60,
 139.563423,   35.422072,       -0.37,
 139.567928,   35.422072,       -0.13,
 139.572432,   35.422072,        0.11,
 139.576937,   35.422072,        0.35,
 139.581441,   35.422072,        0.59,
 139.585946,   35.422072,        0.84,
 139.590450,   35.422072,        1.09,
 139.594955,   35.422072,        1.34,
 139.599459,   35.422072,        1.60,
 139.603964,   35.422072,        1.87,
 139.608468,   35.422072,        2.15,
 139.612973,   35.422072,        2.44,
 139.617477,   35.422072,        2.76,
 139.621982,   35.422072,        3.10,
 139.626486,   35.422072,        3.47,
 139.630991,   35.422072,        3.86,
 139.635495,   35.422072,        4.24,
 139.640000,   35.422072,        4.41,
 139.644505,   35.422072,        4.14,
 139.649009,   35.422072,        3.54,
 139.653514,   35.422072,        3.00,
 139.658018,   35.422072,        2.51,
 139.662523,   35.422072,        2.07,
 139.667027,   35.422072,        1.66,
 139.671532,   35.422072,        1.27,
 139.676036,   35.422072,        0.91,
 139.680541,   35.422072,        0.63,
 139.685045,   35.422072,        0.49,
 139.689550,   35.422072,        0.68,
 139.694054,   35.422072,        1.04,
 139.698559,   35.422072,        1.40,
 139.703063,   35.422072,        1.77,
 139.707568,   35.422072,        1.97,
 139.712072,   35.422072,        2.10,
 139.716577,   35.422072,        2.15,
 139.721081,   35.422072,        1.95,
 139.725586,   35.422072,        1.81,
 139.730090,   35.422072,        1.71,
 139.734595,   35.422072,        1.60,
 139.739099,   35.422072,        1.50,
 139.743604,   35.422072,        1.44,
 139.748108,   35.422072,        1.37,
 139.752613,   35.422072,        1.36,
 139.757117,   35.422072,        1.34,
 139.761622,   35.422072,        1.30,
 139.766126,   35.422072,        1.26,
 139.770631,   35.422072,        1.24,
 139.775135,   35.422072,        1.23,
 139.779640,   35.422072,        1.23,
 139.784144,   35.422072,        1.23,
 139.788649,   35.422072,        1.21,
 139.793153,   35.422072,        1.20,
 139.797658,   35.422072,        1.18,
 139.802162,   35.422072,        1.17,
 139.806667,   35.422072,        1.16,
 139.811171,   35.422072,        1.16,
 139.815676,   35.422072,        1.14,
 139.820180,   35.422072,        1.13,
 139.824685,   35.422072,        1.13,
 139.829189,   35.422072,        1.13,
 139.833694,   35.422072,        1.12,
 139.838198,   35.422072,        1.12,
 139.842703,   35.422072,        1.12,
 139.847207,   35.422072,        1.13,
 139.851712,   35.422072,        1.14,
 139.856216,   35.422072,        1.15,
 139.860721,   35.422072,        1.18,
 139.865225,   35.422072,        1.23,
 139.869730,   35.422072,        1.25,
 139.874234,   35.422072,        1.26,
 139.878739,   35.422072,        1.26,
 139.883243,   35.422072,        1.25,
 139.887748,   35.422072,        1.26,
 139.892252,   35.422072,        1.28,
 139.896757,   35.422072,        1.32,
 139.901261,   35.422072,        1.14,
 139.905766,   35.422072,        0.63,
 139.910270,   35.422072,        0.29,
 139.914775,   35.422072,        0.05,
 139.919279,   35.422072,       -0.14,
 139.923784,   35.422072,       -0.29,
 139.928288,   35.422072,       -0.42,
 139.932793,   35.422072,       -0.37,
 139.937297,   35.422072,       -0.29,
 139.941802,   35.422072,       -0.31,
 139.946306,   35.422072,       -0.36,
 139.950811,   35.422072,       -0.44,
 139.955315,   35.422072,       -0.52,
 139.959820,   35.422072,       -0.62,
 139.964324,   35.422072,       -0.72,
 139.968829,   35.422072,       -0.82,
 139.973333,   35.422072,       -0.93,
 139.977838,   35.422072,       -1.04,
 139.982342,   35.422072,       -1.15,
 139.986847,   35.422072,       -1.26,
 139.991351,   35.422072,       -1.38,
 139.995856,   35.422072,       -1.50,
 140.000360,   35.422072,       -1.62,
 140.004865,   35.422072,       -1.74,
 140.009369,   35.422072,       -1.86,
 140.013874,   35.422072,       -1.98,
 140.018378,   35.422072,       -2.10,
 140.022883,   35.422072,       -2.22,
 140.027387,   35.422072,       -2.34,
 140.031892,   35.422072,       -2.45,
 140.036396,   35.422072,       -2.56,
 140.040901,   35.422072,       -2.68,
 140.045405,   35.422072,       -2.79,
 140.049910,   35.422072,       -2.89,
 140.054414,   35.422072,       -3.00,
 140.058919,   35.422072,       -3.11,
 140.063423,   35.422072,       -3.21,
 140.067928,   35.422072,       -3.31,
 140.072432,   35.422072,       -3.41,
 140.076937,   35.422072,       -3.51,
 140.081441,   35.422072,       -3.60,
 140.085946,   35.422072,       -3.69,
 140.090450,   35.422072,       -3.78,
 140.094955,   35.422072,       -3.87,
 140.099459,   35.422072,       -3.96,
 140.103964,   35.422072,       -4.05,
 140.108468,   35.422072,       -4.13,
 140.112973,   35.422072,       -4.22,
 140.117477,   35.422072,       -4.29,
 140.121982,   35.422072,       -4.36,
 140.126486,   35.422072,       -4.42,
 140.130991,   35.422072,       -4.48,
 140.135495,   35.422072,       -4.54,
 140.140000,   35.422072,       -4.60,
 140.144505,   35.422072,       -4.65,
 140.149009,   35.422072,       -4.71,
 140.153514,   35.422072,       -4.76,
 140.158018,   35.422072,       -4.81,
 140.162523,   35.422072,       -4.86,
 140.167027,   35.422072,       -4.90,
 140.171532,   35.422072,       -4.95,
 140.176036,   35.422072,       -4.99,
 140.180541,   35.422072,       -5.04,
 140.185045,   35.422072,       -5.08,
 140.189550,   35.422072,       -5.12,
 140.194054,   35.422072,       -5.15,
 140.198559,   35.422072,       -5.19,
 140.203063,   35.422072,       -5.22,
 140.207568,   35.422072,       -5.26,
 140.212072,   35.422072,       -5.29,
 140.216577,   35.422072,       -5.32,
 140.221081,   35.422072,       -5.34,
 140.225586,   35.422072,       -5.37,
 140.230090,   35.422072,       -5.40,
 140.234595,   35.422072,       -5.43,
 140.239099,   35.422072,       -5.46,
 140.243604,   35.422072,       -5.50,
 140.248108,   35.422072,       -5.53,
 140.252613,   35.422072,       -5.57,
 140.257117,   35.422072,       -5.60,
 140.261622,   35.422072,       -5.64,
 140.266126,   35.422072,       -5.68,
 140.270631,   35.422072,       -5.72,
 140.275135,   35.422072,       -5.76,
 140.279640,   35.422072,       -5.81,
 140.284144,   35.422072,       -5.85,
 140.288649,   35.422072,       -5.89,
 140.293153,   35.422072,       -5.94,
 140.297658,   35.422072,       -5.99,
 140.302162,   35.422072,       -6.03,
 140.306667,   35.422072,       -6.08,
 140.311171,   35.422072,       -6.13,
 140.315676,   35.422072,       -6.18,
 140.320180,   35.422072,       -6.24,
 140.324685,   35.422072,       -6.29,
 140.329189,   35.422072,       -6.34,
 140.333694,   35.422072,       -6.40,
 140.338198,   35.422072,       -6.46,
 140.342703,   35.422072,       -6.51,
 140.347207,   35.422072,       -6.57,
 140.351712,   35.422072,       -6.63,
 140.356216,   35.422072,       -6.69,
 140.360721,   35.422072,       -6.75,
 140.365225,   35.422072,       -6.82,
 140.369730,   35.422072,       -6.88,
 140.374234,   35.422072,       -6.95,
 140.378739,   35.422072,       -7.01,
 140.383243,   35.422072,       -7.08,
 140.387748,   35.422072,       -7.15,
 139.140000,   35.426577,        9.36,
 139.144505,   35.426577,        8.99,
 139.149009,   35.426577,        8.63,
 139.153514,   35.426577,        8.28,
 139.158018,   35.426577,        7.93,
 139.162523,   35.426577,        7.58,
 139.167027,   35.426577,        7.24,
 139.171532,   35.426577,        6.90,
 139.176036,   35.426577,        6.57,
 139.180541,   35.426577,        6.25,
 139.185045,   35.426577,        5.93,
 139.189550,   35.426577,        5.62,
 139.194054,   35.426577,        5.31,
 139.198559,   35.426577,        5.00,
 139.203063,   35.426577,        4.70,
 139.207568,   35.426577,        4.41,
 139.212072,   35.426577,        4.12,
 139.216577,   35.426577,        3.84,
 139.221081,   35.426577,        3.56,
 139.225586,   35.426577,        3.29,
 139.230090,   35.426577,        3.02,
 139.234595,   35.426577,        2.76,
 139.239099,   35.426577,        2.50,
 139.243604,   35.426577,        2.25,
 139.248108,   35.426577,        2.01,
 139.252613,   35.426577,        1.77,
 139.257117,   35.426577,        1.53,
 139.261622,   35.426577,        1.30,
 139.266126,   35.426577,        1.08,
 139.270631,   35.426577,        0.86,
 139.275135,   35.426577,        0.64,
 139.279640,   35.426577,        0.43,
 139.284144,   35.426577,        0.23,
 139.288649,   35.426577,        0.03,
 139.293153,   35.426577,       -0.17,
 139.297658,   35.426577,       -0.35,
 139.302162,   35.426577,       -0.54,
 139.306667,   35.426577,       -0.72,
 139.311171,   35.426577,       -0.89,
 139.315676,   35.426577,       -1.06,
 139.320180,   35.426577,       -1.22,
 139.324685,   35.426577,       -1.38,
 139.329189,   35.426577,       -1.53,
 139.333694,   35.426577,       -1.67,
 139.338198,   35.426577,       -1.82,
 139.342703,   35.426577,       -1.95,
 139.347207,   35.426577,       -2.08,
 139.351712,   35.426577,       -2.21,
 139.356216,   35.426577,       -2.33,
 139.360721,   35.426577,       -2.44,
 139.365225,   35.426577,       -2.55,
 139.369730,   35.426577,       -2.66,
 139.374234,   35.426577,       -2.76,
 139.378739,   35.426577,       -2.85,
 139.383243,   35.426577,       -2.94,
 139.387748,   35.426577,       -3.03,
 139.392252,   35.426577,       -3.10,
 139.396757,   35.426577,       -3.18,
 139.401261,   35.426577,       -3.25,
 139.405766,   35.426577,       -3.31,
 139.410270,   35.426577,       -3.37,
 139.414775,   35.426577,       -3.42,
 139.419279,   35.426577,       -3.47,
 139.423784,   35.426577,       -3.69,
 139.428288,   35.426577,       -4.47,
 139.432793,   35.426577,       -5.06,
 139.437297,   35.426577,       -5.16,
 139.441802,   35.426577,       -5.05,
 139.446306,   35.426577,       -4.94,
 139.450811,   35.426577,       -4.82,
 139.455315,   35.426577,       -4.70,
 139.459820,   35.426577,       -4.59,
 139.464324,   35.426577,       -4.46,
 139.468829,   35.426577,       -4.34,
 139.473333,   35.426577,       -4.21,
 139.477838,   35.426577,       -4.07,
 139.482342,   35.426577,       -3.93,
 139.486847,   35.426577,       -3.79,
 139.491351,   35.426577,       -3.63,
 139.495856,   35.426577,       -3.47,
 139.500360,   35.426577,       -3.30,
 139.504865,   35.426577,       -3.12,
 139.509369,   35.426577,       -2.94,
 139.513874,   35.426577,       -2.75,
 139.518378,   35.426577,       -2.57,
 139.522883,   35.426577,       -2.38,
 139.527387,   35.426577,       -2.19,
 139.531892,   35.426577,       -1.99,
 139.536396,   35.426577,       -1.80,
 139.540901,   35.426577,       -1.60,
 139.545405,   35.426577,       -1.39,
 139.549910,   35.426577,       -1.18,
 139.554414,   35.426577,       -0.97,
 139.558919,   35.426577,       -0.75,
 139.563423,   35.426577,       -0.52,
 139.567928,   35.426577,       -0.29,
 139.572432,   35.426577,       -0.05,
 139.576937,   35.426577,        0.20,
 139.581441,   35.426577,        0.44,
 139.585946,   35.426577,        0.69,
 139.590450,   35.426577,        0.94,
 139.594955,   35.426577,        1.20,
 139.599459,   35.426577,        1.46,
 139.603964,   35.426577,        1.72,
 139.608468,   35.426577,        2.00,
 139.612973,   35.426577,        2.27,
 139.617477,   35.426577,        2.57,
 139.621982,   35.426577,        2.89,
 139.626486,   35.426577,        3.24,
 139.630991,   35.426577,        3.60,
 139.635495,   35.426577,        3.94,
 139.640000,   35.426577,        4.09,
 139.644505,   35.426577,        3.90,
 139.649009,   35.426577,        3.36,
 139.653514,   35.426577,        2.91,
 139.658018,   35.426577,        2.45,
 139.662523,   35.426577,        2.02,
 139.667027,   35.426577,        1.59,
 139.671532,   35.426577,        1.12,
 139.676036,   35.426577,        0.63,
 139.680541,   35.426577,        0.29,
 139.685045,   35.426577,        0.49,
 139.689550,   35.426577,        0.68,
 139.694054,   35.426577,        0.87,
 139.698559,   35.426577,        1.11,
 139.703063,   35.426577,        1.41,
 139.707568,   35.426577,        1.64,
 139.712072,   35.426577,        1.78,
 139.716577,   35.426577,        1.88,
 139.721081,   35.426577,        1.82,
 139.725586,   35.426577,        1.69,
 139.730090,   35.426577,        1.58,
 139.734595,   35.426577,        1.52,
 139.739099,   35.426577,        1.46,
 139.743604,   35.426577,        1.43,
 139.748108,   35.426577,        1.42,
 139.752613,   35.426577,        1.35,
 139.757117,   35.426577,        1.31,
 139.761622,   35.426577,        1.31,
 139.766126,   35.426577,        1.29,
 139.770631,   35.426577,        1.27,
 139.775135,   35.426577,        1.26,
 139.779640,   35.426577,        1.25,
 139.784144,   35.426577,        1.27,
 139.788649,   35.426577,        1.25,
 139.793153,   35.426577,        1.23,
 139.797658,   35.426577,        1.22,
 139.802162,   35.426577,        1.21,
 139.806667,   35.426577,        1.20,
 139.811171,   35.426577,        1.19,
 139.815676,   35.426577,        1.19,
 139.820180,   35.426577,        1.18,
 139.824685,   35.426577,        1.17,
 139.829189,   35.426577,        1.17,
 139.833694,   35.426577,        1.17,
 139.838198,   35.426577,        1.16,
 139.842703,   35.426577,        1.16,
 139.847207,   35.426577,        1.17,
 139.851712,   35.426577,        1.17,
 139.856216,   35.426577,        1.18,
 139.860721,   35.426577,        1.21,
 139.865225,   35.426577,        1.26,
 139.869730,   35.426577,        1.30,
 139.874234,   35.426577,        1.31,
 139.878739,   35.426577,        1.31,
 139.883243,   35.426577,        1.31,
 139.887748,   35.426577,        1.34,
 139.892252,   35.426577,        1.39,
 139.896757,   35.426577,        1.41,
 139.901261,   35.426577,        1.33,
 139.905766,   35.426577,        0.67,
 139.910270,   35.426577,        0.33,
 139.914775,   35.426577,        0.09,
 139.919279,   35.426577,       -0.09,
 139.923784,   35.426577,       -0.23,
 139.928288,   35.426577,       -0.35,
 139.932793,   35.426577,       -0.41,
 139.937297,   35.426577,       -0.29,
 139.941802,   35.426577,       -0.22,
 139.946306,   35.426577,       -0.24,
 139.950811,   35.426577,       -0.29,
 139.955315,   35.426577,       -0.36,
 139.959820,   35.426577,       -0.44,
 139.964324,   35.426577,       -0.53,
 139.968829,   35.426577,       -0.63,
 139.973333,   35.426577,       -0.73,
 139.977838,   35.426577,       -0.84,
 139.982342,   35.426577,       -0.95,
 139.986847,   35.426577,       -1.06,
 139.991351,   35.426577,       -1.17,
 139.995856,   35.426577,       -1.29,
 140.000360,   35.426577,       -1.41,
 140.004865,   35.426577,       -1.53,
 140.009369,   35.426577,       -1.65,
 140.013874,   35.426577,       -1.77,
 140.018378,   35.426577,       -1.89,
 140.022883,   35.426577,       -2.01,
 140.027387,   35.426577,       -2.13,
 140.031892,   35.426577,       -2.24,
 140.036396,   35.426577,       -2.35,
 140.040901,   35.426577,       -2.47,
 140.045405,   35.426577,       -2.57,
 140.049910,   35.426577,       -2.68,
 140.054414,   35.426577,       -2.79,
 140.058919,   35.426577,       -2.89,
 140.063423,   35.426577,       -3.00,
 140.067928,   35.426577,       -3.10,
 140.072432,   35.426577,       -3.20,
 140.076937,   35.426577,       -3.29,
 140.081441,   35.426577,       -3.39,
 140.085946,   35.426577,       -3.48,
 140.090450,   35.426577,       -3.57,
 140.094955,   35.426577,       -3.66,
 140.099459,   35.426577,       -3.75,
 140.103964,   35.426577,       -3.84,
 140.108468,   35.426577,       -3.92,
 140.112973,   35.426577,       -4.00,
 140.117477,   35.426577,       -4.07,
 140.121982,   35.426577,       -4.14,
 140.126486,   35.426577,       -4.21,
 140.130991,   35.426577,       -4.27,
 140.135495,   35.426577,       -4.32,
 140.140000,   35.426577,       -4.38,
 140.144505,   35.426577,       -4.43,
 140.149009,   35.426577,       -4.48,
 140.153514,   35.426577,       -4.54,
 140.158018,   35.426577,       -4.59,
 140.162523,   35.426577,       -4.63,
 140.167027,   35.426577,       -4.68,
 140.171532,   35.426577,       -4.73,
 140.176036,   35.426577,       -4.77,
 140.180541,   35.426577,       -4.81,
 140.185045,   35.426577,       -4.85,
 140.189550,   35.426577,       -4.89,
 140.194054,   35.426577,       -4.93,
 140.198559,   35.426577,       -4.96,
 140.203063,   35.426577,       -5.00,
 140.207568,   35.426577,       -5.03,
 140.212072,   35.426577,       -5.06,
 140.216577,   35.426577,       -5.09,
 140.221081,   35.426577,       -5.12,
 140.225586,   35.426577,       -5.14,
 140.230090,   35.426577,       -5.17,
 140.234595,   35.426577,       -5.20,
 140.239099,   35.426577,       -5.24,
 140.243604,   35.426577,       -5.27,
 140.248108,   35.426577,       -5.31,
 140.252613,   35.426577,       -5.34,
 140.257117,   35.426577,       -5.38,
 140.261622,   35.426577,       -5.42,
 140.266126,   35.426577,       -5.46,
 140.270631,   35.426577,       -5.50,
 140.275135,   35.426577,       -5.54,
 140.279640,   35.426577,       -5.58,
 140.284144,   35.426577,       -5.62,
 140.288649,   35.426577,       -5.67,
 140.293153,   35.426577,       -5.71,
 140.297658,   35.426577,       -5.76,
 140.302162,   35.426577,       -5.81,
 140.306667,   35.426577,       -5.85,
 140.311171,   35.426577,       -5.90,
 140.315676,   35.426577,       -5.95,
 140.320180,   35.426577,       -6.01,
 140.324685,   35.426577,       -6.06,
 140.329189,   35.426577,       -6.11,
 140.333694,   35.426577,       -6.17,
 140.338198,   35.426577,       -6.22,
 140.342703,   35.426577,       -6.28,
 140.347207,   35.426577,       -6.34,
 140.351712,   35.426577,       -6.40,
 140.356216,   35.426577,       -6.46,
 140.360721,   35.426577,       -6.52,
 140.365225,   35.426577,       -6.58,
 140.369730,   35.426577,       -6.65,
 140.374234,   35.426577,       -6.71,
 140.378739,   35.426577,       -6.78,
 140.383243,   35.426577,       -6.84,
 140.387748,   35.426577,       -6.91,
 139.140000,   35.431081,        9.63,
 139.144505,   35.431081,        9.26,
 139.149009,   35.431081,        8.90,
 139.153514,   35.431081,        8.54,
 139.158018,   35.431081,        8.18,
 139.162523,   35.431081,        7.84,
 139.167027,   35.431081,        7.49,
 139.171532,   35.431081,        7.16,
 139.176036,   35.431081,        6.82,
 139.180541,   35.431081,        6.50,
 139.185045,   35.431081,        6.18,
 139.189550,   35.431081,        5.86,
 139.194054,   35.431081,        5.55,
 139.198559,   35.431081,        5.24,
 139.203063,   35.431081,        4.94,
 139.207568,   35.431081,        4.65,
 139.212072,   35.431081,        4.36,
 139.216577,   35.431081,        4.07,
 139.221081,   35.431081,        3.79,
 139.225586,   35.431081,        3.52,
 139.230090,   35.431081,        3.25,
 139.234595,   35.431081,        2.98,
 139.239099,   35.431081,        2.72,
 139.243604,   35.431081,        2.47,
 139.248108,   35.431081,        2.22,
 139.252613,   35.431081,        1.98,
 139.257117,   35.431081,        1.74,
 139.261622,   35.431081,        1.51,
 139.266126,   35.431081,        1.28,
 139.270631,   35.431081,        1.06,
 139.275135,   35.431081,        0.84,
 139.279640,   35.431081,        0.63,
 139.284144,   35.431081,        0.42,
 139.288649,   35.431081,        0.22,
 139.293153,   35.431081,        0.03,
 139.297658,   35.431081,       -0.16,
 139.302162,   35.431081,       -0.35,
 139.306667,   35.431081,       -0.53,
 139.311171,   35.431081,       -0.71,
 139.315676,   35.431081,       -0.87,
 139.320180,   35.431081,       -1.04,
 139.324685,   35.431081,       -1.20,
 139.329189,   35.431081,       -1.35,
 139.333694,   35.431081,       -1.50,
 139.338198,   35.431081,       -1.65,
 139.342703,   35.431081,       -1.78,
 139.347207,   35.431081,       -1.92,
 139.351712,   35.431081,       -2.04,
 139.356216,   35.431081,       -2.17,
 139.360721,   35.431081,       -2.28,
 139.365225,   35.431081,       -2.40,
 139.369730,   35.431081,       -2.50,
 139.374234,   35.431081,       -2.61,
 139.378739,   35.431081,       -2.70,
 139.383243,   35.431081,       -2.79,
 139.387748,   35.431081,       -2.88,
 139.392252,   35.431081,       -2.96,
 139.396757,   35.431081,       -3.04,
 139.401261,   35.431081,       -3.11,
 139.405766,   35.431081,       -3.17,
 139.410270,   35.431081,       -3.23,
 139.414775,   35.431081,       -3.29,
 139.419279,   35.431081,       -3.33,
 139.423784,   35.431081,       -3.38,
 139.428288,   35.431081,       -3.42,
 139.432793,   35.431081,       -4.00,
 139.437297,   35.431081,       -4.69,
 139.441802,   35.431081,       -5.08,
 139.446306,   35.431081,       -4.99,
 139.450811,   35.431081,       -4.87,
 139.455315,   35.431081,       -4.76,
 139.459820,   35.431081,       -4.64,
 139.464324,   35.431081,       -4.52,
 139.468829,   35.431081,       -4.40,
 139.473333,   35.431081,       -4.27,
 139.477838,   35.431081,       -4.14,
 139.482342,   35.431081,       -4.01,
 139.486847,   35.431081,       -3.87,
 139.491351,   35.431081,       -3.72,
 139.495856,   35.431081,       -3.57,
 139.500360,   35.431081,       -3.42,
 139.504865,   35.431081,       -3.25,
 139.509369,   35.431081,       -3.07,
 139.513874,   35.431081,       -2.89,
 139.518378,   35.431081,       -2.70,
 139.522883,   35.431081,       -2.51,
 139.527387,   35.431081,       -2.32,
 139.531892,   35.431081,       -2.13,
 139.536396,   35.431081,       -1.93,
 139.540901,   35.431081,       -1.73,
 139.545405,   35.431081,       -1.53,
 139.549910,   35.431081,       -1.32,
 139.554414,   35.431081,       -1.11,
 139.558919,   35.431081,       -0.90,
 139.563423,   35.431081,       -0.68,
 139.567928,   35.431081,       -0.45,
 139.572432,   35.431081,       -0.21,
 139.576937,   35.431081,        0.03,
 139.581441,   35.431081,        0.28,
 139.585946,   35.431081,        0.53,
 139.590450,   35.431081,        0.79,
 139.594955,   35.431081,        1.04,
 139.599459,   35.431081,        1.30,
 139.603964,   35.431081,        1.56,
 139.608468,   35.431081,        1.83,
 139.612973,   35.431081,        2.10,
 139.617477,   35.431081,        2.38,
 139.621982,   35.431081,        2.68,
 139.626486,   35.431081,        3.00,
 139.630991,   35.431081,        3.34,
 139.635495,   35.431081,        3.67,
 139.640000,   35.431081,        3.79,
 139.644505,   35.431081,        3.62,
 139.649009,   35.431081,        3.16,
 139.653514,   35.431081,        2.78,
 139.658018,   35.431081,        2.38,
 139.662523,   35.431081,        1.99,
 139.667027,   35.431081,        1.58,
 139.671532,   35.431081,        1.10,
 139.676036,   35.431081,        0.55,
 139.680541,   35.431081,        0.21,
 139.685045,   35.431081,        0.45,
 139.689550,   35.431081,        0.68,
 139.694054,   35.431081,        0.85,
 139.698559,   35.431081,        1.04,
 139.703063,   35.431081,        1.23,
 139.707568,   35.431081,        1.38,
 139.712072,   35.431081,        1.51,
 139.716577,   35.431081,        1.61,
 139.721081,   35.431081,        1.63,
 139.725586,   35.431081,        1.52,
 139.730090,   35.431081,        1.44,
 139.734595,   35.431081,        1.38,
 139.739099,   35.431081,        1.34,
 139.743604,   35.431081,        1.31,
 139.748108,   35.431081,        1.27,
 139.752613,   35.431081,        1.24,
 139.757117,   35.431081,        1.22,
 139.761622,   35.431081,        1.23,
 139.766126,   35.431081,        1.26,
 139.770631,   35.431081,        1.24,
 139.775135,   35.431081,        1.23,
 139.779640,   35.431081,        1.23,
 139.784144,   35.431081,        1.22,
 139.788649,   35.431081,        1.22,
 139.793153,   35.431081,        1.22,
 139.797658,   35.431081,        1.24,
 139.802162,   35.431081,        1.24,
 139.806667,   35.431081,        1.22,
 139.811171,   35.431081,        1.21,
 139.815676,   35.431081,        1.21,
 139.820180,   35.431081,        1.21,
 139.824685,   35.431081,        1.21,
 139.829189,   35.431081,        1.20,
 139.833694,   35.431081,        1.20,
 139.838198,   35.431081,        1.20,
 139.842703,   35.431081,        1.19,
 139.847207,   35.431081,        1.19,
 139.851712,   35.431081,        1.20,
 139.856216,   35.431081,        1.21,
 139.860721,   35.431081,        1.22,
 139.865225,   35.431081,        1.26,
 139.869730,   35.431081,        1.31,
 139.874234,   35.431081,        1.33,
 139.878739,   35.431081,        1.32,
 139.883243,   35.431081,        1.30,
 139.887748,   35.431081,        1.33,
 139.892252,   35.431081,        1.36,
 139.896757,   35.431081,        1.34,
 139.901261,   35.431081,        1.42,
 139.905766,   35.431081,        0.64,
 139.910270,   35.431081,        0.29,
 139.914775,   35.431081,        0.09,
 139.919279,   35.431081,       -0.06,
 139.923784,   35.431081,       -0.19,
 139.928288,   35.431081,       -0.29,
 139.932793,   35.431081,       -0.39,
 139.937297,   35.431081,       -0.38,
 139.941802,   35.431081,       -0.21,
 139.946306,   35.431081,       -0.15,
 139.950811,   35.431081,       -0.16,
 139.955315,   35.431081,       -0.20,
 139.959820,   35.431081,       -0.27,
 139.964324,   35.431081,       -0.35,
 139.968829,   35.431081,       -0.43,
 139.973333,   35.431081,       -0.53,
 139.977838,   35.431081,       -0.63,
 139.982342,   35.431081,       -0.74,
 139.986847,   35.431081,       -0.85,
 139.991351,   35.431081,       -0.96,
 139.995856,   35.431081,       -1.08,
 140.000360,   35.431081,       -1.20,
 140.004865,   35.431081,       -1.32,
 140.009369,   35.431081,       -1.44,
 140.013874,   35.431081,       -1.56,
 140.018378,   35.431081,       -1.68,
 140.022883,   35.431081,       -1.80,
 140.027387,   35.431081,       -1.91,
 140.031892,   35.431081,       -2.03,
 140.036396,   35.431081,       -2.14,
 140.040901,   35.431081,       -2.25,
 140.045405,   35.431081,       -2.36,
 140.049910,   35.431081,       -2.47,
 140.054414,   35.431081,       -2.58,
 140.058919,   35.431081,       -2.68,
 140.063423,   35.431081,       -2.78,
 140.067928,   35.431081,       -2.88,
 140.072432,   35.431081,       -2.98,
 140.076937,   35.431081,       -3.08,
 140.081441,   35.431081,       -3.17,
 140.085946,   35.431081,       -3.26,
 140.090450,   35.431081,       -3.36,
 140.094955,   35.431081,       -3.45,
 140.099459,   35.431081,       -3.53,
 140.103964,   35.431081,       -3.62,
 140.108468,   35.431081,       -3.71,
 140.112973,   35.431081,       -3.79,
 140.117477,   35.431081,       -3.86,
 140.121982,   35.431081,       -3.92,
 140.126486,   35.431081,       -3.99,
 140.130991,   35.431081,       -4.05,
 140.135495,   35.431081,       -4.10,
 140.140000,   35.431081,       -4.16,
 140.144505,   35.431081,       -4.21,
 140.149009,   35.431081,       -4.26,
 140.153514,   35.431081,       -4.32,
 140.158018,   35.431081,       -4.36,
 140.162523,   35.431081,       -4.41,
 140.167027,   35.431081,       -4.46,
 140.171532,   35.431081,       -4.50,
 140.176036,   35.431081,       -4.55,
 140.180541,   35.431081,       -4.59,
 140.185045,   35.431081,       -4.63,
 140.189550,   35.431081,       -4.67,
 140.194054,   35.431081,       -4.70,
 140.198559,   35.431081,       -4.74,
 140.203063,   35.431081,       -4.77,
 140.207568,   35.431081,       -4.80,
 140.212072,   35.431081,       -4.84,
 140.216577,   35.431081,       -4.86,
 140.221081,   35.431081,       -4.89,
 140.225586,   35.431081,       -4.92,
 140.230090,   35.431081,       -4.95,
 140.234595,   35.431081,       -4.98,
 140.239099,   35.431081,       -5.01,
 140.243604,   35.431081,       -5.05,
 140.248108,   35.431081,       -5.08,
 140.252613,   35.431081,       -5.12,
 140.257117,   35.431081,       -5.15,
 140.261622,   35.431081,       -5.19,
 140.266126,   35.431081,       -5.23,
 140.270631,   35.431081,       -5.27,
 140.275135,   35.431081,       -5.31,
 140.279640,   35.431081,       -5.35,
 140.284144,   35.431081,       -5.39,
 140.288649,   35.431081,       -5.44,
 140.293153,   35.431081,       -5.48,
 140.297658,   35.431081,       -5.53,
 140.302162,   35.431081,       -5.57,
 140.306667,   35.431081,       -5.62,
 140.311171,   35.431081,       -5.67,
 140.315676,   35.431081,       -5.72,
 140.320180,   35.431081,       -5.77,
 140.324685,   35.431081,       -5.83,
 140.329189,   35.431081,       -5.88,
 140.333694,   35.431081,       -5.93,
 140.338198,   35.431081,       -5.99,
 140.342703,   35.431081,       -6.05,
 140.347207,   35.431081,       -6.10,
 140.351712,   35.431081,       -6.16,
 140.356216,   35.431081,       -6.22,
 140.360721,   35.431081,       -6.28,
 140.365225,   35.431081,       -6.35,
 140.369730,   35.431081,       -6.41,
 140.374234,   35.431081,       -6.47,
 140.378739,   35.431081,       -6.54,
 140.383243,   35.431081,       -6.60,
 140.387748,   35.431081,       -6.67,
 139.140000,   35.435586,        9.89,
 139.144505,   35.435586,        9.52,
 139.149009,   35.435586,        9.15,
 139.153514,   35.435586,        8.79,
 139.158018,   35.435586,        8.44,
 139.162523,   35.435586,        8.09,
 139.167027,   35.435586,        7.74,
 139.171532,   35.435586,        7.40,
 139.176036,   35.435586,        7.07,
 139.180541,   35.435586,        6.74,
 139.185045,   35.435586,        6.42,
 139.189550,   35.435586,        6.10,
 139.194054,   35.435586,        5.78,
 139.198559,   35.435586,        5.48,
 139.203063,   35.435586,        5.17,
 139.207568,   35.435586,        4.87,
 139.212072,   35.435586,        4.58,
 139.216577,   35.435586,        4.30,
 139.221081,   35.435586,        4.01,
 139.225586,   35.435586,        3.74,
 139.230090,   35.435586,        3.46,
 139.234595,   35.435586,        3.20,
 139.239099,   35.435586,        2.94,
 139.243604,   35.435586,        2.68,
 139.248108,   35.435586,        2.43,
 139.252613,   35.435586,        2.19,
 139.257117,   35.435586,        1.95,
 139.261622,   35.435586,        1.71,
 139.266126,   35.435586,        1.48,
 139.270631,   35.435586,        1.26,
 139.275135,   35.435586,        1.04,
 139.279640,   35.435586,        0.82,
 139.284144,   35.435586,        0.62,
 139.288649,   35.435586,        0.41,
 139.293153,   35.435586,        0.21,
 139.297658,   35.435586,        0.02,
 139.302162,   35.435586,       -0.17,
 139.306667,   35.435586,       -0.35,
 139.311171,   35.435586,       -0.53,
 139.315676,   35.435586,       -0.70,
 139.320180,   35.435586,       -0.87,
 139.324685,   35.435586,       -1.03,
 139.329189,   35.435586,       -1.18,
 139.333694,   35.435586,       -1.33,
 139.338198,   35.435586,       -1.48,
 139.342703,   35.435586,       -1.62,
 139.347207,   35.435586,       -1.76,
 139.351712,   35.435586,       -1.89,
 139.356216,   35.435586,       -2.01,
 139.360721,   35.435586,       -2.13,
 139.365225,   35.435586,       -2.24,
 139.369730,   35.435586,       -2.35,
 139.374234,   35.435586,       -2.46,
 139.378739,   35.435586,       -2.56,
 139.383243,   35.435586,       -2.65,
 139.387748,   35.435586,       -2.74,
 139.392252,   35.435586,       -2.82,
 139.396757,   35.435586,       -2.90,
 139.401261,   35.435586,       -2.97,
 139.405766,   35.435586,       -3.04,
 139.410270,   35.435586,       -3.10,
 139.414775,   35.435586,       -3.16,
 139.419279,   35.435586,       -3.21,
 139.423784,   35.435586,       -3.26,
 139.428288,   35.435586,       -3.30,
 139.432793,   35.435586,       -3.33,
 139.437297,   35.435586,       -3.53,
 139.441802,   35.435586,       -4.27,
 139.446306,   35.435586,       -4.83,
 139.450811,   35.435586,       -4.93,
 139.455315,   35.435586,       -4.81,
 139.459820,   35.435586,       -4.70,
 139.464324,   35.435586,       -4.58,
 139.468829,   35.435586,       -4.46,
 139.473333,   35.435586,       -4.34,
 139.477838,   35.435586,       -4.21,
 139.482342,   35.435586,       -4.08,
 139.486847,   35.435586,       -3.95,
 139.491351,   35.435586,       -3.81,
 139.495856,   35.435586,       -3.66,
 139.500360,   35.435586,       -3.51,
 139.504865,   35.435586,       -3.36,
 139.509369,   35.435586,       -3.19,
 139.513874,   35.435586,       -3.02,
 139.518378,   35.435586,       -2.83,
 139.522883,   35.435586,       -2.65,
 139.527387,   35.435586,       -2.46,
 139.531892,   35.435586,       -2.26,
 139.536396,   35.435586,       -2.07,
 139.540901,   35.435586,       -1.87,
 139.545405,   35.435586,       -1.67,
 139.549910,   35.435586,       -1.47,
 139.554414,   35.435586,       -1.26,
 139.558919,   35.435586,       -1.05,
 139.563423,   35.435586,       -0.83,
 139.567928,   35.435586,       -0.61,
 139.572432,   35.435586,       -0.38,
 139.576937,   35.435586,       -0.14,
 139.581441,   35.435586,        0.11,
 139.585946,   35.435586,        0.36,
 139.590450,   35.435586,        0.62,
 139.594955,   35.435586,        0.87,
 139.599459,   35.435586,        1.13,
 139.603964,   35.435586,        1.39,
 139.608468,   35.435586,        1.66,
 139.612973,   35.435586,        1.93,
 139.617477,   35.435586,        2.20,
 139.621982,   35.435586,        2.48,
 139.626486,   35.435586,        2.78,
 139.630991,   35.435586,        3.10,
 139.635495,   35.435586,        3.40,
 139.640000,   35.435586,        3.52,
 139.644505,   35.435586,        3.34,
 139.649009,   35.435586,        2.95,
 139.653514,   35.435586,        2.63,
 139.658018,   35.435586,        2.30,
 139.662523,   35.435586,        1.98,
 139.667027,   35.435586,        1.64,
 139.671532,   35.435586,        1.21,
 139.676036,   35.435586,        0.78,
 139.680541,   35.435586,        0.58,
 139.685045,   35.435586,        0.59,
 139.689550,   35.435586,        0.70,
 139.694054,   35.435586,        0.86,
 139.698559,   35.435586,        0.99,
 139.703063,   35.435586,        1.14,
 139.707568,   35.435586,        1.24,
 139.712072,   35.435586,        1.32,
 139.716577,   35.435586,        1.37,
 139.721081,   35.435586,        1.38,
 139.725586,   35.435586,        1.33,
 139.730090,   35.435586,        1.27,
 139.734595,   35.435586,        1.23,
 139.739099,   35.435586,        1.17,
 139.743604,   35.435586,        1.12,
 139.748108,   35.435586,        1.09,
 139.752613,   35.435586,        1.08,
 139.757117,   35.435586,        1.07,
 139.761622,   35.435586,        1.06,
 139.766126,   35.435586,        1.06,
 139.770631,   35.435586,        1.09,
 139.775135,   35.435586,        1.12,
 139.779640,   35.435586,        1.15,
 139.784144,   35.435586,        1.16,
 139.788649,   35.435586,        1.16,
 139.793153,   35.435586,        1.17,
 139.797658,   35.435586,        1.19,
 139.802162,   35.435586,        1.21,
 139.806667,   35.435586,        1.20,
 139.811171,   35.435586,        1.19,
 139.815676,   35.435586,        1.20,
 139.820180,   35.435586,        1.23,
 139.824685,   35.435586,        1.22,
 139.829189,   35.435586,        1.21,
 139.833694,   35.435586,        1.20,
 139.838198,   35.435586,        1.20,
 139.842703,   35.435586,        1.20,
 139.847207,   35.435586,        1.21,
 139.851712,   35.435586,        1.20,
 139.856216,   35.435586,        1.21,
 139.860721,   35.435586,        1.22,
 139.865225,   35.435586,        1.25,
 139.869730,   35.435586,        1.28,
 139.874234,   35.435586,        1.30,
 139.878739,   35.435586,        1.28,
 139.883243,   35.435586,        1.22,
 139.887748,   35.435586,        1.20,
 139.892252,   35.435586,        1.14,
 139.896757,   35.435586,        1.07,
 139.901261,   35.435586,        0.81,
 139.905766,   35.435586,        0.09,
 139.910270,   35.435586,        0.09,
 139.914775,   35.435586,        0.02,
 139.919279,   35.435586,       -0.07,
 139.923784,   35.435586,       -0.16,
 139.928288,   35.435586,       -0.25,
 139.932793,   35.435586,       -0.33,
 139.937297,   35.435586,       -0.41,
 139.941802,   35.435586,       -0.33,
 139.946306,   35.435586,       -0.13,
 139.950811,   35.435586,       -0.06,
 139.955315,   35.435586,       -0.07,
 139.959820,   35.435586,       -0.11,
 139.964324,   35.435586,       -0.17,
 139.968829,   35.435586,       -0.24,
 139.973333,   35.435586,       -0.33,
 139.977838,   35.435586,       -0.42,
 139.982342,   35.435586,       -0.52,
 139.986847,   35.435586,       -0.63,
 139.991351,   35.435586,       -0.74,
 139.995856,   35.435586,       -0.86,
 140.000360,   35.435586,       -0.98,
 140.004865,   35.435586,       -1.10,
 140.009369,   35.435586,       -1.22,
 140.013874,   35.435586,       -1.34,
 140.018378,   35.435586,       -1.46,
 140.022883,   35.435586,       -1.58,
 140.027387,   35.435586,       -1.70,
 140.031892,   35.435586,       -1.81,
 140.036396,   35.435586,       -1.92,
 140.040901,   35.435586,       -2.04,
 140.045405,   35.435586,       -2.15,
 140.049910,   35.435586,       -2.25,
 140.054414,   35.435586,       -2.36,
 140.058919,   35.435586,       -2.47,
 140.063423,   35.435586,       -2.57,
 140.067928,   35.435586,       -2.67,
 140.072432,   35.435586,       -2.77,
 140.076937,   35.435586,       -2.86,
 140.081441,   35.435586,       -2.96,
 140.085946,   35.435586,       -3.05,
 140.090450,   35.435586,       -3.14,
 140.094955,   35.435586,       -3.23,
 140.099459,   35.435586,       -3.32,
 140.103964,   35.435586,       -3.41,
 140.108468,   35.435586,       -3.49,
 140.112973,   35.435586,       -3.57,
 140.117477,   35.435586,       -3.64,
 140.121982,   35.435586,       -3.71,
 140.126486,   35.435586,       -3.77,
 140.130991,   35.435586,       -3.83,
 140.135495,   35.435586,       -3.88,
 140.140000,   35.435586,       -3.94,
 140.144505,   35.435586,       -3.99,
 140.149009,   35.435586,       -4.04,
 140.153514,   35.435586,       -4.09,
 140.158018,   35.435586,       -4.14,
 140.162523,   35.435586,       -4.19,
 140.167027,   35.435586,       -4.24,
 140.171532,   35.435586,       -4.28,
 140.176036,   35.435586,       -4.33,
 140.180541,   35.435586,       -4.37,
 140.185045,   35.435586,       -4.41,
 140.189550,   35.435586,       -4.44,
 140.194054,   35.435586,       -4.48,
 140.198559,   35.435586,       -4.52,
 140.203063,   35.435586,       -4.55,
 140.207568,   35.435586,       -4.58,
 140.212072,   35.435586,       -4.61,
 140.216577,   35.435586,       -4.64,
 140.221081,   35.435586,       -4.67,
 140.225586,   35.435586,       -4.69,
 140.230090,   35.435586,       -4.72,
 140.234595,   35.435586,       -4.76,
 140.239099,   35.435586,       -4.79,
 140.243604,   35.435586,       -4.82,
 140.248108,   35.435586,       -4.85,
 140.252613,   35.435586,       -4.89,
 140.257117,   35.435586,       -4.92,
 140.261622,   35.435586,       -4.96,
 140.266126,   35.435586,       -5.00,
 140.270631,   35.435586,       -5.04,
 140.275135,   35.435586,       -5.08,
 140.279640,   35.435586,       -5.12,
 140.284144,   35.435586,       -5.16,
 140.288649,   35.435586,       -5.21,
 140.293153,   35.435586,       -5.25,
 140.297658,   35.435586,       -5.30,
 140.302162,   35.435586,       -5.34,
 140.306667,   35.435586,       -5.39,
 140.311171,   35.435586,       -5.44,
 140.315676,   35.435586,       -5.49,
 140.320180,   35.435586,       -5.54,
 140.324685,   35.435586,       -5.59,
 140.329189,   35.435586,       -5.65,
 140.333694,   35.435586,       -5.70,
 140.338198,   35.435586,       -5.75,
 140.342703,   35.435586,       -5.81,
 140.347207,   35.435586,       -5.87,
 140.351712,   35.435586,       -5.93,
 140.356216,   35.435586,       -5.99,
 140.360721,   35.435586,       -6.05,
 140.365225,   35.435586,       -6.11,
 140.369730,   35.435586,       -6.17,
 140.374234,   35.435586,       -6.23,
 140.378739,   35.435586,       -6.30,
 140.383243,   35.435586,       -6.37,
 140.387748,   35.435586,       -6.43,
 139.140000,   35.440090,       10.15,
 139.144505,   35.440090,        9.77,
 139.149009,   35.440090,        9.41,
 139.153514,   35.440090,        9.04,
 139.158018,   35.440090,        8.69,
 139.162523,   35.440090,        8.33,
 139.167027,   35.440090,        7.99,
 139.171532,   35.440090,        7.64,
 139.176036,   35.440090,        7.31,
 139.180541,   35.440090,        6.98,
 139.185045,   35.440090,        6.65,
 139.189550,   35.440090,        6.33,
 139.194054,   35.440090,        6.01,
 139.198559,   35.440090,        5.70,
 139.203063,   35.440090,        5.40,
 139.207568,   35.440090,        5.10,
 139.212072,   35.440090,        4.80,
 139.216577,   35.440090,        4.51,
 139.221081,   35.440090,        4.23,
 139.225586,   35.440090,        3.95,
 139.230090,   35.440090,        3.68,
 139.234595,   35.440090,        3.41,
 139.239099,   35.440090,        3.15,
 139.243604,   35.440090,        2.89,
 139.248108,   35.440090,        2.64,
 139.252613,   35.440090,        2.39,
 139.257117,   35.440090,        2.15,
 139.261622,   35.440090,        1.91,
 139.266126,   35.440090,        1.68,
 139.270631,   35.440090,        1.45,
 139.275135,   35.440090,        1.23,
 139.279640,   35.440090,        1.01,
 139.284144,   35.440090,        0.80,
 139.288649,   35.440090,        0.60,
 139.293153,   35.440090,        0.40,
 139.297658,   35.440090,        0.20,
 139.302162,   35.440090,        0.01,
 139.306667,   35.440090,       -0.17,
 139.311171,   35.440090,       -0.35,
 139.315676,   35.440090,       -0.53,
 139.320180,   35.440090,       -0.70,
 139.324685,   35.440090,       -0.86,
 139.329189,   35.440090,       -1.02,
 139.333694,   35.440090,       -1.17,
 139.338198,   35.440090,       -1.32,
 139.342703,   35.440090,       -1.46,
 139.347207,   35.440090,       -1.60,
 139.351712,   35.440090,       -1.73,
 139.356216,   35.440090,       -1.86,
 139.360721,   35.440090,       -1.98,
 139.365225,   35.440090,       -2.10,
 139.369730,   35.440090,       -2.21,
 139.374234,   35.440090,       -2.32,
 139.378739,   35.440090,       -2.42,
 139.383243,   35.440090,       -2.51,
 139.387748,   35.440090,       -2.60,
 139.392252,   35.440090,       -2.69,
 139.396757,   35.440090,       -2.77,
 139.401261,   35.440090,       -2.84,
 139.405766,   35.440090,       -2.91,
 139.410270,   35.440090,       -2.98,
 139.414775,   35.440090,       -3.04,
 139.419279,   35.440090,       -3.09,
 139.423784,   35.440090,       -3.14,
 139.428288,   35.440090,       -3.18,
 139.432793,   35.440090,       -3.22,
 139.437297,   35.440090,       -3.25,
 139.441802,   35.440090,       -3.28,
 139.446306,   35.440090,       -3.83,
 139.450811,   35.440090,       -4.48,
 139.455315,   35.440090,       -4.85,
 139.459820,   35.440090,       -4.76,
 139.464324,   35.440090,       -4.64,
 139.468829,   35.440090,       -4.52,
 139.473333,   35.440090,       -4.40,
 139.477838,   35.440090,       -4.28,
 139.482342,   35.440090,       -4.15,
 139.486847,   35.440090,       -4.02,
 139.491351,   35.440090,       -3.89,
 139.495856,   35.440090,       -3.75,
 139.500360,   35.440090,       -3.60,
 139.504865,   35.440090,       -3.45,
 139.509369,   35.440090,       -3.30,
 139.513874,   35.440090,       -3.14,
 139.518378,   35.440090,       -2.96,
 139.522883,   35.440090,       -2.78,
 139.527387,   35.440090,       -2.59,
 139.531892,   35.440090,       -2.40,
 139.536396,   35.440090,       -2.21,
 139.540901,   35.440090,       -2.01,
 139.545405,   35.440090,       -1.81,
 139.549910,   35.440090,       -1.61,
 139.554414,   35.440090,       -1.41,
 139.558919,   35.440090,       -1.20,
 139.563423,   35.440090,       -0.98,
 139.567928,   35.440090,       -0.76,
 139.572432,   35.440090,       -0.54,
 139.576937,   35.440090,       -0.31,
 139.581441,   35.440090,       -0.07,
 139.585946,   35.440090,        0.18,
 139.590450,   35.440090,        0.44,
 139.594955,   35.440090,        0.69,
 139.599459,   35.440090,        0.95,
 139.603964,   35.440090,        1.21,
 139.608468,   35.440090,        1.48,
 139.612973,   35.440090,        1.74,
 139.617477,   35.440090,        2.01,
 139.621982,   35.440090,        2.27,
 139.626486,   35.440090,        2.55,
 139.630991,   35.440090,        2.85,
 139.635495,   35.440090,        3.14,
 139.640000,   35.440090,        3.25,
 139.644505,   35.440090,        3.06,
 139.649009,   35.440090,        2.72,
 139.653514,   35.440090,        2.46,
 139.658018,   35.440090,        2.22,
 139.662523,   35.440090,        2.00,
 139.667027,   35.440090,        1.75,
 139.671532,   35.440090,        1.46,
 139.676036,   35.440090,        1.23,
 139.680541,   35.440090,        0.97,
 139.685045,   35.440090,        0.86,
 139.689550,   35.440090,        0.76,
 139.694054,   35.440090,        0.86,
 139.698559,   35.440090,        0.92,
 139.703063,   35.440090,        1.01,
 139.707568,   35.440090,        1.09,
 139.712072,   35.440090,        1.13,
 139.716577,   35.440090,        1.12,
 139.721081,   35.440090,        1.12,
 139.725586,   35.440090,        1.06,
 139.730090,   35.440090,        1.00,
 139.734595,   35.440090,        0.95,
 139.739099,   35.440090,        0.91,
 139.743604,   35.440090,        0.88,
 139.748108,   35.440090,        0.87,
 139.752613,   35.440090,        0.89,
 139.757117,   35.440090,        0.86,
 139.761622,   35.440090,        0.85,
 139.766126,   35.440090,        0.85,
 139.770631,   35.440090,        0.88,
 139.775135,   35.440090,        0.93,
 139.779640,   35.440090,        0.99,
 139.784144,   35.440090,        1.05,
 139.788649,   35.440090,        1.07,
 139.793153,   35.440090,        1.08,
 139.797658,   35.440090,        1.09,
 139.802162,   35.440090,        1.13,
 139.806667,   35.440090,        1.15,
 139.811171,   35.440090,        1.15,
 139.815676,   35.440090,        1.17,
 139.820180,   35.440090,        1.19,
 139.824685,   35.440090,        1.20,
 139.829189,   35.440090,        1.20,
 139.833694,   35.440090,        1.20,
 139.838198,   35.440090,        1.20,
 139.842703,   35.440090,        1.19,
 139.847207,   35.440090,        1.18,
 139.851712,   35.440090,        1.18,
 139.856216,   35.440090,        1.19,
 139.860721,   35.440090,        1.21,
 139.865225,   35.440090,        1.24,
 139.869730,   35.440090,        1.27,
 139.874234,   35.440090,        1.27,
 139.878739,   35.440090,        1.21,
 139.883243,   35.440090,        1.13,
 139.887748,   35.440090,        1.02,
 139.892252,   35.440090,        0.91,
 139.896757,   35.440090,        0.78,
 139.901261,   35.440090,        0.40,
 139.905766,   35.440090,       -0.06,
 139.910270,   35.440090,       -0.09,
 139.914775,   35.440090,       -0.08,
 139.919279,   35.440090,       -0.10,
 139.923784,   35.440090,       -0.14,
 139.928288,   35.440090,       -0.20,
 139.932793,   35.440090,       -0.27,
 139.937297,   35.440090,       -0.34,
 139.941802,   35.440090,       -0.42,
 139.946306,   35.440090,       -0.26,
 139.950811,   35.440090,       -0.04,
 139.955315,   35.440090,        0.03,
 139.959820,   35.440090,        0.03,
 139.964324,   35.440090,       -0.00,
 139.968829,   35.440090,       -0.06,
 139.973333,   35.440090,       -0.13,
 139.977838,   35.440090,       -0.22,
 139.982342,   35.440090,       -0.31,
 139.986847,   35.440090,       -0.41,
 139.991351,   35.440090,       -0.52,
 139.995856,   35.440090,       -0.63,
 140.000360,   35.440090,       -0.75,
 140.004865,   35.440090,       -0.87,
 140.009369,   35.440090,       -0.99,
 140.013874,   35.440090,       -1.12,
 140.018378,   35.440090,       -1.24,
 140.022883,   35.440090,       -1.36,
 140.027387,   35.440090,       -1.47,
 140.031892,   35.440090,       -1.59,
 140.036396,   35.440090,       -1.70,
 140.040901,   35.440090,       -1.82,
 140.045405,   35.440090,       -1.93,
 140.049910,   35.440090,       -2.04,
 140.054414,   35.440090,       -2.14,
 140.058919,   35.440090,       -2.25,
 140.063423,   35.440090,       -2.35,
 140.067928,   35.440090,       -2.45,
 140.072432,   35.440090,       -2.55,
 140.076937,   35.440090,       -2.65,
 140.081441,   35.440090,       -2.74,
 140.085946,   35.440090,       -2.84,
 140.090450,   35.440090,       -2.93,
 140.094955,   35.440090,       -3.02,
 140.099459,   35.440090,       -3.11,
 140.103964,   35.440090,       -3.20,
 140.108468,   35.440090,       -3.28,
 140.112973,   35.440090,       -3.36,
 140.117477,   35.440090,       -3.43,
 140.121982,   35.440090,       -3.49,
 140.126486,   35.440090,       -3.55,
 140.130991,   35.440090,       -3.61,
 140.135495,   35.440090,       -3.66,
 140.140000,   35.440090,       -3.72,
 140.144505,   35.440090,       -3.77,
 140.149009,   35.440090,       -3.82,
 140.153514,   35.440090,       -3.87,
 140.158018,   35.440090,       -3.92,
 140.162523,   35.440090,       -3.97,
 140.167027,   35.440090,       -4.02,
 140.171532,   35.440090,       -4.06,
 140.176036,   35.440090,       -4.10,
 140.180541,   35.440090,       -4.14,
 140.185045,   35.440090,       -4.18,
 140.189550,   35.440090,       -4.22,
 140.194054,   35.440090,       -4.26,
 140.198559,   35.440090,       -4.29,
 140.203063,   35.440090,       -4.32,
 140.207568,   35.440090,       -4.36,
 140.212072,   35.440090,       -4.39,
 140.216577,   35.440090,       -4.41,
 140.221081,   35.440090,       -4.44,
 140.225586,   35.440090,       -4.47,
 140.230090,   35.440090,       -4.50,
 140.234595,   35.440090,       -4.53,
 140.239099,   35.440090,       -4.56,
 140.243604,   35.440090,       -4.59,
 140.248108,   35.440090,       -4.63,
 140.252613,   35.440090,       -4.66,
 140.257117,   35.440090,       -4.70,
 140.261622,   35.440090,       -4.73,
 140.266126,   35.440090,       -4.77,
 140.270631,   35.440090,       -4.81,
 140.275135,   35.440090,       -4.85,
 140.279640,   35.440090,       -4.89,
 140.284144,   35.440090,       -4.93,
 140.288649,   35.440090,       -4.97,
 140.293153,   35.440090,       -5.02,
 140.297658,   35.440090,       -5.06,
 140.302162,   35.440090,       -5.11,
 140.306667,   35.440090,       -5.16,
 140.311171,   35.440090,       -5.21,
 140.315676,   35.440090,       -5.26,
 140.320180,   35.440090,       -5.31,
 140.324685,   35.440090,       -5.36,
 140.329189,   35.440090,       -5.41,
 140.333694,   35.440090,       -5.46,
 140.338198,   35.440090,       -5.52,
 140.342703,   35.440090,       -5.57,
 140.347207,   35.440090,       -5.63,
 140.351712,   35.440090,       -5.69,
 140.356216,   35.440090,       -5.75,
 140.360721,   35.440090,       -5.81,
 140.365225,   35.440090,       -5.87,
 140.369730,   35.440090,       -5.93,
 140.374234,   35.440090,       -6.00,
 140.378739,   35.440090,       -6.06,
 140.383243,   35.440090,       -6.13,
 140.387748,   35.440090,       -6.19,
 139.140000,   35.444595,       10.40,
 139.144505,   35.444595,       10.02,
 139.149009,   35.444595,        9.65,
 139.153514,   35.444595,        9.29,
 139.158018,   35.444595,        8.93,
 139.162523,   35.444595,        8.57,
 139.167027,   35.444595,        8.23,
 139.171532,   35.444595,        7.88,
 139.176036,   35.444595,        7.54,
 139.180541,   35.444595,        7.21,
 139.185045,   35.444595,        6.88,
 139.189550,   35.444595,        6.56,
 139.194054,   35.444595,        6.24,
 139.198559,   35.444595,        5.93,
 139.203063,   35.444595,        5.62,
 139.207568,   35.444595,        5.32,
 139.212072,   35.444595,        5.02,
 139.216577,   35.444595,        4.73,
 139.221081,   35.444595,        4.44,
 139.225586,   35.444595,        4.16,
 139.230090,   35.444595,        3.89,
 139.234595,   35.444595,        3.61,
 139.239099,   35.444595,        3.35,
 139.243604,   35.444595,        3.09,
 139.248108,   35.444595,        2.83,
 139.252613,   35.444595,        2.58,
 139.257117,   35.444595,        2.34,
 139.261622,   35.444595,        2.10,
 139.266126,   35.444595,        1.87,
 139.270631,   35.444595,        1.64,
 139.275135,   35.444595,        1.41,
 139.279640,   35.444595,        1.20,
 139.284144,   35.444595,        0.98,
 139.288649,   35.444595,        0.78,
 139.293153,   35.444595,        0.57,
 139.297658,   35.444595,        0.38,
 139.302162,   35.444595,        0.18,
 139.306667,   35.444595,       -0.00,
 139.311171,   35.444595,       -0.19,
 139.315676,   35.444595,       -0.36,
 139.320180,   35.444595,       -0.53,
 139.324685,   35.444595,       -0.70,
 139.329189,   35.444595,       -0.86,
 139.333694,   35.444595,       -1.02,
 139.338198,   35.444595,       -1.17,
 139.342703,   35.444595,       -1.31,
 139.347207,   35.444595,       -1.45,
 139.351712,   35.444595,       -1.58,
 139.356216,   35.444595,       -1.71,
 139.360721,   35.444595,       -1.84,
 139.365225,   35.444595,       -1.96,
 139.369730,   35.444595,       -2.07,
 139.374234,   35.444595,       -2.18,
 139.378739,   35.444595,       -2.28,
 139.383243,   35.444595,       -2.38,
 139.387748,   35.444595,       -2.47,
 139.392252,   35.444595,       -2.56,
 139.396757,   35.444595,       -2.64,
 139.401261,   35.444595,       -2.72,
 139.405766,   35.444595,       -2.79,
 139.410270,   35.444595,       -2.86,
 139.414775,   35.444595,       -2.92,
 139.419279,   35.444595,       -2.97,
 139.423784,   35.444595,       -3.02,
 139.428288,   35.444595,       -3.07,
 139.432793,   35.444595,       -3.11,
 139.437297,   35.444595,       -3.15,
 139.441802,   35.444595,       -3.18,
 139.446306,   35.444595,       -3.20,
 139.450811,   35.444595,       -3.37,
 139.455315,   35.444595,       -4.09,
 139.459820,   35.444595,       -4.61,
 139.464324,   35.444595,       -4.70,
 139.468829,   35.444595,       -4.58,
 139.473333,   35.444595,       -4.46,
 139.477838,   35.444595,       -4.34,
 139.482342,   35.444595,       -4.22,
 139.486847,   35.444595,       -4.09,
 139.491351,   35.444595,       -3.96,
 139.495856,   35.444595,       -3.83,
 139.500360,   35.444595,       -3.69,
 139.504865,   35.444595,       -3.54,
 139.509369,   35.444595,       -3.40,
 139.513874,   35.444595,       -3.24,
 139.518378,   35.444595,       -3.08,
 139.522883,   35.444595,       -2.91,
 139.527387,   35.444595,       -2.73,
 139.531892,   35.444595,       -2.54,
 139.536396,   35.444595,       -2.35,
 139.540901,   35.444595,       -2.15,
 139.545405,   35.444595,       -1.96,
 139.549910,   35.444595,       -1.76,
 139.554414,   35.444595,       -1.55,
 139.558919,   35.444595,       -1.35,
 139.563423,   35.444595,       -1.14,
 139.567928,   35.444595,       -0.92,
 139.572432,   35.444595,       -0.70,
 139.576937,   35.444595,       -0.47,
 139.581441,   35.444595,       -0.24,
 139.585946,   35.444595,        0.00,
 139.590450,   35.444595,        0.25,
 139.594955,   35.444595,        0.51,
 139.599459,   35.444595,        0.77,
 139.603964,   35.444595,        1.03,
 139.608468,   35.444595,        1.29,
 139.612973,   35.444595,        1.55,
 139.617477,   35.444595,        1.82,
 139.621982,   35.444595,        2.08,
 139.626486,   35.444595,        2.34,
 139.630991,   35.444595,        2.62,
 139.635495,   35.444595,        2.89,
 139.640000,   35.444595,        3.00,
 139.644505,   35.444595,        2.76,
 139.649009,   35.444595,        2.46,
 139.653514,   35.444595,        2.24,
 139.658018,   35.444595,        2.12,
 139.662523,   35.444595,        2.06,
 139.667027,   35.444595,        1.95,
 139.671532,   35.444595,        1.97,
 139.676036,   35.444595,        1.65,
 139.680541,   35.444595,        1.23,
 139.685045,   35.444595,        0.98,
 139.689550,   35.444595,        0.78,
 139.694054,   35.444595,        0.76,
 139.698559,   35.444595,        0.78,
 139.703063,   35.444595,        0.85,
 139.707568,   35.444595,        0.89,
 139.712072,   35.444595,        0.89,
 139.716577,   35.444595,        0.86,
 139.721081,   35.444595,        0.81,
 139.725586,   35.444595,        0.74,
 139.730090,   35.444595,        0.68,
 139.734595,   35.444595,        0.63,
 139.739099,   35.444595,        0.59,
 139.743604,   35.444595,        0.58,
 139.748108,   35.444595,        0.57,
 139.752613,   35.444595,        0.56,
 139.757117,   35.444595,        0.57,
 139.761622,   35.444595,        0.59,
 139.766126,   35.444595,        0.61,
 139.770631,   35.444595,        0.65,
 139.775135,   35.444595,        0.69,
 139.779640,   35.444595,        0.73,
 139.784144,   35.444595,        0.79,
 139.788649,   35.444595,        0.88,
 139.793153,   35.444595,        0.95,
 139.797658,   35.444595,        0.98,
 139.802162,   35.444595,        1.02,
 139.806667,   35.444595,        1.07,
 139.811171,   35.444595,        1.09,
 139.815676,   35.444595,        1.11,
 139.820180,   35.444595,        1.14,
 139.824685,   35.444595,        1.16,
 139.829189,   35.444595,        1.17,
 139.833694,   35.444595,        1.16,
 139.838198,   35.444595,        1.16,
 139.842703,   35.444595,        1.15,
 139.847207,   35.444595,        1.15,
 139.851712,   35.444595,        1.15,
 139.856216,   35.444595,        1.16,
 139.860721,   35.444595,        1.18,
 139.865225,   35.444595,        1.22,
 139.869730,   35.444595,        1.23,
 139.874234,   35.444595,        1.22,
 139.878739,   35.444595,        1.14,
 139.883243,   35.444595,        1.00,
 139.887748,   35.444595,        0.87,
 139.892252,   35.444595,        0.73,
 139.896757,   35.444595,        0.54,
 139.901261,   35.444595,        0.23,
 139.905766,   35.444595,        0.04,
 139.910270,   35.444595,        0.00,
 139.914775,   35.444595,       -0.05,
 139.919279,   35.444595,       -0.09,
 139.923784,   35.444595,       -0.11,
 139.928288,   35.444595,       -0.13,
 139.932793,   35.444595,       -0.19,
 139.937297,   35.444595,       -0.29,
 139.941802,   35.444595,       -0.36,
 139.946306,   35.444595,       -0.43,
 139.950811,   35.444595,       -0.20,
 139.955315,   35.444595,        0.08,
 139.959820,   35.444595,        0.15,
 139.964324,   35.444595,        0.15,
 139.968829,   35.444595,        0.12,
 139.973333,   35.444595,        0.06,
 139.977838,   35.444595,       -0.01,
 139.982342,   35.444595,       -0.10,
 139.986847,   35.444595,       -0.19,
 139.991351,   35.444595,       -0.30,
 139.995856,   35.444595,       -0.40,
 140.000360,   35.444595,       -0.52,
 140.004865,   35.444595,       -0.64,
 140.009369,   35.444595,       -0.77,
 140.013874,   35.444595,       -0.89,
 140.018378,   35.444595,       -1.01,
 140.022883,   35.444595,       -1.13,
 140.027387,   35.444595,       -1.25,
 140.031892,   35.444595,       -1.37,
 140.036396,   35.444595,       -1.48,
 140.040901,   35.444595,       -1.60,
 140.045405,   35.444595,       -1.71,
 140.049910,   35.444595,       -1.82,
 140.054414,   35.444595,       -1.93,
 140.058919,   35.444595,       -2.03,
 140.063423,   35.444595,       -2.14,
 140.067928,   35.444595,       -2.24,
 140.072432,   35.444595,       -2.34,
 140.076937,   35.444595,       -2.43,
 140.081441,   35.444595,       -2.53,
 140.085946,   35.444595,       -2.62,
 140.090450,   35.444595,       -2.72,
 140.094955,   35.444595,       -2.81,
 140.099459,   35.444595,       -2.90,
 140.103964,   35.444595,       -2.99,
 140.108468,   35.444595,       -3.07,
 140.112973,   35.444595,       -3.14,
 140.117477,   35.444595,       -3.21,
 140.121982,   35.444595,       -3.28,
 140.126486,   35.444595,       -3.33,
 140.130991,   35.444595,       -3.39,
 140.135495,   35.444595,       -3.45,
 140.140000,   35.444595,       -3.50,
 140.144505,   35.444595,       -3.55,
 140.149009,   35.444595,       -3.61,
 140.153514,   35.444595,       -3.66,
 140.158018,   35.444595,       -3.70,
 140.162523,   35.444595,       -3.75,
 140.167027,   35.444595,       -3.80,
 140.171532,   35.444595,       -3.84,
 140.176036,   35.444595,       -3.88,
 140.180541,   35.444595,       -3.92,
 140.185045,   35.444595,       -3.96,
 140.189550,   35.444595,       -4.00,
 140.194054,   35.444595,       -4.03,
 140.198559,   35.444595,       -4.07,
 140.203063,   35.444595,       -4.10,
 140.207568,   35.444595,       -4.13,
 140.212072,   35.444595,       -4.16,
 140.216577,   35.444595,       -4.19,
 140.221081,   35.444595,       -4.22,
 140.225586,   35.444595,       -4.24,
 140.230090,   35.444595,       -4.27,
 140.234595,   35.444595,       -4.30,
 140.239099,   35.444595,       -4.33,
 140.243604,   35.444595,       -4.36,
 140.248108,   35.444595,       -4.40,
 140.252613,   35.444595,       -4.43,
 140.257117,   35.444595,       -4.47,
 140.261622,   35.444595,       -4.50,
 140.266126,   35.444595,       -4.54,
 140.270631,   35.444595,       -4.58,
 140.275135,   35.444595,       -4.62,
 140.279640,   35.444595,       -4.66,
 140.284144,   35.444595,       -4.70,
 140.288649,   35.444595,       -4.74,
 140.293153,   35.444595,       -4.79,
 140.297658,   35.444595,       -4.83,
 140.302162,   35.444595,       -4.88,
 140.306667,   35.444595,       -4.92,
 140.311171,   35.444595,       -4.97,
 140.315676,   35.444595,       -5.02,
 140.320180,   35.444595,       -5.07,
 140.324685,   35.444595,       -5.12,
 140.329189,   35.444595,       -5.17,
 140.333694,   35.444595,       -5.23,
 140.338198,   35.444595,       -5.28,
 140.342703,   35.444595,       -5.34,
 140.347207,   35.444595,       -5.39,
 140.351712,   35.444595,       -5.45,
 140.356216,   35.444595,       -5.51,
 140.360721,   35.444595,       -5.57,
 140.365225,   35.444595,       -5.63,
 140.369730,   35.444595,       -5.69,
 140.374234,   35.444595,       -5.75,
 140.378739,   35.444595,       -5.82,
 140.383243,   35.444595,       -5.88,
 140.387748,   35.444595,       -5.95,
 139.140000,   35.449099,       10.65,
 139.144505,   35.449099,       10.27,
 139.149009,   35.449099,        9.90,
 139.153514,   35.449099,        9.53,
 139.158018,   35.449099,        9.17,
 139.162523,   35.449099,        8.81,
 139.167027,   35.449099,        8.46,
 139.171532,   35.449099,        8.11,
 139.176036,   35.449099,        7.77,
 139.180541,   35.449099,        7.44,
 139.185045,   35.449099,        7.11,
 139.189550,   35.449099,        6.78,
 139.194054,   35.449099,        6.46,
 139.198559,   35.449099,        6.14,
 139.203063,   35.449099,        5.84,
 139.207568,   35.449099,        5.53,
 139.212072,   35.449099,        5.23,
 139.216577,   35.449099,        4.94,
 139.221081,   35.449099,        4.65,
 139.225586,   35.449099,        4.37,
 139.230090,   35.449099,        4.09,
 139.234595,   35.449099,        3.82,
 139.239099,   35.449099,        3.55,
 139.243604,   35.449099,        3.29,
 139.248108,   35.449099,        3.03,
 139.252613,   35.449099,        2.78,
 139.257117,   35.449099,        2.53,
 139.261622,   35.449099,        2.29,
 139.266126,   35.449099,        2.05,
 139.270631,   35.449099,        1.82,
 139.275135,   35.449099,        1.59,
 139.279640,   35.449099,        1.37,
 139.284144,   35.449099,        1.16,
 139.288649,   35.449099,        0.95,
 139.293153,   35.449099,        0.74,
 139.297658,   35.449099,        0.54,
 139.302162,   35.449099,        0.35,
 139.306667,   35.449099,        0.16,
 139.311171,   35.449099,       -0.02,
 139.315676,   35.449099,       -0.20,
 139.320180,   35.449099,       -0.37,
 139.324685,   35.449099,       -0.54,
 139.329189,   35.449099,       -0.71,
 139.333694,   35.449099,       -0.86,
 139.338198,   35.449099,       -1.02,
 139.342703,   35.449099,       -1.16,
 139.347207,   35.449099,       -1.31,
 139.351712,   35.449099,       -1.44,
 139.356216,   35.449099,       -1.57,
 139.360721,   35.449099,       -1.70,
 139.365225,   35.449099,       -1.82,
 139.369730,   35.449099,       -1.94,
 139.374234,   35.449099,       -2.05,
 139.378739,   35.449099,       -2.15,
 139.383243,   35.449099,       -2.25,
 139.387748,   35.449099,       -2.35,
 139.392252,   35.449099,       -2.44,
 139.396757,   35.449099,       -2.52,
 139.401261,   35.449099,       -2.60,
 139.405766,   35.449099,       -2.67,
 139.410270,   35.449099,       -2.74,
 139.414775,   35.449099,       -2.81,
 139.419279,   35.449099,       -2.86,
 139.423784,   35.449099,       -2.92,
 139.428288,   35.449099,       -2.96,
 139.432793,   35.449099,       -3.01,
 139.437297,   35.449099,       -3.04,
 139.441802,   35.449099,       -3.08,
 139.446306,   35.449099,       -3.10,
 139.450811,   35.449099,       -3.12,
 139.455315,   35.449099,       -3.14,
 139.459820,   35.449099,       -3.66,
 139.464324,   35.449099,       -4.28,
 139.468829,   35.449099,       -4.62,
 139.473333,   35.449099,       -4.53,
 139.477838,   35.449099,       -4.41,
 139.482342,   35.449099,       -4.28,
 139.486847,   35.449099,       -4.16,
 139.491351,   35.449099,       -4.03,
 139.495856,   35.449099,       -3.90,
 139.500360,   35.449099,       -3.77,
 139.504865,   35.449099,       -3.63,
 139.509369,   35.449099,       -3.49,
 139.513874,   35.449099,       -3.34,
 139.518378,   35.449099,       -3.18,
 139.522883,   35.449099,       -3.02,
 139.527387,   35.449099,       -2.86,
 139.531892,   35.449099,       -2.68,
 139.536396,   35.449099,       -2.49,
 139.540901,   35.449099,       -2.30,
 139.545405,   35.449099,       -2.10,
 139.549910,   35.449099,       -1.90,
 139.554414,   35.449099,       -1.70,
 139.558919,   35.449099,       -1.50,
 139.563423,   35.449099,       -1.29,
 139.567928,   35.449099,       -1.08,
 139.572432,   35.449099,       -0.86,
 139.576937,   35.449099,       -0.64,
 139.581441,   35.449099,       -0.41,
 139.585946,   35.449099,       -0.18,
 139.590450,   35.449099,        0.07,
 139.594955,   35.449099,        0.32,
 139.599459,   35.449099,        0.57,
 139.603964,   35.449099,        0.84,
 139.608468,   35.449099,        1.10,
 139.612973,   35.449099,        1.36,
 139.617477,   35.449099,        1.62,
 139.621982,   35.449099,        1.88,
 139.626486,   35.449099,        2.13,
 139.630991,   35.449099,        2.39,
 139.635495,   35.449099,        2.65,
 139.640000,   35.449099,        2.74,
 139.644505,   35.449099,        2.46,
 139.649009,   35.449099,        2.17,
 139.653514,   35.449099,        1.94,
 139.658018,   35.449099,        1.97,
 139.662523,   35.449099,        2.11,
 139.667027,   35.449099,        2.14,
 139.671532,   35.449099,        2.01,
 139.676036,   35.449099,        1.55,
 139.680541,   35.449099,        1.17,
 139.685045,   35.449099,        0.91,
 139.689550,   35.449099,        0.75,
 139.694054,   35.449099,        0.64,
 139.698559,   35.449099,        0.65,
 139.703063,   35.449099,        0.65,
 139.707568,   35.449099,        0.65,
 139.712072,   35.449099,        0.61,
 139.716577,   35.449099,        0.55,
 139.721081,   35.449099,        0.49,
 139.725586,   35.449099,        0.43,
 139.730090,   35.449099,        0.37,
 139.734595,   35.449099,        0.33,
 139.739099,   35.449099,        0.28,
 139.743604,   35.449099,        0.25,
 139.748108,   35.449099,        0.24,
 139.752613,   35.449099,        0.22,
 139.757117,   35.449099,        0.23,
 139.761622,   35.449099,        0.26,
 139.766126,   35.449099,        0.30,
 139.770631,   35.449099,        0.35,
 139.775135,   35.449099,        0.40,
 139.779640,   35.449099,        0.45,
 139.784144,   35.449099,        0.52,
 139.788649,   35.449099,        0.62,
 139.793153,   35.449099,        0.71,
 139.797658,   35.449099,        0.79,
 139.802162,   35.449099,        0.84,
 139.806667,   35.449099,        0.91,
 139.811171,   35.449099,        0.98,
 139.815676,   35.449099,        1.02,
 139.820180,   35.449099,        1.06,
 139.824685,   35.449099,        1.11,
 139.829189,   35.449099,        1.11,
 139.833694,   35.449099,        1.10,
 139.838198,   35.449099,        1.09,
 139.842703,   35.449099,        1.10,
 139.847207,   35.449099,        1.10,
 139.851712,   35.449099,        1.10,
 139.856216,   35.449099,        1.12,
 139.860721,   35.449099,        1.14,
 139.865225,   35.449099,        1.16,
 139.869730,   35.449099,        1.18,
 139.874234,   35.449099,        1.16,
 139.878739,   35.449099,        1.09,
 139.883243,   35.449099,        0.95,
 139.887748,   35.449099,        0.77,
 139.892252,   35.449099,        0.61,
 139.896757,   35.449099,        0.46,
 139.901261,   35.449099,        0.29,
 139.905766,   35.449099,        0.14,
 139.910270,   35.449099,        0.05,
 139.914775,   35.449099,       -0.02,
 139.919279,   35.449099,       -0.08,
 139.923784,   35.449099,       -0.08,
 139.928288,   35.449099,       -0.08,
 139.932793,   35.449099,       -0.09,
 139.937297,   35.449099,       -0.17,
 139.941802,   35.449099,       -0.25,
 139.946306,   35.449099,       -0.30,
 139.950811,   35.449099,       -0.28,
 139.955315,   35.449099,       -0.04,
 139.959820,   35.449099,        0.23,
 139.964324,   35.449099,        0.29,
 139.968829,   35.449099,        0.29,
 139.973333,   35.449099,        0.25,
 139.977838,   35.449099,        0.19,
 139.982342,   35.449099,        0.11,
 139.986847,   35.449099,        0.03,
 139.991351,   35.449099,       -0.07,
 139.995856,   35.449099,       -0.18,
 140.000360,   35.449099,       -0.29,
 140.004865,   35.449099,       -0.41,
 140.009369,   35.449099,       -0.53,
 140.013874,   35.449099,       -0.66,
 140.018378,   35.449099,       -0.78,
 140.022883,   35.449099,       -0.90,
 140.027387,   35.449099,       -1.02,
 140.031892,   35.449099,       -1.14,
 140.036396,   35.449099,       -1.26,
 140.040901,   35.449099,       -1.37,
 140.045405,   35.449099,       -1.49,
 140.049910,   35.449099,       -1.60,
 140.054414,   35.449099,       -1.71,
 140.058919,   35.449099,       -1.82,
 140.063423,   35.449099,       -1.92,
 140.067928,   35.449099,       -2.02,
 140.072432,   35.449099,       -2.12,
 140.076937,   35.449099,       -2.22,
 140.081441,   35.449099,       -2.32,
 140.085946,   35.449099,       -2.41,
 140.090450,   35.449099,       -2.50,
 140.094955,   35.449099,       -2.60,
 140.099459,   35.449099,       -2.69,
 140.103964,   35.449099,       -2.78,
 140.108468,   35.449099,       -2.86,
 140.112973,   35.449099,       -2.93,
 140.117477,   35.449099,       -3.00,
 140.121982,   35.449099,       -3.06,
 140.126486,   35.449099,       -3.12,
 140.130991,   35.449099,       -3.17,
 140.135495,   35.449099,       -3.23,
 140.140000,   35.449099,       -3.28,
 140.144505,   35.449099,       -3.34,
 140.149009,   35.449099,       -3.39,
 140.153514,   35.449099,       -3.44,
 140.158018,   35.449099,       -3.48,
 140.162523,   35.449099,       -3.53,
 140.167027,   35.449099,       -3.58,
 140.171532,   35.449099,       -3.62,
 140.176036,   35.449099,       -3.66,
 140.180541,   35.449099,       -3.70,
 140.185045,   35.449099,       -3.74,
 140.189550,   35.449099,       -3.78,
 140.194054,   35.449099,       -3.81,
 140.198559,   35.449099,       -3.85,
 140.203063,   35.449099,       -3.88,
 140.207568,   35.449099,       -3.91,
 140.212072,   35.449099,       -3.94,
 140.216577,   35.449099,       -3.96,
 140.221081,   35.449099,       -3.99,
 140.225586,   35.449099,       -4.01,
 140.230090,   35.449099,       -4.04,
 140.234595,   35.449099,       -4.07,
 140.239099,   35.449099,       -4.10,
 140.243604,   35.449099,       -4.13,
 140.248108,   35.449099,       -4.17,
 140.252613,   35.449099,       -4.20,
 140.257117,   35.449099,       -4.24,
 140.261622,   35.449099,       -4.27,
 140.266126,   35.449099,       -4.31,
 140.270631,   35.449099,       -4.35,
 140.275135,   35.449099,       -4.39,
 140.279640,   35.449099,       -4.43,
 140.284144,   35.449099,       -4.47,
 140.288649,   35.449099,       -4.51,
 140.293153,   35.449099,       -4.55,
 140.297658,   35.449099,       -4.60,
 140.302162,   35.449099,       -4.64,
 140.306667,   35.449099,       -4.69,
 140.311171,   35.449099,       -4.74,
 140.315676,   35.449099,       -4.78,
 140.320180,   35.449099,       -4.83,
 140.324685,   35.449099,       -4.88,
 140.329189,   35.449099,       -4.94,
 140.333694,   35.449099,       -4.99,
 140.338198,   35.449099,       -5.04,
 140.342703,   35.449099,       -5.10,
 140.347207,   35.449099,       -5.15,
 140.351712,   35.449099,       -5.21,
 140.356216,   35.449099,       -5.27,
 140.360721,   35.449099,       -5.33,
 140.365225,   35.449099,       -5.39,
 140.369730,   35.449099,       -5.45,
 140.374234,   35.449099,       -5.51,
 140.378739,   35.449099,       -5.58,
 140.383243,   35.449099,       -5.64,
 140.387748,   35.449099,       -5.71,
 139.140000,   35.453604,       10.89,
 139.144505,   35.453604,       10.51,
 139.149009,   35.453604,       10.13,
 139.153514,   35.453604,        9.76,
 139.158018,   35.453604,        9.40,
 139.162523,   35.453604,        9.04,
 139.167027,   35.453604,        8.69,
 139.171532,   35.453604,        8.34,
 139.176036,   35.453604,        8.00,
 139.180541,   35.453604,        7.66,
 139.185045,   35.453604,        7.32,
 139.189550,   35.453604,        7.00,
 139.194054,   35.453604,        6.67,
 139.198559,   35.453604,        6.36,
 139.203063,   35.453604,        6.05,
 139.207568,   35.453604,        5.74,
 139.212072,   35.453604,        5.44,
 139.216577,   35.453604,        5.14,
 139.221081,   35.453604,        4.85,
 139.225586,   35.453604,        4.57,
 139.230090,   35.453604,        4.29,
 139.234595,   35.453604,        4.01,
 139.239099,   35.453604,        3.74,
 139.243604,   35.453604,        3.48,
 139.248108,   35.453604,        3.22,
 139.252613,   35.453604,        2.96,
 139.257117,   35.453604,        2.71,
 139.261622,   35.453604,        2.47,
 139.266126,   35.453604,        2.23,
 139.270631,   35.453604,        2.00,
 139.275135,   35.453604,        1.77,
 139.279640,   35.453604,        1.55,
 139.284144,   35.453604,        1.33,
 139.288649,   35.453604,        1.12,
 139.293153,   35.453604,        0.91,
 139.297658,   35.453604,        0.71,
 139.302162,   35.453604,        0.51,
 139.306667,   35.453604,        0.32,
 139.311171,   35.453604,        0.13,
 139.315676,   35.453604,       -0.05,
 139.320180,   35.453604,       -0.22,
 139.324685,   35.453604,       -0.39,
 139.329189,   35.453604,       -0.56,
 139.333694,   35.453604,       -0.72,
 139.338198,   35.453604,       -0.87,
 139.342703,   35.453604,       -1.02,
 139.347207,   35.453604,       -1.17,
 139.351712,   35.453604,       -1.30,
 139.356216,   35.453604,       -1.44,
 139.360721,   35.453604,       -1.57,
 139.365225,   35.453604,       -1.69,
 139.369730,   35.453604,       -1.81,
 139.374234,   35.453604,       -1.92,
 139.378739,   35.453604,       -2.03,
 139.383243,   35.453604,       -2.13,
 139.387748,   35.453604,       -2.23,
 139.392252,   35.453604,       -2.32,
 139.396757,   35.453604,       -2.41,
 139.401261,   35.453604,       -2.49,
 139.405766,   35.453604,       -2.56,
 139.410270,   35.453604,       -2.63,
 139.414775,   35.453604,       -2.70,
 139.419279,   35.453604,       -2.76,
 139.423784,   35.453604,       -2.82,
 139.428288,   35.453604,       -2.86,
 139.432793,   35.453604,       -2.91,
 139.437297,   35.453604,       -2.95,
 139.441802,   35.453604,       -2.98,
 139.446306,   35.453604,       -3.01,
 139.450811,   35.453604,       -3.04,
 139.455315,   35.453604,       -3.05,
 139.459820,   35.453604,       -3.07,
 139.464324,   35.453604,       -3.21,
 139.468829,   35.453604,       -3.90,
 139.473333,   35.453604,       -4.40,
 139.477838,   35.453604,       -4.47,
 139.482342,   35.453604,       -4.35,
 139.486847,   35.453604,       -4.23,
 139.491351,   35.453604,       -4.10,
 139.495856,   35.453604,       -3.98,
 139.500360,   35.453604,       -3.85,
 139.504865,   35.453604,       -3.71,
 139.509369,   35.453604,       -3.57,
 139.513874,   35.453604,       -3.43,
 139.518378,   35.453604,       -3.28,
 139.522883,   35.453604,       -3.13,
 139.527387,   35.453604,       -2.97,
 139.531892,   35.453604,       -2.80,
 139.536396,   35.453604,       -2.63,
 139.540901,   35.453604,       -2.44,
 139.545405,   35.453604,       -2.25,
 139.549910,   35.453604,       -2.05,
 139.554414,   35.453604,       -1.85,
 139.558919,   35.453604,       -1.65,
 139.563423,   35.453604,       -1.44,
 139.567928,   35.453604,       -1.23,
 139.572432,   35.453604,       -1.02,
 139.576937,   35.453604,       -0.80,
 139.581441,   35.453604,       -0.58,
 139.585946,   35.453604,       -0.35,
 139.590450,   35.453604,       -0.12,
 139.594955,   35.453604,        0.13,
 139.599459,   35.453604,        0.38,
 139.603964,   35.453604,        0.64,
 139.608468,   35.453604,        0.90,
 139.612973,   35.453604,        1.16,
 139.617477,   35.453604,        1.42,
 139.621982,   35.453604,        1.68,
 139.626486,   35.453604,        1.93,
 139.630991,   35.453604,        2.17,
 139.635495,   35.453604,        2.42,
 139.640000,   35.453604,        2.48,
 139.644505,   35.453604,        2.18,
 139.649009,   35.453604,        1.90,
 139.653514,   35.453604,        1.84,
 139.658018,   35.453604,        1.99,
 139.662523,   35.453604,        2.13,
 139.667027,   35.453604,        2.17,
 139.671532,   35.453604,        1.92,
 139.676036,   35.453604,        1.46,
 139.680541,   35.453604,        1.15,
 139.685045,   35.453604,        0.93,
 139.689550,   35.453604,        0.77,
 139.694054,   35.453604,        0.64,
 139.698559,   35.453604,        0.58,
 139.703063,   35.453604,        0.53,
 139.707568,   35.453604,        0.47,
 139.712072,   35.453604,        0.36,
 139.716577,   35.453604,        0.27,
 139.721081,   35.453604,        0.21,
 139.725586,   35.453604,        0.15,
 139.730090,   35.453604,        0.11,
 139.734595,   35.453604,        0.06,
 139.739099,   35.453604,        0.02,
 139.743604,   35.453604,       -0.02,
 139.748108,   35.453604,       -0.05,
 139.752613,   35.453604,       -0.10,
 139.757117,   35.453604,       -0.09,
 139.761622,   35.453604,       -0.05,
 139.766126,   35.453604,       -0.03,
 139.770631,   35.453604,        0.02,
 139.775135,   35.453604,        0.09,
 139.779640,   35.453604,        0.16,
 139.784144,   35.453604,        0.25,
 139.788649,   35.453604,        0.35,
 139.793153,   35.453604,        0.45,
 139.797658,   35.453604,        0.53,
 139.802162,   35.453604,        0.61,
 139.806667,   35.453604,        0.70,
 139.811171,   35.453604,        0.80,
 139.815676,   35.453604,        0.87,
 139.820180,   35.453604,        0.92,
 139.824685,   35.453604,        0.96,
 139.829189,   35.453604,        0.99,
 139.833694,   35.453604,        1.02,
 139.838198,   35.453604,        1.03,
 139.842703,   35.453604,        1.03,
 139.847207,   35.453604,        1.03,
 139.851712,   35.453604,        1.04,
 139.856216,   35.453604,        1.05,
 139.860721,   35.453604,        1.07,
 139.865225,   35.453604,        1.09,
 139.869730,   35.453604,        1.11,
 139.874234,   35.453604,        1.10,
 139.878739,   35.453604,        1.03,
 139.883243,   35.453604,        0.90,
 139.887748,   35.453604,        0.72,
 139.892252,   35.453604,        0.53,
 139.896757,   35.453604,        0.35,
 139.901261,   35.453604,        0.24,
 139.905766,   35.453604,        0.13,
 139.910270,   35.453604,        0.05,
 139.914775,   35.453604,       -0.00,
 139.919279,   35.453604,       -0.03,
 139.923784,   35.453604,       -0.01,
 139.928288,   35.453604,       -0.01,
 139.932793,   35.453604,       -0.01,
 139.937297,   35.453604,       -0.01,
 139.941802,   35.453604,       -0.08,
 139.946306,   35.453604,       -0.12,
 139.950811,   35.453604,       -0.14,
 139.955315,   35.453604,        0.01,
 139.959820,   35.453604,        0.15,
 139.964324,   35.453604,        0.40,
 139.968829,   35.453604,        0.44,
 139.973333,   35.453604,        0.43,
 139.977838,   35.453604,        0.39,
 139.982342,   35.453604,        0.32,
 139.986847,   35.453604,        0.25,
 139.991351,   35.453604,        0.16,
 139.995856,   35.453604,        0.05,
 140.000360,   35.453604,       -0.06,
 140.004865,   35.453604,       -0.18,
 140.009369,   35.453604,       -0.30,
 140.013874,   35.453604,       -0.43,
 140.018378,   35.453604,       -0.55,
 140.022883,   35.453604,       -0.67,
 140.027387,   35.453604,       -0.80,
 140.031892,   35.453604,       -0.92,
 140.036396,   35.453604,       -1.04,
 140.040901,   35.453604,       -1.15,
 140.045405,   35.453604,       -1.27,
 140.049910,   35.453604,       -1.38,
 140.054414,   35.453604,       -1.49,
 140.058919,   35.453604,       -1.60,
 140.063423,   35.453604,       -1.70,
 140.067928,   35.453604,       -1.81,
 140.072432,   35.453604,       -1.91,
 140.076937,   35.453604,       -2.01,
 140.081441,   35.453604,       -2.10,
 140.085946,   35.453604,       -2.20,
 140.090450,   35.453604,       -2.29,
 140.094955,   35.453604,       -2.39,
 140.099459,   35.453604,       -2.48,
 140.103964,   35.453604,       -2.57,
 140.108468,   35.453604,       -2.65,
 140.112973,   35.453604,       -2.72,
 140.117477,   35.453604,       -2.78,
 140.121982,   35.453604,       -2.84,
 140.126486,   35.453604,       -2.90,
 140.130991,   35.453604,       -2.96,
 140.135495,   35.453604,       -3.01,
 140.140000,   35.453604,       -3.07,
 140.144505,   35.453604,       -3.12,
 140.149009,   35.453604,       -3.17,
 140.153514,   35.453604,       -3.22,
 140.158018,   35.453604,       -3.27,
 140.162523,   35.453604,       -3.31,
 140.167027,   35.453604,       -3.36,
 140.171532,   35.453604,       -3.40,
 140.176036,   35.453604,       -3.44,
 140.180541,   35.453604,       -3.48,
 140.185045,   35.453604,       -3.52,
 140.189550,   35.453604,       -3.55,
 140.194054,   35.453604,       -3.59,
 140.198559,   35.453604,       -3.62,
 140.203063,   35.453604,       -3.65,
 140.207568,   35.453604,       -3.68,
 140.212072,   35.453604,       -3.71,
 140.216577,   35.453604,       -3.73,
 140.221081,   35.453604,       -3.76,
 140.225586,   35.453604,       -3.79,
 140.230090,   35.453604,       -3.81,
 140.234595,   35.453604,       -3.84,
 140.239099,   35.453604,       -3.87,
 140.243604,   35.453604,       -3.90,
 140.248108,   35.453604,       -3.94,
 140.252613,   35.453604,       -3.97,
 140.257117,   35.453604,       -4.00,
 140.261622,   35.453604,       -4.04,
 140.266126,   35.453604,       -4.08,
 140.270631,   35.453604,       -4.11,
 140.275135,   35.453604,       -4.15,
 140.279640,   35.453604,       -4.19,
 140.284144,   35.453604,       -4.23,
 140.288649,   35.453604,       -4.27,
 140.293153,   35.453604,       -4.32,
 140.297658,   35.453604,       -4.36,
 140.302162,   35.453604,       -4.41,
 140.306667,   35.453604,       -4.45,
 140.311171,   35.453604,       -4.50,
 140.315676,   35.453604,       -4.55,
 140.320180,   35.453604,       -4.60,
 140.324685,   35.453604,       -4.65,
 140.329189,   35.453604,       -4.70,
 140.333694,   35.453604,       -4.75,
 140.338198,   35.453604,       -4.80,
 140.342703,   35.453604,       -4.86,
 140.347207,   35.453604,       -4.91,
 140.351712,   35.453604,       -4.97,
 140.356216,   35.453604,       -5.03,
 140.360721,   35.453604,       -5.09,
 140.365225,   35.453604,       -5.15,
 140.369730,   35.453604,       -5.21,
 140.374234,   35.453604,       -5.27,
 140.378739,   35.453604,       -5.33,
 140.383243,   35.453604,       -5.40,
 140.387748,   35.453604,       -5.46,
 139.140000,   35.458108,       11.12,
 139.144505,   35.458108,       10.74,
 139.149009,   35.458108,       10.36,
 139.153514,   35.458108,        9.99,
 139.158018,   35.458108,        9.63,
 139.162523,   35.458108,        9.27,
 139.167027,   35.458108,        8.91,
 139.171532,   35.458108,        8.56,
 139.176036,   35.458108,        8.21,
 139.180541,   35.458108,        7.87,
 139.185045,   35.458108,        7.54,
 139.189550,   35.458108,        7.21,
 139.194054,   35.458108,        6.88,
 139.198559,   35.458108,        6.57,
 139.203063,   35.458108,        6.25,
 139.207568,   35.458108,        5.94,
 139.212072,   35.458108,        5.64,
 139.216577,   35.458108,        5.34,
 139.221081,   35.458108,        5.05,
 139.225586,   35.458108,        4.76,
 139.230090,   35.458108,        4.48,
 139.234595,   35.458108,        4.20,
 139.239099,   35.458108,        3.93,
 139.243604,   35.458108,        3.66,
 139.248108,   35.458108,        3.40,
 139.252613,   35.458108,        3.14,
 139.257117,   35.458108,        2.89,
 139.261622,   35.458108,        2.65,
 139.266126,   35.458108,        2.41,
 139.270631,   35.458108,        2.17,
 139.275135,   35.458108,        1.94,
 139.279640,   35.458108,        1.71,
 139.284144,   35.458108,        1.50,
 139.288649,   35.458108,        1.28,
 139.293153,   35.458108,        1.07,
 139.297658,   35.458108,        0.87,
 139.302162,   35.458108,        0.67,
 139.306667,   35.458108,        0.48,
 139.311171,   35.458108,        0.29,
 139.315676,   35.458108,        0.10,
 139.320180,   35.458108,       -0.07,
 139.324685,   35.458108,       -0.25,
 139.329189,   35.458108,       -0.41,
 139.333694,   35.458108,       -0.58,
 139.338198,   35.458108,       -0.73,
 139.342703,   35.458108,       -0.88,
 139.347207,   35.458108,       -1.03,
 139.351712,   35.458108,       -1.17,
 139.356216,   35.458108,       -1.31,
 139.360721,   35.458108,       -1.44,
 139.365225,   35.458108,       -1.56,
 139.369730,   35.458108,       -1.68,
 139.374234,   35.458108,       -1.80,
 139.378739,   35.458108,       -1.91,
 139.383243,   35.458108,       -2.01,
 139.387748,   35.458108,       -2.11,
 139.392252,   35.458108,       -2.21,
 139.396757,   35.458108,       -2.30,
 139.401261,   35.458108,       -2.38,
 139.405766,   35.458108,       -2.46,
 139.410270,   35.458108,       -2.53,
 139.414775,   35.458108,       -2.60,
 139.419279,   35.458108,       -2.66,
 139.423784,   35.458108,       -2.72,
 139.428288,   35.458108,       -2.77,
 139.432793,   35.458108,       -2.82,
 139.437297,   35.458108,       -2.86,
 139.441802,   35.458108,       -2.90,
 139.446306,   35.458108,       -2.93,
 139.450811,   35.458108,       -2.95,
 139.455315,   35.458108,       -2.97,
 139.459820,   35.458108,       -2.99,
 139.464324,   35.458108,       -3.00,
 139.468829,   35.458108,       -3.00,
 139.473333,   35.458108,       -3.49,
 139.477838,   35.458108,       -4.09,
 139.482342,   35.458108,       -4.39,
 139.486847,   35.458108,       -4.30,
 139.491351,   35.458108,       -4.17,
 139.495856,   35.458108,       -4.05,
 139.500360,   35.458108,       -3.92,
 139.504865,   35.458108,       -3.79,
 139.509369,   35.458108,       -3.65,
 139.513874,   35.458108,       -3.52,
 139.518378,   35.458108,       -3.37,
 139.522883,   35.458108,       -3.23,
 139.527387,   35.458108,       -3.07,
 139.531892,   35.458108,       -2.91,
 139.536396,   35.458108,       -2.75,
 139.540901,   35.458108,       -2.57,
 139.545405,   35.458108,       -2.39,
 139.549910,   35.458108,       -2.20,
 139.554414,   35.458108,       -2.00,
 139.558919,   35.458108,       -1.80,
 139.563423,   35.458108,       -1.60,
 139.567928,   35.458108,       -1.39,
 139.572432,   35.458108,       -1.18,
 139.576937,   35.458108,       -0.97,
 139.581441,   35.458108,       -0.75,
 139.585946,   35.458108,       -0.52,
 139.590450,   35.458108,       -0.29,
 139.594955,   35.458108,       -0.06,
 139.599459,   35.458108,        0.19,
 139.603964,   35.458108,        0.44,
 139.608468,   35.458108,        0.70,
 139.612973,   35.458108,        0.96,
 139.617477,   35.458108,        1.22,
 139.621982,   35.458108,        1.48,
 139.626486,   35.458108,        1.73,
 139.630991,   35.458108,        1.96,
 139.635495,   35.458108,        2.19,
 139.640000,   35.458108,        2.19,
 139.644505,   35.458108,        1.97,
 139.649009,   35.458108,        1.80,
 139.653514,   35.458108,        1.85,
 139.658018,   35.458108,        1.95,
 139.662523,   35.458108,        2.06,
 139.667027,   35.458108,        2.09,
 139.671532,   35.458108,        1.82,
 139.676036,   35.458108,        1.50,
 139.680541,   35.458108,        1.18,
 139.685045,   35.458108,        0.99,
 139.689550,   35.458108,        0.89,
 139.694054,   35.458108,        0.78,
 139.698559,   35.458108,        0.62,
 139.703063,   35.458108,        0.50,
 139.707568,   35.458108,        0.41,
 139.712072,   35.458108,        0.27,
 139.716577,   35.458108,        0.09,
 139.721081,   35.458108,        0.01,
 139.725586,   35.458108,       -0.01,
 139.730090,   35.458108,       -0.05,
 139.734595,   35.458108,       -0.08,
 139.739099,   35.458108,       -0.15,
 139.743604,   35.458108,       -0.26,
 139.748108,   35.458108,       -0.29,
 139.752613,   35.458108,       -0.32,
 139.757117,   35.458108,       -0.33,
 139.761622,   35.458108,       -0.32,
 139.766126,   35.458108,       -0.32,
 139.770631,   35.458108,       -0.28,
 139.775135,   35.458108,       -0.20,
 139.779640,   35.458108,       -0.12,
 139.784144,   35.458108,       -0.02,
 139.788649,   35.458108,        0.08,
 139.793153,   35.458108,        0.19,
 139.797658,   35.458108,        0.29,
 139.802162,   35.458108,        0.38,
 139.806667,   35.458108,        0.48,
 139.811171,   35.458108,        0.60,
 139.815676,   35.458108,        0.71,
 139.820180,   35.458108,        0.76,
 139.824685,   35.458108,        0.80,
 139.829189,   35.458108,        0.84,
 139.833694,   35.458108,        0.89,
 139.838198,   35.458108,        0.94,
 139.842703,   35.458108,        0.94,
 139.847207,   35.458108,        0.94,
 139.851712,   35.458108,        0.95,
 139.856216,   35.458108,        0.97,
 139.860721,   35.458108,        0.99,
 139.865225,   35.458108,        1.01,
 139.869730,   35.458108,        1.01,
 139.874234,   35.458108,        0.99,
 139.878739,   35.458108,        0.94,
 139.883243,   35.458108,        0.83,
 139.887748,   35.458108,        0.67,
 139.892252,   35.458108,        0.47,
 139.896757,   35.458108,        0.27,
 139.901261,   35.458108,        0.14,
 139.905766,   35.458108,        0.04,
 139.910270,   35.458108,       -0.02,
 139.914775,   35.458108,       -0.05,
 139.919279,   35.458108,       -0.06,
 139.923784,   35.458108,       -0.05,
 139.928288,   35.458108,       -0.01,
 139.932793,   35.458108,        0.02,
 139.937297,   35.458108,        0.04,
 139.941802,   35.458108,        0.05,
 139.946306,   35.458108,        0.07,
 139.950811,   35.458108,        0.16,
 139.955315,   35.458108,        0.17,
 139.959820,   35.458108,        0.29,
 139.964324,   35.458108,        0.42,
 139.968829,   35.458108,        0.59,
 139.973333,   35.458108,        0.60,
 139.977838,   35.458108,        0.58,
 139.982342,   35.458108,        0.53,
 139.986847,   35.458108,        0.47,
 139.991351,   35.458108,        0.39,
 139.995856,   35.458108,        0.29,
 140.000360,   35.458108,        0.18,
 140.004865,   35.458108,        0.06,
 140.009369,   35.458108,       -0.06,
 140.013874,   35.458108,       -0.19,
 140.018378,   35.458108,       -0.32,
 140.022883,   35.458108,       -0.44,
 140.027387,   35.458108,       -0.57,
 140.031892,   35.458108,       -0.69,
 140.036396,   35.458108,       -0.81,
 140.040901,   35.458108,       -0.93,
 140.045405,   35.458108,       -1.05,
 140.049910,   35.458108,       -1.16,
 140.054414,   35.458108,       -1.27,
 140.058919,   35.458108,       -1.38,
 140.063423,   35.458108,       -1.49,
 140.067928,   35.458108,       -1.59,
 140.072432,   35.458108,       -1.70,
 140.076937,   35.458108,       -1.79,
 140.081441,   35.458108,       -1.89,
 140.085946,   35.458108,       -1.99,
 140.090450,   35.458108,       -2.08,
 140.094955,   35.458108,       -2.18,
 140.099459,   35.458108,       -2.27,
 140.103964,   35.458108,       -2.36,
 140.108468,   35.458108,       -2.44,
 140.112973,   35.458108,       -2.51,
 140.117477,   35.458108,       -2.57,
 140.121982,   35.458108,       -2.63,
 140.126486,   35.458108,       -2.69,
 140.130991,   35.458108,       -2.74,
 140.135495,   35.458108,       -2.80,
 140.140000,   35.458108,       -2.85,
 140.144505,   35.458108,       -2.90,
 140.149009,   35.458108,       -2.95,
 140.153514,   35.458108,       -3.00,
 140.158018,   35.458108,       -3.05,
 140.162523,   35.458108,       -3.09,
 140.167027,   35.458108,       -3.14,
 140.171532,   35.458108,       -3.18,
 140.176036,   35.458108,       -3.22,
 140.180541,   35.458108,       -3.26,
 140.185045,   35.458108,       -3.30,
 140.189550,   35.458108,       -3.33,
 140.194054,   35.458108,       -3.37,
 140.198559,   35.458108,       -3.40,
 140.203063,   35.458108,       -3.43,
 140.207568,   35.458108,       -3.46,
 140.212072,   35.458108,       -3.48,
 140.216577,   35.458108,       -3.50,
 140.221081,   35.458108,       -3.53,
 140.225586,   35.458108,       -3.56,
 140.230090,   35.458108,       -3.58,
 140.234595,   35.458108,       -3.61,
 140.239099,   35.458108,       -3.64,
 140.243604,   35.458108,       -3.67,
 140.248108,   35.458108,       -3.70,
 140.252613,   35.458108,       -3.74,
 140.257117,   35.458108,       -3.77,
 140.261622,   35.458108,       -3.81,
 140.266126,   35.458108,       -3.84,
 140.270631,   35.458108,       -3.88,
 140.275135,   35.458108,       -3.92,
 140.279640,   35.458108,       -3.96,
 140.284144,   35.458108,       -4.00,
 140.288649,   35.458108,       -4.04,
 140.293153,   35.458108,       -4.08,
 140.297658,   35.458108,       -4.12,
 140.302162,   35.458108,       -4.17,
 140.306667,   35.458108,       -4.21,
 140.311171,   35.458108,       -4.26,
 140.315676,   35.458108,       -4.31,
 140.320180,   35.458108,       -4.36,
 140.324685,   35.458108,       -4.41,
 140.329189,   35.458108,       -4.46,
 140.333694,   35.458108,       -4.51,
 140.338198,   35.458108,       -4.56,
 140.342703,   35.458108,       -4.62,
 140.347207,   35.458108,       -4.67,
 140.351712,   35.458108,       -4.73,
 140.356216,   35.458108,       -4.79,
 140.360721,   35.458108,       -4.85,
 140.365225,   35.458108,       -4.90,
 140.369730,   35.458108,       -4.97,
 140.374234,   35.458108,       -5.03,
 140.378739,   35.458108,       -5.09,
 140.383243,   35.458108,       -5.15,
 140.387748,   35.458108,       -5.22,
 139.140000,   35.462613,       11.35,
 139.144505,   35.462613,       10.97,
 139.149009,   35.462613,       10.59,
 139.153514,   35.462613,       10.22,
 139.158018,   35.462613,        9.85,
 139.162523,   35.462613,        9.49,
 139.167027,   35.462613,        9.13,
 139.171532,   35.462613,        8.77,
 139.176036,   35.462613,        8.43,
 139.180541,   35.462613,        8.08,
 139.185045,   35.462613,        7.75,
 139.189550,   35.462613,        7.42,
 139.194054,   35.462613,        7.09,
 139.198559,   35.462613,        6.77,
 139.203063,   35.462613,        6.45,
 139.207568,   35.462613,        6.14,
 139.212072,   35.462613,        5.83,
 139.216577,   35.462613,        5.53,
 139.221081,   35.462613,        5.24,
 139.225586,   35.462613,        4.95,
 139.230090,   35.462613,        4.66,
 139.234595,   35.462613,        4.38,
 139.239099,   35.462613,        4.11,
 139.243604,   35.462613,        3.84,
 139.248108,   35.462613,        3.58,
 139.252613,   35.462613,        3.32,
 139.257117,   35.462613,        3.07,
 139.261622,   35.462613,        2.82,
 139.266126,   35.462613,        2.57,
 139.270631,   35.462613,        2.34,
 139.275135,   35.462613,        2.10,
 139.279640,   35.462613,        1.88,
 139.284144,   35.462613,        1.66,
 139.288649,   35.462613,        1.44,
 139.293153,   35.462613,        1.23,
 139.297658,   35.462613,        1.02,
 139.302162,   35.462613,        0.82,
 139.306667,   35.462613,        0.62,
 139.311171,   35.462613,        0.43,
 139.315676,   35.462613,        0.25,
 139.320180,   35.462613,        0.07,
 139.324685,   35.462613,       -0.11,
 139.329189,   35.462613,       -0.28,
 139.333694,   35.462613,       -0.44,
 139.338198,   35.462613,       -0.60,
 139.342703,   35.462613,       -0.75,
 139.347207,   35.462613,       -0.90,
 139.351712,   35.462613,       -1.04,
 139.356216,   35.462613,       -1.18,
 139.360721,   35.462613,       -1.32,
 139.365225,   35.462613,       -1.44,
 139.369730,   35.462613,       -1.57,
 139.374234,   35.462613,       -1.68,
 139.378739,   35.462613,       -1.80,
 139.383243,   35.462613,       -1.90,
 139.387748,   35.462613,       -2.00,
 139.392252,   35.462613,       -2.10,
 139.396757,   35.462613,       -2.19,
 139.401261,   35.462613,       -2.28,
 139.405766,   35.462613,       -2.36,
 139.410270,   35.462613,       -2.43,
 139.414775,   35.462613,       -2.50,
 139.419279,   35.462613,       -2.57,
 139.423784,   35.462613,       -2.63,
 139.428288,   35.462613,       -2.68,
 139.432793,   35.462613,       -2.73,
 139.437297,   35.462613,       -2.77,
 139.441802,   35.462613,       -2.81,
 139.446306,   35.462613,       -2.85,
 139.450811,   35.462613,       -2.87,
 139.455315,   35.462613,       -2.90,
 139.459820,   35.462613,       -2.91,
 139.464324,   35.462613,       -2.93,
 139.468829,   35.462613,       -2.93,
 139.473333,   35.462613,       -2.94,
 139.477838,   35.462613,       -3.06,
 139.482342,   35.462613,       -3.72,
 139.486847,   35.462613,       -4.19,
 139.491351,   35.462613,       -4.24,
 139.495856,   35.462613,       -4.12,
 139.500360,   35.462613,       -3.99,
 139.504865,   35.462613,       -3.87,
 139.509369,   35.462613,       -3.73,
 139.513874,   35.462613,       -3.60,
 139.518378,   35.462613,       -3.46,
 139.522883,   35.462613,       -3.32,
 139.527387,   35.462613,       -3.17,
 139.531892,   35.462613,       -3.02,
 139.536396,   35.462613,       -2.86,
 139.540901,   35.462613,       -2.70,
 139.545405,   35.462613,       -2.52,
 139.549910,   35.462613,       -2.34,
 139.554414,   35.462613,       -2.15,
 139.558919,   35.462613,       -1.95,
 139.563423,   35.462613,       -1.75,
 139.567928,   35.462613,       -1.55,
 139.572432,   35.462613,       -1.34,
 139.576937,   35.462613,       -1.13,
 139.581441,   35.462613,       -0.91,
 139.585946,   35.462613,       -0.69,
 139.590450,   35.462613,       -0.47,
 139.594955,   35.462613,       -0.24,
 139.599459,   35.462613,       -0.00,
 139.603964,   35.462613,        0.24,
 139.608468,   35.462613,        0.49,
 139.612973,   35.462613,        0.75,
 139.617477,   35.462613,        1.02,
 139.621982,   35.462613,        1.28,
 139.626486,   35.462613,        1.53,
 139.630991,   35.462613,        1.76,
 139.635495,   35.462613,        1.95,
 139.640000,   35.462613,        2.03,
 139.644505,   35.462613,        1.88,
 139.649009,   35.462613,        1.79,
 139.653514,   35.462613,        1.82,
 139.658018,   35.462613,        1.92,
 139.662523,   35.462613,        2.03,
 139.667027,   35.462613,        1.92,
 139.671532,   35.462613,        1.67,
 139.676036,   35.462613,        1.40,
 139.680541,   35.462613,        1.26,
 139.685045,   35.462613,        1.17,
 139.689550,   35.462613,        1.07,
 139.694054,   35.462613,        0.95,
 139.698559,   35.462613,        0.83,
 139.703063,   35.462613,        0.59,
 139.707568,   35.462613,         NaN,
 139.712072,   35.462613,         NaN,
 139.716577,   35.462613,         NaN,
 139.721081,   35.462613,         NaN,
 139.725586,   35.462613,       -0.11,
 139.730090,   35.462613,       -0.12,
 139.734595,   35.462613,       -0.13,
 139.739099,   35.462613,       -0.18,
 139.743604,   35.462613,       -0.24,
 139.748108,   35.462613,       -0.39,
 139.752613,   35.462613,       -0.48,
 139.757117,   35.462613,       -0.52,
 139.761622,   35.462613,       -0.52,
 139.766126,   35.462613,       -0.50,
 139.770631,   35.462613,       -0.48,
 139.775135,   35.462613,       -0.44,
 139.779640,   35.462613,       -0.39,
 139.784144,   35.462613,       -0.29,
 139.788649,   35.462613,       -0.17,
 139.793153,   35.462613,       -0.06,
 139.797658,   35.462613,        0.05,
 139.802162,   35.462613,        0.16,
 139.806667,   35.462613,        0.26,
 139.811171,   35.462613,        0.38,
 139.815676,   35.462613,        0.49,
 139.820180,   35.462613,        0.57,
 139.824685,   35.462613,        0.62,
 139.829189,   35.462613,        0.67,
 139.833694,   35.462613,        0.72,
 139.838198,   35.462613,        0.76,
 139.842703,   35.462613,        0.79,
 139.847207,   35.462613,        0.81,
 139.851712,   35.462613,        0.83,
 139.856216,   35.462613,        0.85,
 139.860721,   35.462613,        0.87,
 139.865225,   35.462613,        0.88,
 139.869730,   35.462613,        0.88,
 139.874234,   35.462613,        0.86,
 139.878739,   35.462613,        0.80,
 139.883243,   35.462613,        0.73,
 139.887748,   35.462613,        0.56,
 139.892252,   35.462613,        0.39,
 139.896757,   35.462613,        0.22,
 139.901261,   35.462613,        0.05,
 139.905766,   35.462613,       -0.06,
 139.910270,   35.462613,       -0.15,
 139.914775,   35.462613,       -0.18,
 139.919279,   35.462613,       -0.18,
 139.923784,   35.462613,       -0.16,
 139.928288,   35.462613,       -0.11,
 139.932793,   35.462613,       -0.02,
 139.937297,   35.462613,        0.04,
 139.941802,   35.462613,        0.09,
 139.946306,   35.462613,        0.18,
 139.950811,   35.462613,        0.28,
 139.955315,   35.462613,        0.34,
 139.959820,   35.462613,        0.42,
 139.964324,   35.462613,        0.53,
 139.968829,   35.462613,        0.65,
 139.973333,   35.462613,        0.73,
 139.977838,   35.462613,        0.76,
 139.982342,   35.462613,        0.73,
 139.986847,   35.462613,        0.68,
 139.991351,   35.462613,        0.61,
 139.995856,   35.462613,        0.53,
 140.000360,   35.462613,        0.42,
 140.004865,   35.462613,        0.30,
 140.009369,   35.462613,        0.18,
 140.013874,   35.462613,        0.05,
 140.018378,   35.462613,       -0.08,
 140.022883,   35.462613,       -0.21,
 140.027387,   35.462613,       -0.34,
 140.031892,   35.462613,       -0.46,
 140.036396,   35.462613,       -0.59,
 140.040901,   35.462613,       -0.71,
 140.045405,   35.462613,       -0.83,
 140.049910,   35.462613,       -0.94,
 140.054414,   35.462613,       -1.05,
 140.058919,   35.462613,       -1.17,
 140.063423,   35.462613,       -1.27,
 140.067928,   35.462613,       -1.38,
 140.072432,   35.462613,       -1.48,
 140.076937,   35.462613,       -1.58,
 140.081441,   35.462613,       -1.68,
 140.085946,   35.462613,       -1.78,
 140.090450,   35.462613,       -1.87,
 140.094955,   35.462613,       -1.97,
 140.099459,   35.462613,       -2.06,
 140.103964,   35.462613,       -2.15,
 140.108468,   35.462613,       -2.23,
 140.112973,   35.462613,       -2.30,
 140.117477,   35.462613,       -2.36,
 140.121982,   35.462613,       -2.42,
 140.126486,   35.462613,       -2.47,
 140.130991,   35.462613,       -2.53,
 140.135495,   35.462613,       -2.58,
 140.140000,   35.462613,       -2.63,
 140.144505,   35.462613,       -2.68,
 140.149009,   35.462613,       -2.73,
 140.153514,   35.462613,       -2.78,
 140.158018,   35.462613,       -2.83,
 140.162523,   35.462613,       -2.87,
 140.167027,   35.462613,       -2.92,
 140.171532,   35.462613,       -2.96,
 140.176036,   35.462613,       -3.00,
 140.180541,   35.462613,       -3.04,
 140.185045,   35.462613,       -3.08,
 140.189550,   35.462613,       -3.11,
 140.194054,   35.462613,       -3.14,
 140.198559,   35.462613,       -3.18,
 140.203063,   35.462613,       -3.21,
 140.207568,   35.462613,       -3.23,
 140.212072,   35.462613,       -3.25,
 140.216577,   35.462613,       -3.27,
 140.221081,   35.462613,       -3.30,
 140.225586,   35.462613,       -3.33,
 140.230090,   35.462613,       -3.35,
 140.234595,   35.462613,       -3.38,
 140.239099,   35.462613,       -3.41,
 140.243604,   35.462613,       -3.44,
 140.248108,   35.462613,       -3.47,
 140.252613,   35.462613,       -3.50,
 140.257117,   35.462613,       -3.54,
 140.261622,   35.462613,       -3.57,
 140.266126,   35.462613,       -3.61,
 140.270631,   35.462613,       -3.64,
 140.275135,   35.462613,       -3.68,
 140.279640,   35.462613,       -3.72,
 140.284144,   35.462613,       -3.76,
 140.288649,   35.462613,       -3.80,
 140.293153,   35.462613,       -3.84,
 140.297658,   35.462613,       -3.89,
 140.302162,   35.462613,       -3.93,
 140.306667,   35.462613,       -3.98,
 140.311171,   35.462613,       -4.02,
 140.315676,   35.462613,       -4.07,
 140.320180,   35.462613,       -4.12,
 140.324685,   35.462613,       -4.17,
 140.329189,   35.462613,       -4.22,
 140.333694,   35.462613,       -4.27,
 140.338198,   35.462613,       -4.32,
 140.342703,   35.462613,       -4.38,
 140.347207,   35.462613,       -4.43,
 140.351712,   35.462613,       -4.49,
 140.356216,   35.462613,       -4.54,
 140.360721,   35.462613,       -4.60,
 140.365225,   35.462613,       -4.66,
 140.369730,   35.462613,       -4.72,
 140.374234,   35.462613,       -4.78,
 140.378739,   35.462613,       -4.84,
 140.383243,   35.462613,       -4.91,
 140.387748,   35.462613,       -4.97,
 139.140000,   35.467117,       11.58,
 139.144505,   35.467117,       11.19,
 139.149009,   35.467117,       10.81,
 139.153514,   35.467117,       10.44,
 139.158018,   35.467117,       10.07,
 139.162523,   35.467117,        9.70,
 139.167027,   35.467117,        9.34,
 139.171532,   35.467117,        8.98,
 139.176036,   35.467117,        8.63,
 139.180541,   35.467117,        8.29,
 139.185045,   35.467117,        7.95,
 139.189550,   35.467117,        7.62,
 139.194054,   35.467117,        7.29,
 139.198559,   35.467117,        6.96,
 139.203063,   35.467117,        6.65,
 139.207568,   35.467117,        6.33,
 139.212072,   35.467117,        6.02,
 139.216577,   35.467117,        5.72,
 139.221081,   35.467117,        5.42,
 139.225586,   35.467117,        5.13,
 139.230090,   35.467117,        4.85,
 139.234595,   35.467117,        4.56,
 139.239099,   35.467117,        4.29,
 139.243604,   35.467117,        4.02,
 139.248108,   35.467117,        3.75,
 139.252613,   35.467117,        3.49,
 139.257117,   35.467117,        3.23,
 139.261622,   35.467117,        2.98,
 139.266126,   35.467117,        2.74,
 139.270631,   35.467117,        2.50,
 139.275135,   35.467117,        2.26,
 139.279640,   35.467117,        2.03,
 139.284144,   35.467117,        1.81,
 139.288649,   35.467117,        1.59,
 139.293153,   35.467117,        1.38,
 139.297658,   35.467117,        1.17,
 139.302162,   35.467117,        0.97,
 139.306667,   35.467117,        0.77,
 139.311171,   35.467117,        0.58,
 139.315676,   35.467117,        0.39,
 139.320180,   35.467117,        0.21,
 139.324685,   35.467117,        0.03,
 139.329189,   35.467117,       -0.14,
 139.333694,   35.467117,       -0.31,
 139.338198,   35.467117,       -0.47,
 139.342703,   35.467117,       -0.63,
 139.347207,   35.467117,       -0.78,
 139.351712,   35.467117,       -0.92,
 139.356216,   35.467117,       -1.06,
 139.360721,   35.467117,       -1.20,
 139.365225,   35.467117,       -1.33,
 139.369730,   35.467117,       -1.45,
 139.374234,   35.467117,       -1.57,
 139.378739,   35.467117,       -1.69,
 139.383243,   35.467117,       -1.80,
 139.387748,   35.467117,       -1.90,
 139.392252,   35.467117,       -2.00,
 139.396757,   35.467117,       -2.09,
 139.401261,   35.467117,       -2.18,
 139.405766,   35.467117,       -2.26,
 139.410270,   35.467117,       -2.34,
 139.414775,   35.467117,       -2.41,
 139.419279,   35.467117,       -2.48,
 139.423784,   35.467117,       -2.54,
 139.428288,   35.467117,       -2.60,
 139.432793,   35.467117,       -2.65,
 139.437297,   35.467117,       -2.69,
 139.441802,   35.467117,       -2.73,
 139.446306,   35.467117,       -2.77,
 139.450811,   35.467117,       -2.80,
 139.455315,   35.467117,       -2.83,
 139.459820,   35.467117,       -2.85,
 139.464324,   35.467117,       -2.86,
 139.468829,   35.467117,       -2.87,
 139.473333,   35.467117,       -2.87,
 139.477838,   35.467117,       -2.87,
 139.482342,   35.467117,       -2.87,
 139.486847,   35.467117,       -3.32,
 139.491351,   35.467117,       -3.89,
 139.495856,   35.467117,       -4.17,
 139.500360,   35.467117,       -4.07,
 139.504865,   35.467117,       -3.94,
 139.509369,   35.467117,       -3.81,
 139.513874,   35.467117,       -3.68,
 139.518378,   35.467117,       -3.55,
 139.522883,   35.467117,       -3.41,
 139.527387,   35.467117,       -3.26,
 139.531892,   35.467117,       -3.12,
 139.536396,   35.467117,       -2.97,
 139.540901,   35.467117,       -2.81,
 139.545405,   35.467117,       -2.64,
 139.549910,   35.467117,       -2.47,
 139.554414,   35.467117,       -2.29,
 139.558919,   35.467117,       -2.10,
 139.563423,   35.467117,       -1.90,
 139.567928,   35.467117,       -1.70,
 139.572432,   35.467117,       -1.50,
 139.576937,   35.467117,       -1.29,
 139.581441,   35.467117,       -1.08,
 139.585946,   35.467117,       -0.86,
 139.590450,   35.467117,       -0.64,
 139.594955,   35.467117,       -0.42,
 139.599459,   35.467117,       -0.19,
 139.603964,   35.467117,        0.05,
 139.608468,   35.467117,        0.29,
 139.612973,   35.467117,        0.54,
 139.617477,   35.467117,        0.80,
 139.621982,   35.467117,        1.07,
 139.626486,   35.467117,        1.32,
 139.630991,   35.467117,        1.56,
 139.635495,   35.467117,        1.75,
 139.640000,   35.467117,        1.82,
 139.644505,   35.467117,        1.75,
 139.649009,   35.467117,        1.71,
 139.653514,   35.467117,        1.69,
 139.658018,   35.467117,        1.80,
 139.662523,   35.467117,        1.91,
 139.667027,   35.467117,        1.65,
 139.671532,   35.467117,        1.44,
 139.676036,   35.467117,        1.41,
 139.680541,   35.467117,        1.41,
 139.685045,   35.467117,        1.37,
 139.689550,   35.467117,        1.27,
 139.694054,   35.467117,        1.12,
 139.698559,   35.467117,        0.95,
 139.703063,   35.467117,        0.73,
 139.707568,   35.467117,         NaN,
 139.712072,   35.467117,         NaN,
 139.716577,   35.467117,         NaN,
 139.721081,   35.467117,         NaN,
 139.725586,   35.467117,         NaN,
 139.730090,   35.467117,         NaN,
 139.734595,   35.467117,       -0.21,
 139.739099,   35.467117,       -0.24,
 139.743604,   35.467117,       -0.24,
 139.748108,   35.467117,       -0.32,
 139.752613,   35.467117,       -0.40,
 139.757117,   35.467117,       -0.45,
 139.761622,   35.467117,       -0.53,
 139.766126,   35.467117,       -0.62,
 139.770631,   35.467117,       -0.64,
 139.775135,   35.467117,       -0.59,
 139.779640,   35.467117,       -0.55,
 139.784144,   35.467117,       -0.51,
 139.788649,   35.467117,       -0.42,
 139.793153,   35.467117,       -0.30,
 139.797658,   35.467117,       -0.19,
 139.802162,   35.467117,       -0.08,
 139.806667,   35.467117,        0.03,
 139.811171,   35.467117,        0.14,
 139.815676,   35.467117,        0.25,
 139.820180,   35.467117,        0.36,
 139.824685,   35.467117,        0.44,
 139.829189,   35.467117,        0.49,
 139.833694,   35.467117,        0.53,
 139.838198,   35.467117,        0.58,
 139.842703,   35.467117,        0.62,
 139.847207,   35.467117,        0.66,
 139.851712,   35.467117,        0.68,
 139.856216,   35.467117,        0.70,
 139.860721,   35.467117,        0.72,
 139.865225,   35.467117,        0.74,
 139.869730,   35.467117,        0.72,
 139.874234,   35.467117,        0.70,
 139.878739,   35.467117,        0.64,
 139.883243,   35.467117,        0.57,
 139.887748,   35.467117,        0.45,
 139.892252,   35.467117,        0.29,
 139.896757,   35.467117,        0.14,
 139.901261,   35.467117,       -0.04,
 139.905766,   35.467117,       -0.18,
 139.910270,   35.467117,       -0.30,
 139.914775,   35.467117,       -0.37,
 139.919279,   35.467117,       -0.38,
 139.923784,   35.467117,       -0.34,
 139.928288,   35.467117,       -0.27,
 139.932793,   35.467117,       -0.16,
 139.937297,   35.467117,       -0.02,
 139.941802,   35.467117,        0.07,
 139.946306,   35.467117,        0.19,
 139.950811,   35.467117,        0.30,
 139.955315,   35.467117,        0.41,
 139.959820,   35.467117,        0.51,
 139.964324,   35.467117,        0.61,
 139.968829,   35.467117,        0.72,
 139.973333,   35.467117,        0.81,
 139.977838,   35.467117,        0.86,
 139.982342,   35.467117,        0.87,
 139.986847,   35.467117,        0.86,
 139.991351,   35.467117,        0.82,
 139.995856,   35.467117,        0.76,
 140.000360,   35.467117,        0.66,
 140.004865,   35.467117,        0.55,
 140.009369,   35.467117,        0.42,
 140.013874,   35.467117,        0.29,
 140.018378,   35.467117,        0.16,
 140.022883,   35.467117,        0.03,
 140.027387,   35.467117,       -0.11,
 140.031892,   35.467117,       -0.23,
 140.036396,   35.467117,       -0.36,
 140.040901,   35.467117,       -0.48,
 140.045405,   35.467117,       -0.60,
 140.049910,   35.467117,       -0.72,
 140.054414,   35.467117,       -0.84,
 140.058919,   35.467117,       -0.95,
 140.063423,   35.467117,       -1.06,
 140.067928,   35.467117,       -1.17,
 140.072432,   35.467117,       -1.27,
 140.076937,   35.467117,       -1.37,
 140.081441,   35.467117,       -1.47,
 140.085946,   35.467117,       -1.57,
 140.090450,   35.467117,       -1.66,
 140.094955,   35.467117,       -1.76,
 140.099459,   35.467117,       -1.86,
 140.103964,   35.467117,       -1.94,
 140.108468,   35.467117,       -2.02,
 140.112973,   35.467117,       -2.09,
 140.117477,   35.467117,       -2.15,
 140.121982,   35.467117,       -2.20,
 140.126486,   35.467117,       -2.26,
 140.130991,   35.467117,       -2.31,
 140.135495,   35.467117,       -2.36,
 140.140000,   35.467117,       -2.42,
 140.144505,   35.467117,       -2.47,
 140.149009,   35.467117,       -2.52,
 140.153514,   35.467117,       -2.57,
 140.158018,   35.467117,       -2.61,
 140.162523,   35.467117,       -2.66,
 140.167027,   35.467117,       -2.70,
 140.171532,   35.467117,       -2.74,
 140.176036,   35.467117,       -2.78,
 140.180541,   35.467117,       -2.82,
 140.185045,   35.467117,       -2.85,
 140.189550,   35.467117,       -2.89,
 140.194054,   35.467117,       -2.92,
 140.198559,   35.467117,       -2.95,
 140.203063,   35.467117,       -2.98,
 140.207568,   35.467117,       -3.00,
 140.212072,   35.467117,       -3.02,
 140.216577,   35.467117,       -3.04,
 140.221081,   35.467117,       -3.07,
 140.225586,   35.467117,       -3.09,
 140.230090,   35.467117,       -3.12,
 140.234595,   35.467117,       -3.15,
 140.239099,   35.467117,       -3.18,
 140.243604,   35.467117,       -3.21,
 140.248108,   35.467117,       -3.24,
 140.252613,   35.467117,       -3.27,
 140.257117,   35.467117,       -3.30,
 140.261622,   35.467117,       -3.34,
 140.266126,   35.467117,       -3.37,
 140.270631,   35.467117,       -3.41,
 140.275135,   35.467117,       -3.44,
 140.279640,   35.467117,       -3.48,
 140.284144,   35.467117,       -3.52,
 140.288649,   35.467117,       -3.56,
 140.293153,   35.467117,       -3.60,
 140.297658,   35.467117,       -3.65,
 140.302162,   35.467117,       -3.69,
 140.306667,   35.467117,       -3.74,
 140.311171,   35.467117,       -3.78,
 140.315676,   35.467117,       -3.83,
 140.320180,   35.467117,       -3.88,
 140.324685,   35.467117,       -3.93,
 140.329189,   35.467117,       -3.98,
 140.333694,   35.467117,       -4.03,
 140.338198,   35.467117,       -4.08,
 140.342703,   35.467117,       -4.13,
 140.347207,   35.467117,       -4.19,
 140.351712,   35.467117,       -4.24,
 140.356216,   35.467117,       -4.30,
 140.360721,   35.467117,       -4.36,
 140.365225,   35.467117,       -4.42,
 140.369730,   35.467117,       -4.48,
 140.374234,   35.467117,       -4.54,
 140.378739,   35.467117,       -4.60,
 140.383243,   35.467117,       -4.66,
 140.387748,   35.467117,       -4.73,
 139.140000,   35.471622,       11.80,
 139.144505,   35.471622,       11.41,
 139.149009,   35.471622,       11.03,
 139.153514,   35.471622,       10.65,
 139.158018,   35.471622,       10.28,
 139.162523,   35.471622,        9.91,
 139.167027,   35.471622,        9.55,
 139.171532,   35.471622,        9.19,
 139.176036,   35.471622,        8.84,
 139.180541,   35.471622,        8.49,
 139.185045,   35.471622,        8.15,
 139.189550,   35.471622,        7.81,
 139.194054,   35.471622,        7.48,
 139.198559,   35.471622,        7.16,
 139.203063,   35.471622,        6.84,
 139.207568,   35.471622,        6.52,
 139.212072,   35.471622,        6.21,
 139.216577,   35.471622,        5.91,
 139.221081,   35.471622,        5.61,
 139.225586,   35.471622,        5.31,
 139.230090,   35.471622,        5.02,
 139.234595,   35.471622,        4.74,
 139.239099,   35.471622,        4.46,
 139.243604,   35.471622,        4.19,
 139.248108,   35.471622,        3.92,
 139.252613,   35.471622,        3.65,
 139.257117,   35.471622,        3.40,
 139.261622,   35.471622,        3.14,
 139.266126,   35.471622,        2.90,
 139.270631,   35.471622,        2.65,
 139.275135,   35.471622,        2.42,
 139.279640,   35.471622,        2.19,
 139.284144,   35.471622,        1.96,
 139.288649,   35.471622,        1.74,
 139.293153,   35.471622,        1.52,
 139.297658,   35.471622,        1.31,
 139.302162,   35.471622,        1.11,
 139.306667,   35.471622,        0.91,
 139.311171,   35.471622,        0.71,
 139.315676,   35.471622,        0.52,
 139.320180,   35.471622,        0.34,
 139.324685,   35.471622,        0.16,
 139.329189,   35.471622,       -0.02,
 139.333694,   35.471622,       -0.18,
 139.338198,   35.471622,       -0.35,
 139.342703,   35.471622,       -0.51,
 139.347207,   35.471622,       -0.66,
 139.351712,   35.471622,       -0.81,
 139.356216,   35.471622,       -0.95,
 139.360721,   35.471622,       -1.09,
 139.365225,   35.471622,       -1.22,
 139.369730,   35.471622,       -1.35,
 139.374234,   35.471622,       -1.47,
 139.378739,   35.471622,       -1.58,
 139.383243,   35.471622,       -1.69,
 139.387748,   35.471622,       -1.80,
 139.392252,   35.471622,       -1.90,
 139.396757,   35.471622,       -2.00,
 139.401261,   35.471622,       -2.09,
 139.405766,   35.471622,       -2.17,
 139.410270,   35.471622,       -2.25,
 139.414775,   35.471622,       -2.33,
 139.419279,   35.471622,       -2.39,
 139.423784,   35.471622,       -2.46,
 139.428288,   35.471622,       -2.52,
 139.432793,   35.471622,       -2.57,
 139.437297,   35.471622,       -2.62,
 139.441802,   35.471622,       -2.66,
 139.446306,   35.471622,       -2.70,
 139.450811,   35.471622,       -2.73,
 139.455315,   35.471622,       -2.76,
 139.459820,   35.471622,       -2.78,
 139.464324,   35.471622,       -2.80,
 139.468829,   35.471622,       -2.81,
 139.473333,   35.471622,       -2.82,
 139.477838,   35.471622,       -2.82,
 139.482342,   35.471622,       -2.81,
 139.486847,   35.471622,       -2.80,
 139.491351,   35.471622,       -2.90,
 139.495856,   35.471622,       -3.54,
 139.500360,   35.471622,       -3.98,
 139.504865,   35.471622,       -4.01,
 139.509369,   35.471622,       -3.89,
 139.513874,   35.471622,       -3.76,
 139.518378,   35.471622,       -3.63,
 139.522883,   35.471622,       -3.49,
 139.527387,   35.471622,       -3.35,
 139.531892,   35.471622,       -3.21,
 139.536396,   35.471622,       -3.07,
 139.540901,   35.471622,       -2.91,
 139.545405,   35.471622,       -2.76,
 139.549910,   35.471622,       -2.59,
 139.554414,   35.471622,       -2.42,
 139.558919,   35.471622,       -2.24,
 139.563423,   35.471622,       -2.06,
 139.567928,   35.471622,       -1.86,
 139.572432,   35.471622,       -1.66,
 139.576937,   35.471622,       -1.45,
 139.581441,   35.471622,       -1.24,
 139.585946,   35.471622,       -1.03,
 139.590450,   35.471622,       -0.81,
 139.594955,   35.471622,       -0.59,
 139.599459,   35.471622,       -0.37,
 139.603964,   35.471622,       -0.14,
 139.608468,   35.471622,        0.10,
 139.612973,   35.471622,        0.34,
 139.617477,   35.471622,        0.59,
 139.621982,   35.471622,        0.85,
 139.626486,   35.471622,        1.11,
 139.630991,   35.471622,        1.36,
 139.635495,   35.471622,        1.57,
 139.640000,   35.471622,        1.60,
 139.644505,   35.471622,        1.51,
 139.649009,   35.471622,        1.45,
 139.653514,   35.471622,        1.38,
 139.658018,   35.471622,        1.40,
 139.662523,   35.471622,        1.35,
 139.667027,   35.471622,        1.24,
 139.671532,   35.471622,        1.19,
 139.676036,   35.471622,        1.32,
 139.680541,   35.471622,        1.43,
 139.685045,   35.471622,        1.52,
 139.689550,   35.471622,        1.49,
 139.694054,   35.471622,        1.30,
 139.698559,   35.471622,        1.05,
 139.703063,   35.471622,        0.87,
 139.707568,   35.471622,         NaN,
 139.712072,   35.471622,         NaN,
 139.716577,   35.471622,         NaN,
 139.721081,   35.471622,         NaN,
 139.725586,   35.471622,         NaN,
 139.730090,   35.471622,         NaN,
 139.734595,   35.471622,         NaN,
 139.739099,   35.471622,         NaN,
 139.743604,   35.471622,       -0.32,
 139.748108,   35.471622,       -0.34,
 139.752613,   35.471622,       -0.37,
 139.757117,   35.471622,       -0.40,
 139.761622,   35.471622,       -0.42,
 139.766126,   35.471622,       -0.55,
 139.770631,   35.471622,       -0.66,
 139.775135,   35.471622,       -0.68,
 139.779640,   35.471622,       -0.65,
 139.784144,   35.471622,       -0.65,
 139.788649,   35.471622,       -0.62,
 139.793153,   35.471622,       -0.54,
 139.797658,   35.471622,       -0.41,
 139.802162,   35.471622,       -0.30,
 139.806667,   35.471622,       -0.20,
 139.811171,   35.471622,       -0.08,
 139.815676,   35.471622,        0.03,
 139.820180,   35.471622,        0.14,
 139.824685,   35.471622,        0.24,
 139.829189,   35.471622,        0.30,
 139.833694,   35.471622,        0.34,
 139.838198,   35.471622,        0.39,
 139.842703,   35.471622,        0.44,
 139.847207,   35.471622,        0.50,
 139.851712,   35.471622,        0.52,
 139.856216,   35.471622,        0.52,
 139.860721,   35.471622,        0.54,
 139.865225,   35.471622,        0.55,
 139.869730,   35.471622,        0.53,
 139.874234,   35.471622,        0.51,
 139.878739,   35.471622,        0.46,
 139.883243,   35.471622,        0.39,
 139.887748,   35.471622,        0.30,
 139.892252,   35.471622,        0.17,
 139.896757,   35.471622,        0.02,
 139.901261,   35.471622,       -0.15,
 139.905766,   35.471622,       -0.30,
 139.910270,   35.471622,       -0.42,
 139.914775,   35.471622,       -0.51,
 139.919279,   35.471622,       -0.52,
 139.923784,   35.471622,       -0.52,
 139.928288,   35.471622,       -0.45,
 139.932793,   35.471622,       -0.34,
 139.937297,   35.471622,       -0.19,
 139.941802,   35.471622,       -0.03,
 139.946306,   35.471622,        0.10,
 139.950811,   35.471622,        0.26,
 139.955315,   35.471622,        0.40,
 139.959820,   35.471622,        0.59,
 139.964324,   35.471622,        0.70,
 139.968829,   35.471622,        0.81,
 139.973333,   35.471622,        0.87,
 139.977838,   35.471622,        0.95,
 139.982342,   35.471622,        1.01,
 139.986847,   35.471622,        0.99,
 139.991351,   35.471622,        0.99,
 139.995856,   35.471622,        0.96,
 140.000360,   35.471622,        0.90,
 140.004865,   35.471622,        0.79,
 140.009369,   35.471622,        0.67,
 140.013874,   35.471622,        0.54,
 140.018378,   35.471622,        0.40,
 140.022883,   35.471622,        0.26,
 140.027387,   35.471622,        0.13,
 140.031892,   35.471622,       -0.00,
 140.036396,   35.471622,       -0.13,
 140.040901,   35.471622,       -0.26,
 140.045405,   35.471622,       -0.38,
 140.049910,   35.471622,       -0.50,
 140.054414,   35.471622,       -0.62,
 140.058919,   35.471622,       -0.73,
 140.063423,   35.471622,       -0.84,
 140.067928,   35.471622,       -0.95,
 140.072432,   35.471622,       -1.06,
 140.076937,   35.471622,       -1.16,
 140.081441,   35.471622,       -1.26,
 140.085946,   35.471622,       -1.36,
 140.090450,   35.471622,       -1.46,
 140.094955,   35.471622,       -1.55,
 140.099459,   35.471622,       -1.65,
 140.103964,   35.471622,       -1.74,
 140.108468,   35.471622,       -1.81,
 140.112973,   35.471622,       -1.88,
 140.117477,   35.471622,       -1.93,
 140.121982,   35.471622,       -1.99,
 140.126486,   35.471622,       -2.04,
 140.130991,   35.471622,       -2.10,
 140.135495,   35.471622,       -2.15,
 140.140000,   35.471622,       -2.20,
 140.144505,   35.471622,       -2.25,
 140.149009,   35.471622,       -2.30,
 140.153514,   35.471622,       -2.35,
 140.158018,   35.471622,       -2.39,
 140.162523,   35.471622,       -2.44,
 140.167027,   35.471622,       -2.48,
 140.171532,   35.471622,       -2.52,
 140.176036,   35.471622,       -2.56,
 140.180541,   35.471622,       -2.60,
 140.185045,   35.471622,       -2.63,
 140.189550,   35.471622,       -2.67,
 140.194054,   35.471622,       -2.70,
 140.198559,   35.471622,       -2.73,
 140.203063,   35.471622,       -2.75,
 140.207568,   35.471622,       -2.77,
 140.212072,   35.471622,       -2.79,
 140.216577,   35.471622,       -2.81,
 140.221081,   35.471622,       -2.84,
 140.225586,   35.471622,       -2.86,
 140.230090,   35.471622,       -2.89,
 140.234595,   35.471622,       -2.91,
 140.239099,   35.471622,       -2.94,
 140.243604,   35.471622,       -2.97,
 140.248108,   35.471622,       -3.00,
 140.252613,   35.471622,       -3.03,
 140.257117,   35.471622,       -3.07,
 140.261622,   35.471622,       -3.10,
 140.266126,   35.471622,       -3.13,
 140.270631,   35.471622,       -3.17,
 140.275135,   35.471622,       -3.21,
 140.279640,   35.471622,       -3.25,
 140.284144,   35.471622,       -3.28,
 140.288649,   35.471622,       -3.32,
 140.293153,   35.471622,       -3.37,
 140.297658,   35.471622,       -3.41,
 140.302162,   35.471622,       -3.45,
 140.306667,   35.471622,       -3.50,
 140.311171,   35.471622,       -3.54,
 140.315676,   35.471622,       -3.59,
 140.320180,   35.471622,       -3.63,
 140.324685,   35.471622,       -3.68,
 140.329189,   35.471622,       -3.73,
 140.333694,   35.471622,       -3.78,
 140.338198,   35.471622,       -3.84,
 140.342703,   35.471622,       -3.89,
 140.347207,   35.471622,       -3.94,
 140.351712,   35.471622,       -4.00,
 140.356216,   35.471622,       -4.05,
 140.360721,   35.471622,       -4.11,
 140.365225,   35.471622,       -4.17,
 140.369730,   35.471622,       -4.23,
 140.374234,   35.471622,       -4.29,
 140.378739,   35.471622,       -4.35,
 140.383243,   35.471622,       -4.41,
 140.387748,   35.471622,       -4.48,
 139.140000,   35.476126,       12.02,
 139.144505,   35.476126,       11.62,
 139.149009,   35.476126,       11.24,
 139.153514,   35.476126,       10.86,
 139.158018,   35.476126,       10.48,
 139.162523,   35.476126,       10.11,
 139.167027,   35.476126,        9.75,
 139.171532,   35.476126,        9.39,
 139.176036,   35.476126,        9.04,
 139.180541,   35.476126,        8.69,
 139.185045,   35.476126,        8.34,
 139.189550,   35.476126,        8.00,
 139.194054,   35.476126,        7.67,
 139.198559,   35.476126,        7.34,
 139.203063,   35.476126,        7.02,
 139.207568,   35.476126,        6.70,
 139.212072,   35.476126,        6.39,
 139.216577,   35.476126,        6.08,
 139.221081,   35.476126,        5.78,
 139.225586,   35.476126,        5.48,
 139.230090,   35.476126,        5.19,
 139.234595,   35.476126,        4.91,
 139.239099,   35.476126,        4.63,
 139.243604,   35.476126,        4.35,
 139.248108,   35.476126,        4.08,
 139.252613,   35.476126,        3.81,
 139.257117,   35.476126,        3.55,
 139.261622,   35.476126,        3.30,
 139.266126,   35.476126,        3.05,
 139.270631,   35.476126,        2.81,
 139.275135,   35.476126,        2.57,
 139.279640,   35.476126,        2.33,
 139.284144,   35.476126,        2.10,
 139.288649,   35.476126,        1.88,
 139.293153,   35.476126,        1.66,
 139.297658,   35.476126,        1.45,
 139.302162,   35.476126,        1.24,
 139.306667,   35.476126,        1.04,
 139.311171,   35.476126,        0.84,
 139.315676,   35.476126,        0.65,
 139.320180,   35.476126,        0.46,
 139.324685,   35.476126,        0.28,
 139.329189,   35.476126,        0.11,
 139.333694,   35.476126,       -0.06,
 139.338198,   35.476126,       -0.23,
 139.342703,   35.476126,       -0.39,
 139.347207,   35.476126,       -0.55,
 139.351712,   35.476126,       -0.70,
 139.356216,   35.476126,       -0.84,
 139.360721,   35.476126,       -0.98,
 139.365225,   35.476126,       -1.11,
 139.369730,   35.476126,       -1.24,
 139.374234,   35.476126,       -1.37,
 139.378739,   35.476126,       -1.48,
 139.383243,   35.476126,       -1.60,
 139.387748,   35.476126,       -1.71,
 139.392252,   35.476126,       -1.81,
 139.396757,   35.476126,       -1.91,
 139.401261,   35.476126,       -2.00,
 139.405766,   35.476126,       -2.09,
 139.410270,   35.476126,       -2.17,
 139.414775,   35.476126,       -2.24,
 139.419279,   35.476126,       -2.32,
 139.423784,   35.476126,       -2.38,
 139.428288,   35.476126,       -2.44,
 139.432793,   35.476126,       -2.50,
 139.437297,   35.476126,       -2.55,
 139.441802,   35.476126,       -2.59,
 139.446306,   35.476126,       -2.63,
 139.450811,   35.476126,       -2.67,
 139.455315,   35.476126,       -2.70,
 139.459820,   35.476126,       -2.72,
 139.464324,   35.476126,       -2.74,
 139.468829,   35.476126,       -2.76,
 139.473333,   35.476126,       -2.76,
 139.477838,   35.476126,       -2.77,
 139.482342,   35.476126,       -2.77,
 139.486847,   35.476126,       -2.76,
 139.491351,   35.476126,       -2.75,
 139.495856,   35.476126,       -2.73,
 139.500360,   35.476126,       -3.16,
 139.504865,   35.476126,       -3.70,
 139.509369,   35.476126,       -3.95,
 139.513874,   35.476126,       -3.84,
 139.518378,   35.476126,       -3.71,
 139.522883,   35.476126,       -3.58,
 139.527387,   35.476126,       -3.44,
 139.531892,   35.476126,       -3.30,
 139.536396,   35.476126,       -3.16,
 139.540901,   35.476126,       -3.01,
 139.545405,   35.476126,       -2.86,
 139.549910,   35.476126,       -2.71,
 139.554414,   35.476126,       -2.54,
 139.558919,   35.476126,       -2.37,
 139.563423,   35.476126,       -2.20,
 139.567928,   35.476126,       -2.01,
 139.572432,   35.476126,       -1.81,
 139.576937,   35.476126,       -1.61,
 139.581441,   35.476126,       -1.40,
 139.585946,   35.476126,       -1.20,
 139.590450,   35.476126,       -0.98,
 139.594955,   35.476126,       -0.77,
 139.599459,   35.476126,       -0.55,
 139.603964,   35.476126,       -0.32,
 139.608468,   35.476126,       -0.09,
 139.612973,   35.476126,        0.15,
 139.617477,   35.476126,        0.39,
 139.621982,   35.476126,        0.64,
 139.626486,   35.476126,        0.89,
 139.630991,   35.476126,        1.16,
 139.635495,   35.476126,        1.40,
 139.640000,   35.476126,        1.49,
 139.644505,   35.476126,        1.30,
 139.649009,   35.476126,        1.11,
 139.653514,   35.476126,        1.00,
 139.658018,   35.476126,        0.83,
 139.662523,   35.476126,        0.72,
 139.667027,   35.476126,        0.71,
 139.671532,   35.476126,        0.85,
 139.676036,   35.476126,        1.02,
 139.680541,   35.476126,        1.16,
 139.685045,   35.476126,        1.31,
 139.689550,   35.476126,        1.46,
 139.694054,   35.476126,        1.45,
 139.698559,   35.476126,        1.19,
 139.703063,   35.476126,         NaN,
 139.707568,   35.476126,         NaN,
 139.712072,   35.476126,         NaN,
 139.716577,   35.476126,         NaN,
 139.721081,   35.476126,         NaN,
 139.725586,   35.476126,         NaN,
 139.730090,   35.476126,         NaN,
 139.734595,   35.476126,         NaN,
 139.739099,   35.476126,         NaN,
 139.743604,   35.476126,         NaN,
 139.748108,   35.476126,         NaN,
 139.752613,   35.476126,         NaN,
 139.757117,   35.476126,       -0.48,
 139.761622,   35.476126,       -0.46,
 139.766126,   35.476126,       -0.46,
 139.770631,   35.476126,       -0.59,
 139.775135,   35.476126,       -0.70,
 139.779640,   35.476126,       -0.76,
 139.784144,   35.476126,       -0.78,
 139.788649,   35.476126,       -0.77,
 139.793153,   35.476126,       -0.72,
 139.797658,   35.476126,       -0.61,
 139.802162,   35.476126,       -0.50,
 139.806667,   35.476126,       -0.39,
 139.811171,   35.476126,       -0.29,
 139.815676,   35.476126,       -0.18,
 139.820180,   35.476126,       -0.08,
 139.824685,   35.476126,        0.01,
 139.829189,   35.476126,        0.08,
 139.833694,   35.476126,        0.13,
 139.838198,   35.476126,        0.17,
 139.842703,   35.476126,        0.23,
 139.847207,   35.476126,        0.28,
 139.851712,   35.476126,        0.31,
 139.856216,   35.476126,        0.32,
 139.860721,   35.476126,        0.34,
 139.865225,   35.476126,        0.35,
 139.869730,   35.476126,        0.33,
 139.874234,   35.476126,        0.30,
 139.878739,   35.476126,        0.26,
 139.883243,   35.476126,        0.19,
 139.887748,   35.476126,        0.10,
 139.892252,   35.476126,        0.00,
 139.896757,   35.476126,       -0.13,
 139.901261,   35.476126,       -0.28,
 139.905766,   35.476126,       -0.42,
 139.910270,   35.476126,       -0.53,
 139.914775,   35.476126,       -0.61,
 139.919279,   35.476126,       -0.64,
 139.923784,   35.476126,       -0.66,
 139.928288,   35.476126,       -0.60,
 139.932793,   35.476126,       -0.49,
 139.937297,   35.476126,       -0.37,
 139.941802,   35.476126,       -0.19,
 139.946306,   35.476126,       -0.00,
 139.950811,   35.476126,        0.16,
 139.955315,   35.476126,        0.35,
 139.959820,   35.476126,        0.55,
 139.964324,   35.476126,        0.72,
 139.968829,   35.476126,        0.82,
 139.973333,   35.476126,        0.91,
 139.977838,   35.476126,        1.01,
 139.982342,   35.476126,        1.06,
 139.986847,   35.476126,        1.09,
 139.991351,   35.476126,        1.08,
 139.995856,   35.476126,        1.09,
 140.000360,   35.476126,        1.11,
 140.004865,   35.476126,        1.06,
 140.009369,   35.476126,        0.93,
 140.013874,   35.476126,        0.79,
 140.018378,   35.476126,        0.65,
 140.022883,   35.476126,        0.51,
 140.027387,   35.476126,        0.37,
 140.031892,   35.476126,        0.23,
 140.036396,   35.476126,        0.10,
 140.040901,   35.476126,       -0.03,
 140.045405,   35.476126,       -0.16,
 140.049910,   35.476126,       -0.28,
 140.054414,   35.476126,       -0.40,
 140.058919,   35.476126,       -0.52,
 140.063423,   35.476126,       -0.63,
 140.067928,   35.476126,       -0.74,
 140.072432,   35.476126,       -0.85,
 140.076937,   35.476126,       -0.95,
 140.081441,   35.476126,       -1.05,
 140.085946,   35.476126,       -1.15,
 140.090450,   35.476126,       -1.25,
 140.094955,   35.476126,       -1.35,
 140.099459,   35.476126,       -1.45,
 140.103964,   35.476126,       -1.53,
 140.108468,   35.476126,       -1.60,
 140.112973,   35.476126,       -1.67,
 140.117477,   35.476126,       -1.72,
 140.121982,   35.476126,       -1.78,
 140.126486,   35.476126,       -1.83,
 140.130991,   35.476126,       -1.88,
 140.135495,   35.476126,       -1.94,
 140.140000,   35.476126,       -1.99,
 140.144505,   35.476126,       -2.04,
 140.149009,   35.476126,       -2.09,
 140.153514,   35.476126,       -2.13,
 140.158018,   35.476126,       -2.18,
 140.162523,   35.476126,       -2.22,
 140.167027,   35.476126,       -2.26,
 140.171532,   35.476126,       -2.30,
 140.176036,   35.476126,       -2.34,
 140.180541,   35.476126,       -2.38,
 140.185045,   35.476126,       -2.41,
 140.189550,   35.476126,       -2.45,
 140.194054,   35.476126,       -2.48,
 140.198559,   35.476126,       -2.49,
 140.203063,   35.476126,       -2.51,
 140.207568,   35.476126,       -2.53,
 140.212072,   35.476126,       -2.56,
 140.216577,   35.476126,       -2.58,
 140.221081,   35.476126,       -2.60,
 140.225586,   35.476126,       -2.63,
 140.230090,   35.476126,       -2.65,
 140.234595,   35.476126,       -2.68,
 140.239099,   35.476126,       -2.71,
 140.243604,   35.476126,       -2.74,
 140.248108,   35.476126,       -2.77,
 140.252613,   35.476126,       -2.80,
 140.257117,   35.476126,       -2.83,
 140.261622,   35.476126,       -2.86,
 140.266126,   35.476126,       -2.90,
 140.270631,   35.476126,       -2.93,
 140.275135,   35.476126,       -2.97,
 140.279640,   35.476126,       -3.01,
 140.284144,   35.476126,       -3.04,
 140.288649,   35.476126,       -3.08,
 140.293153,   35.476126,       -3.12,
 140.297658,   35.476126,       -3.17,
 140.302162,   35.476126,       -3.21,
 140.306667,   35.476126,       -3.25,
 140.311171,   35.476126,       -3.30,
 140.315676,   35.476126,       -3.34,
 140.320180,   35.476126,       -3.39,
 140.324685,   35.476126,       -3.44,
 140.329189,   35.476126,       -3.49,
 140.333694,   35.476126,       -3.54,
 140.338198,   35.476126,       -3.59,
 140.342703,   35.476126,       -3.64,
 140.347207,   35.476126,       -3.70,
 140.351712,   35.476126,       -3.75,
 140.356216,   35.476126,       -3.81,
 140.360721,   35.476126,       -3.86,
 140.365225,   35.476126,       -3.92,
 140.369730,   35.476126,       -3.98,
 140.374234,   35.476126,       -4.04,
 140.378739,   35.476126,       -4.10,
 140.383243,   35.476126,       -4.16,
 140.387748,   35.476126,       -4.23,
 139.140000,   35.480631,       12.23,
 139.144505,   35.480631,       11.83,
 139.149009,   35.480631,       11.44,
 139.153514,   35.480631,       11.06,
 139.158018,   35.480631,       10.68,
 139.162523,   35.480631,       10.31,
 139.167027,   35.480631,        9.95,
 139.171532,   35.480631,        9.58,
 139.176036,   35.480631,        9.23,
 139.180541,   35.480631,        8.88,
 139.185045,   35.480631,        8.53,
 139.189550,   35.480631,        8.19,
 139.194054,   35.480631,        7.85,
 139.198559,   35.480631,        7.52,
 139.203063,   35.480631,        7.20,
 139.207568,   35.480631,        6.88,
 139.212072,   35.480631,        6.56,
 139.216577,   35.480631,        6.26,
 139.221081,   35.480631,        5.95,
 139.225586,   35.480631,        5.65,
 139.230090,   35.480631,        5.36,
 139.234595,   35.480631,        5.07,
 139.239099,   35.480631,        4.79,
 139.243604,   35.480631,        4.51,
 139.248108,   35.480631,        4.24,
 139.252613,   35.480631,        3.97,
 139.257117,   35.480631,        3.71,
 139.261622,   35.480631,        3.45,
 139.266126,   35.480631,        3.20,
 139.270631,   35.480631,        2.95,
 139.275135,   35.480631,        2.71,
 139.279640,   35.480631,        2.47,
 139.284144,   35.480631,        2.24,
 139.288649,   35.480631,        2.02,
 139.293153,   35.480631,        1.80,
 139.297658,   35.480631,        1.58,
 139.302162,   35.480631,        1.37,
 139.306667,   35.480631,        1.17,
 139.311171,   35.480631,        0.97,
 139.315676,   35.480631,        0.78,
 139.320180,   35.480631,        0.59,
 139.324685,   35.480631,        0.40,
 139.329189,   35.480631,        0.22,
 139.333694,   35.480631,        0.05,
 139.338198,   35.480631,       -0.12,
 139.342703,   35.480631,       -0.28,
 139.347207,   35.480631,       -0.44,
 139.351712,   35.480631,       -0.59,
 139.356216,   35.480631,       -0.74,
 139.360721,   35.480631,       -0.88,
 139.365225,   35.480631,       -1.01,
 139.369730,   35.480631,       -1.15,
 139.374234,   35.480631,       -1.27,
 139.378739,   35.480631,       -1.39,
 139.383243,   35.480631,       -1.51,
 139.387748,   35.480631,       -1.62,
 139.392252,   35.480631,       -1.72,
 139.396757,   35.480631,       -1.82,
 139.401261,   35.480631,       -1.92,
 139.405766,   35.480631,       -2.01,
 139.410270,   35.480631,       -2.09,
 139.414775,   35.480631,       -2.17,
 139.419279,   35.480631,       -2.24,
 139.423784,   35.480631,       -2.31,
 139.428288,   35.480631,       -2.37,
 139.432793,   35.480631,       -2.43,
 139.437297,   35.480631,       -2.49,
 139.441802,   35.480631,       -2.53,
 139.446306,   35.480631,       -2.58,
 139.450811,   35.480631,       -2.61,
 139.455315,   35.480631,       -2.64,
 139.459820,   35.480631,       -2.67,
 139.464324,   35.480631,       -2.69,
 139.468829,   35.480631,       -2.71,
 139.473333,   35.480631,       -2.72,
 139.477838,   35.480631,       -2.72,
 139.482342,   35.480631,       -2.72,
 139.486847,   35.480631,       -2.72,
 139.491351,   35.480631,       -2.71,
 139.495856,   35.480631,       -2.69,
 139.500360,   35.480631,       -2.67,
 139.504865,   35.480631,       -2.75,
 139.509369,   35.480631,       -3.36,
 139.513874,   35.480631,       -3.77,
 139.518378,   35.480631,       -3.79,
 139.522883,   35.480631,       -3.66,
 139.527387,   35.480631,       -3.52,
 139.531892,   35.480631,       -3.39,
 139.536396,   35.480631,       -3.25,
 139.540901,   35.480631,       -3.11,
 139.545405,   35.480631,       -2.96,
 139.549910,   35.480631,       -2.81,
 139.554414,   35.480631,       -2.66,
 139.558919,   35.480631,       -2.49,
 139.563423,   35.480631,       -2.33,
 139.567928,   35.480631,       -2.15,
 139.572432,   35.480631,       -1.96,
 139.576937,   35.480631,       -1.77,
 139.581441,   35.480631,       -1.57,
 139.585946,   35.480631,       -1.36,
 139.590450,   35.480631,       -1.15,
 139.594955,   35.480631,       -0.94,
 139.599459,   35.480631,       -0.72,
 139.603964,   35.480631,       -0.50,
 139.608468,   35.480631,       -0.28,
 139.612973,   35.480631,       -0.04,
 139.617477,   35.480631,        0.19,
 139.621982,   35.480631,        0.43,
 139.626486,   35.480631,        0.68,
 139.630991,   35.480631,        0.94,
 139.635495,   35.480631,        1.21,
 139.640000,   35.480631,        1.42,
 139.644505,   35.480631,        1.12,
 139.649009,   35.480631,        0.71,
 139.653514,   35.480631,        0.47,
 139.658018,   35.480631,        0.25,
 139.662523,   35.480631,        0.01,
 139.667027,   35.480631,        0.20,
 139.671532,   35.480631,        0.36,
 139.676036,   35.480631,        0.50,
 139.680541,   35.480631,        0.63,
 139.685045,   35.480631,        0.75,
 139.689550,   35.480631,        0.86,
 139.694054,   35.480631,         NaN,
 139.698559,   35.480631,         NaN,
 139.703063,   35.480631,         NaN,
 139.707568,   35.480631,         NaN,
 139.712072,   35.480631,         NaN,
 139.716577,   35.480631,         NaN,
 139.721081,   35.480631,         NaN,
 139.725586,   35.480631,         NaN,
 139.730090,   35.480631,         NaN,
 139.734595,   35.480631,         NaN,
 139.739099,   35.480631,         NaN,
 139.743604,   35.480631,         NaN,
 139.748108,   35.480631,         NaN,
 139.752613,   35.480631,         NaN,
 139.757117,   35.480631,         NaN,
 139.761622,   35.480631,         NaN,
 139.766126,   35.480631,       -0.48,
 139.770631,   35.480631,       -0.52,
 139.775135,   35.480631,       -0.62,
 139.779640,   35.480631,       -0.80,
 139.784144,   35.480631,       -0.92,
 139.788649,   35.480631,       -0.92,
 139.793153,   35.480631,       -0.85,
 139.797658,   35.480631,       -0.78,
 139.802162,   35.480631,       -0.67,
 139.806667,   35.480631,       -0.57,
 139.811171,   35.480631,       -0.48,
 139.815676,   35.480631,       -0.38,
 139.820180,   35.480631,       -0.29,
 139.824685,   35.480631,       -0.22,
 139.829189,   35.480631,       -0.16,
 139.833694,   35.480631,       -0.10,
 139.838198,   35.480631,       -0.05,
 139.842703,   35.480631,       -0.01,
 139.847207,   35.480631,        0.04,
 139.851712,   35.480631,        0.09,
 139.856216,   35.480631,        0.11,
 139.860721,   35.480631,        0.12,
 139.865225,   35.480631,        0.13,
 139.869730,   35.480631,        0.11,
 139.874234,   35.480631,        0.08,
 139.878739,   35.480631,        0.04,
 139.883243,   35.480631,       -0.00,
 139.887748,   35.480631,       -0.08,
 139.892252,   35.480631,       -0.17,
 139.896757,   35.480631,       -0.28,
 139.901261,   35.480631,       -0.41,
 139.905766,   35.480631,       -0.53,
 139.910270,   35.480631,       -0.61,
 139.914775,   35.480631,       -0.68,
 139.919279,   35.480631,       -0.73,
 139.923784,   35.480631,       -0.72,
 139.928288,   35.480631,       -0.68,
 139.932793,   35.480631,       -0.61,
 139.937297,   35.480631,       -0.49,
 139.941802,   35.480631,       -0.34,
 139.946306,   35.480631,       -0.14,
 139.950811,   35.480631,        0.05,
 139.955315,   35.480631,        0.24,
 139.959820,   35.480631,        0.45,
 139.964324,   35.480631,        0.63,
 139.968829,   35.480631,        0.74,
 139.973333,   35.480631,        0.84,
 139.977838,   35.480631,        0.92,
 139.982342,   35.480631,        0.98,
 139.986847,   35.480631,        1.03,
 139.991351,   35.480631,        1.06,
 139.995856,   35.480631,        1.09,
 140.000360,   35.480631,        1.11,
 140.004865,   35.480631,        1.19,
 140.009369,   35.480631,        1.22,
 140.013874,   35.480631,        1.06,
 140.018378,   35.480631,        0.91,
 140.022883,   35.480631,        0.76,
 140.027387,   35.480631,        0.61,
 140.031892,   35.480631,        0.47,
 140.036396,   35.480631,        0.33,
 140.040901,   35.480631,        0.19,
 140.045405,   35.480631,        0.06,
 140.049910,   35.480631,       -0.06,
 140.054414,   35.480631,       -0.18,
 140.058919,   35.480631,       -0.30,
 140.063423,   35.480631,       -0.42,
 140.067928,   35.480631,       -0.53,
 140.072432,   35.480631,       -0.64,
 140.076937,   35.480631,       -0.74,
 140.081441,   35.480631,       -0.84,
 140.085946,   35.480631,       -0.94,
 140.090450,   35.480631,       -1.04,
 140.094955,   35.480631,       -1.14,
 140.099459,   35.480631,       -1.24,
 140.103964,   35.480631,       -1.33,
 140.108468,   35.480631,       -1.40,
 140.112973,   35.480631,       -1.46,
 140.117477,   35.480631,       -1.51,
 140.121982,   35.480631,       -1.56,
 140.126486,   35.480631,       -1.62,
 140.130991,   35.480631,       -1.67,
 140.135495,   35.480631,       -1.72,
 140.140000,   35.480631,       -1.77,
 140.144505,   35.480631,       -1.82,
 140.149009,   35.480631,       -1.87,
 140.153514,   35.480631,       -1.92,
 140.158018,   35.480631,       -1.96,
 140.162523,   35.480631,       -2.00,
 140.167027,   35.480631,       -2.04,
 140.171532,   35.480631,       -2.08,
 140.176036,   35.480631,       -2.12,
 140.180541,   35.480631,       -2.16,
 140.185045,   35.480631,       -2.19,
 140.189550,   35.480631,       -2.22,
 140.194054,   35.480631,       -2.24,
 140.198559,   35.480631,       -2.26,
 140.203063,   35.480631,       -2.28,
 140.207568,   35.480631,       -2.30,
 140.212072,   35.480631,       -2.32,
 140.216577,   35.480631,       -2.34,
 140.221081,   35.480631,       -2.37,
 140.225586,   35.480631,       -2.39,
 140.230090,   35.480631,       -2.42,
 140.234595,   35.480631,       -2.44,
 140.239099,   35.480631,       -2.47,
 140.243604,   35.480631,       -2.50,
 140.248108,   35.480631,       -2.53,
 140.252613,   35.480631,       -2.56,
 140.257117,   35.480631,       -2.59,
 140.261622,   35.480631,       -2.62,
 140.266126,   35.480631,       -2.66,
 140.270631,   35.480631,       -2.69,
 140.275135,   35.480631,       -2.73,
 140.279640,   35.480631,       -2.77,
 140.284144,   35.480631,       -2.80,
 140.288649,   35.480631,       -2.84,
 140.293153,   35.480631,       -2.88,
 140.297658,   35.480631,       -2.92,
 140.302162,   35.480631,       -2.97,
 140.306667,   35.480631,       -3.01,
 140.311171,   35.480631,       -3.06,
 140.315676,   35.480631,       -3.10,
 140.320180,   35.480631,       -3.15,
 140.324685,   35.480631,       -3.20,
 140.329189,   35.480631,       -3.24,
 140.333694,   35.480631,       -3.29,
 140.338198,   35.480631,       -3.35,
 140.342703,   35.480631,       -3.40,
 140.347207,   35.480631,       -3.45,
 140.351712,   35.480631,       -3.50,
 140.356216,   35.480631,       -3.56,
 140.360721,   35.480631,       -3.62,
 140.365225,   35.480631,       -3.67,
 140.369730,   35.480631,       -3.73,
 140.374234,   35.480631,       -3.79,
 140.378739,   35.480631,       -3.85,
 140.383243,   35.480631,       -3.91,
 140.387748,   35.480631,       -3.98,
 139.140000,   35.485135,       12.43,
 139.144505,   35.485135,       12.04,
 139.149009,   35.485135,       11.65,
 139.153514,   35.485135,       11.26,
 139.158018,   35.485135,       10.88,
 139.162523,   35.485135,       10.51,
 139.167027,   35.485135,       10.14,
 139.171532,   35.485135,        9.77,
 139.176036,   35.485135,        9.41,
 139.180541,   35.485135,        9.06,
 139.185045,   35.485135,        8.71,
 139.189550,   35.485135,        8.37,
 139.194054,   35.485135,        8.03,
 139.198559,   35.485135,        7.70,
 139.203063,   35.485135,        7.37,
 139.207568,   35.485135,        7.05,
 139.212072,   35.485135,        6.73,
 139.216577,   35.485135,        6.42,
 139.221081,   35.485135,        6.12,
 139.225586,   35.485135,        5.82,
 139.230090,   35.485135,        5.52,
 139.234595,   35.485135,        5.23,
 139.239099,   35.485135,        4.94,
 139.243604,   35.485135,        4.66,
 139.248108,   35.485135,        4.39,
 139.252613,   35.485135,        4.12,
 139.257117,   35.485135,        3.85,
 139.261622,   35.485135,        3.60,
 139.266126,   35.485135,        3.34,
 139.270631,   35.485135,        3.09,
 139.275135,   35.485135,        2.85,
 139.279640,   35.485135,        2.61,
 139.284144,   35.485135,        2.38,
 139.288649,   35.485135,        2.15,
 139.293153,   35.485135,        1.93,
 139.297658,   35.485135,        1.71,
 139.302162,   35.485135,        1.50,
 139.306667,   35.485135,        1.29,
 139.311171,   35.485135,        1.09,
 139.315676,   35.485135,        0.89,
 139.320180,   35.485135,        0.70,
 139.324685,   35.485135,        0.52,
 139.329189,   35.485135,        0.34,
 139.333694,   35.485135,        0.16,
 139.338198,   35.485135,       -0.01,
 139.342703,   35.485135,       -0.17,
 139.347207,   35.485135,       -0.33,
 139.351712,   35.485135,       -0.49,
 139.356216,   35.485135,       -0.64,
 139.360721,   35.485135,       -0.78,
 139.365225,   35.485135,       -0.92,
 139.369730,   35.485135,       -1.05,
 139.374234,   35.485135,       -1.18,
 139.378739,   35.485135,       -1.30,
 139.383243,   35.485135,       -1.42,
 139.387748,   35.485135,       -1.53,
 139.392252,   35.485135,       -1.64,
 139.396757,   35.485135,       -1.74,
 139.401261,   35.485135,       -1.84,
 139.405766,   35.485135,       -1.93,
 139.410270,   35.485135,       -2.02,
 139.414775,   35.485135,       -2.10,
 139.419279,   35.485135,       -2.18,
 139.423784,   35.485135,       -2.25,
 139.428288,   35.485135,       -2.31,
 139.432793,   35.485135,       -2.37,
 139.437297,   35.485135,       -2.43,
 139.441802,   35.485135,       -2.48,
 139.446306,   35.485135,       -2.52,
 139.450811,   35.485135,       -2.56,
 139.455315,   35.485135,       -2.59,
 139.459820,   35.485135,       -2.62,
 139.464324,   35.485135,       -2.65,
 139.468829,   35.485135,       -2.66,
 139.473333,   35.485135,       -2.68,
 139.477838,   35.485135,       -2.68,
 139.482342,   35.485135,       -2.69,
 139.486847,   35.485135,       -2.68,
 139.491351,   35.485135,       -2.68,
 139.495856,   35.485135,       -2.66,
 139.500360,   35.485135,       -2.65,
 139.504865,   35.485135,       -2.62,
 139.509369,   35.485135,       -2.59,
 139.513874,   35.485135,       -2.99,
 139.518378,   35.485135,       -3.51,
 139.522883,   35.485135,       -3.73,
 139.527387,   35.485135,       -3.61,
 139.531892,   35.485135,       -3.47,
 139.536396,   35.485135,       -3.34,
 139.540901,   35.485135,       -3.20,
 139.545405,   35.485135,       -3.06,
 139.549910,   35.485135,       -2.91,
 139.554414,   35.485135,       -2.76,
 139.558919,   35.485135,       -2.61,
 139.563423,   35.485135,       -2.45,
 139.567928,   35.485135,       -2.28,
 139.572432,   35.485135,       -2.10,
 139.576937,   35.485135,       -1.92,
 139.581441,   35.485135,       -1.73,
 139.585946,   35.485135,       -1.53,
 139.590450,   35.485135,       -1.32,
 139.594955,   35.485135,       -1.11,
 139.599459,   35.485135,       -0.90,
 139.603964,   35.485135,       -0.68,
 139.608468,   35.485135,       -0.46,
 139.612973,   35.485135,       -0.24,
 139.617477,   35.485135,       -0.01,
 139.621982,   35.485135,        0.23,
 139.626486,   35.485135,        0.47,
 139.630991,   35.485135,        0.71,
 139.635495,   35.485135,        0.97,
 139.640000,   35.485135,        1.23,
 139.644505,   35.485135,        1.09,
 139.649009,   35.485135,        0.71,
 139.653514,   35.485135,        0.42,
 139.658018,   35.485135,        0.23,
 139.662523,   35.485135,        0.15,
 139.667027,   35.485135,        0.16,
 139.671532,   35.485135,        0.23,
 139.676036,   35.485135,        0.31,
 139.680541,   35.485135,        0.39,
 139.685045,   35.485135,         NaN,
 139.689550,   35.485135,         NaN,
 139.694054,   35.485135,         NaN,
 139.698559,   35.485135,         NaN,
 139.703063,   35.485135,         NaN,
 139.707568,   35.485135,         NaN,
 139.712072,   35.485135,         NaN,
 139.716577,   35.485135,         NaN,
 139.721081,   35.485135,         NaN,
 139.725586,   35.485135,         NaN,
 139.730090,   35.485135,         NaN,
 139.734595,   35.485135,         NaN,
 139.739099,   35.485135,         NaN,
 139.743604,   35.485135,         NaN,
 139.748108,   35.485135,         NaN,
 139.752613,   35.485135,         NaN,
 139.757117,   35.485135,         NaN,
 139.761622,   35.485135,         NaN,
 139.766126,   35.485135,         NaN,
 139.770631,   35.485135,         NaN,
 139.775135,   35.485135,         NaN,
 139.779640,   35.485135,       -0.73,
 139.784144,   35.485135,       -0.94,
 139.788649,   35.485135,       -1.02,
 139.793153,   35.485135,       -0.95,
 139.797658,   35.485135,       -0.90,
 139.802162,   35.485135,       -0.82,
 139.806667,   35.485135,       -0.72,
 139.811171,   35.485135,       -0.64,
 139.815676,   35.485135,       -0.57,
 139.820180,   35.485135,       -0.50,
 139.824685,   35.485135,       -0.44,
 139.829189,   35.485135,       -0.39,
 139.833694,   35.485135,       -0.34,
 139.838198,   35.485135,       -0.29,
 139.842703,   35.485135,       -0.24,
 139.847207,   35.485135,       -0.19,
 139.851712,   35.485135,       -0.15,
 139.856216,   35.485135,       -0.11,
 139.860721,   35.485135,       -0.11,
 139.865225,   35.485135,       -0.11,
 139.869730,   35.485135,       -0.12,
 139.874234,   35.485135,       -0.15,
 139.878739,   35.485135,       -0.18,
 139.883243,   35.485135,       -0.22,
 139.887748,   35.485135,       -0.27,
 139.892252,   35.485135,       -0.34,
 139.896757,   35.485135,       -0.44,
 139.901261,   35.485135,       -0.53,
 139.905766,   35.485135,       -0.61,
 139.910270,   35.485135,       -0.68,
 139.914775,   35.485135,       -0.74,
 139.919279,   35.485135,       -0.79,
 139.923784,   35.485135,       -0.77,
 139.928288,   35.485135,       -0.75,
 139.932793,   35.485135,       -0.68,
 139.937297,   35.485135,       -0.59,
 139.941802,   35.485135,       -0.47,
 139.946306,   35.485135,       -0.30,
 139.950811,   35.485135,       -0.14,
 139.955315,   35.485135,        0.07,
 139.959820,   35.485135,        0.27,
 139.964324,   35.485135,        0.45,
 139.968829,   35.485135,        0.60,
 139.973333,   35.485135,        0.72,
 139.977838,   35.485135,        0.79,
 139.982342,   35.485135,        0.88,
 139.986847,   35.485135,        0.95,
 139.991351,   35.485135,        1.03,
 139.995856,   35.485135,        1.09,
 140.000360,   35.485135,        1.16,
 140.004865,   35.485135,        1.23,
 140.009369,   35.485135,        1.29,
 140.013874,   35.485135,        1.32,
 140.018378,   35.485135,        1.18,
 140.022883,   35.485135,        1.02,
 140.027387,   35.485135,        0.86,
 140.031892,   35.485135,        0.71,
 140.036396,   35.485135,        0.56,
 140.040901,   35.485135,        0.42,
 140.045405,   35.485135,        0.29,
 140.049910,   35.485135,        0.16,
 140.054414,   35.485135,        0.04,
 140.058919,   35.485135,       -0.09,
 140.063423,   35.485135,       -0.20,
 140.067928,   35.485135,       -0.32,
 140.072432,   35.485135,       -0.43,
 140.076937,   35.485135,       -0.53,
 140.081441,   35.485135,       -0.64,
 140.085946,   35.485135,       -0.74,
 140.090450,   35.485135,       -0.84,
 140.094955,   35.485135,       -0.94,
 140.099459,   35.485135,       -1.04,
 140.103964,   35.485135,       -1.12,
 140.108468,   35.485135,       -1.19,
 140.112973,   35.485135,       -1.25,
 140.117477,   35.485135,       -1.30,
 140.121982,   35.485135,       -1.35,
 140.126486,   35.485135,       -1.41,
 140.130991,   35.485135,       -1.46,
 140.135495,   35.485135,       -1.51,
 140.140000,   35.485135,       -1.56,
 140.144505,   35.485135,       -1.61,
 140.149009,   35.485135,       -1.66,
 140.153514,   35.485135,       -1.70,
 140.158018,   35.485135,       -1.74,
 140.162523,   35.485135,       -1.79,
 140.167027,   35.485135,       -1.83,
 140.171532,   35.485135,       -1.86,
 140.176036,   35.485135,       -1.90,
 140.180541,   35.485135,       -1.94,
 140.185045,   35.485135,       -1.97,
 140.189550,   35.485135,       -1.99,
 140.194054,   35.485135,       -2.01,
 140.198559,   35.485135,       -2.03,
 140.203063,   35.485135,       -2.05,
 140.207568,   35.485135,       -2.07,
 140.212072,   35.485135,       -2.09,
 140.216577,   35.485135,       -2.11,
 140.221081,   35.485135,       -2.13,
 140.225586,   35.485135,       -2.15,
 140.230090,   35.485135,       -2.18,
 140.234595,   35.485135,       -2.21,
 140.239099,   35.485135,       -2.23,
 140.243604,   35.485135,       -2.26,
 140.248108,   35.485135,       -2.29,
 140.252613,   35.485135,       -2.32,
 140.257117,   35.485135,       -2.35,
 140.261622,   35.485135,       -2.38,
 140.266126,   35.485135,       -2.42,
 140.270631,   35.485135,       -2.45,
 140.275135,   35.485135,       -2.49,
 140.279640,   35.485135,       -2.52,
 140.284144,   35.485135,       -2.56,
 140.288649,   35.485135,       -2.60,
 140.293153,   35.485135,       -2.64,
 140.297658,   35.485135,       -2.68,
 140.302162,   35.485135,       -2.72,
 140.306667,   35.485135,       -2.77,
 140.311171,   35.485135,       -2.81,
 140.315676,   35.485135,       -2.86,
 140.320180,   35.485135,       -2.90,
 140.324685,   35.485135,       -2.95,
 140.329189,   35.485135,       -3.00,
 140.333694,   35.485135,       -3.05,
 140.338198,   35.485135,       -3.10,
 140.342703,   35.485135,       -3.15,
 140.347207,   35.485135,       -3.20,
 140.351712,   35.485135,       -3.26,
 140.356216,   35.485135,       -3.31,
 140.360721,   35.485135,       -3.37,
 140.365225,   35.485135,       -3.42,
 140.369730,   35.485135,       -3.48,
 140.374234,   35.485135,       -3.54,
 140.378739,   35.485135,       -3.60,
 140.383243,   35.485135,       -3.66,
 140.387748,   35.485135,       -3.73,
 139.140000,   35.489640,       12.63,
 139.144505,   35.489640,       12.23,
 139.149009,   35.489640,       11.84,
 139.153514,   35.489640,       11.45,
 139.158018,   35.489640,       11.07,
 139.162523,   35.489640,       10.69,
 139.167027,   35.489640,       10.32,
 139.171532,   35.489640,        9.96,
 139.176036,   35.489640,        9.60,
 139.180541,   35.489640,        9.24,
 139.185045,   35.489640,        8.89,
 139.189550,   35.489640,        8.55,
 139.194054,   35.489640,        8.21,
 139.198559,   35.489640,        7.87,
 139.203063,   35.489640,        7.54,
 139.207568,   35.489640,        7.22,
 139.212072,   35.489640,        6.90,
 139.216577,   35.489640,        6.58,
 139.221081,   35.489640,        6.28,
 139.225586,   35.489640,        5.97,
 139.230090,   35.489640,        5.67,
 139.234595,   35.489640,        5.38,
 139.239099,   35.489640,        5.09,
 139.243604,   35.489640,        4.81,
 139.248108,   35.489640,        4.53,
 139.252613,   35.489640,        4.26,
 139.257117,   35.489640,        4.00,
 139.261622,   35.489640,        3.74,
 139.266126,   35.489640,        3.48,
 139.270631,   35.489640,        3.23,
 139.275135,   35.489640,        2.98,
 139.279640,   35.489640,        2.74,
 139.284144,   35.489640,        2.51,
 139.288649,   35.489640,        2.28,
 139.293153,   35.489640,        2.05,
 139.297658,   35.489640,        1.83,
 139.302162,   35.489640,        1.62,
 139.306667,   35.489640,        1.41,
 139.311171,   35.489640,        1.21,
 139.315676,   35.489640,        1.01,
 139.320180,   35.489640,        0.81,
 139.324685,   35.489640,        0.63,
 139.329189,   35.489640,        0.44,
 139.333694,   35.489640,        0.27,
 139.338198,   35.489640,        0.09,
 139.342703,   35.489640,       -0.07,
 139.347207,   35.489640,       -0.24,
 139.351712,   35.489640,       -0.39,
 139.356216,   35.489640,       -0.54,
 139.360721,   35.489640,       -0.69,
 139.365225,   35.489640,       -0.83,
 139.369730,   35.489640,       -0.97,
 139.374234,   35.489640,       -1.10,
 139.378739,   35.489640,       -1.22,
 139.383243,   35.489640,       -1.34,
 139.387748,   35.489640,       -1.46,
 139.392252,   35.489640,       -1.57,
 139.396757,   35.489640,       -1.67,
 139.401261,   35.489640,       -1.77,
 139.405766,   35.489640,       -1.86,
 139.410270,   35.489640,       -1.95,
 139.414775,   35.489640,       -2.03,
 139.419279,   35.489640,       -2.11,
 139.423784,   35.489640,       -2.19,
 139.428288,   35.489640,       -2.25,
 139.432793,   35.489640,       -2.32,
 139.437297,   35.489640,       -2.37,
 139.441802,   35.489640,       -2.42,
 139.446306,   35.489640,       -2.47,
 139.450811,   35.489640,       -2.51,
 139.455315,   35.489640,       -2.55,
 139.459820,   35.489640,       -2.58,
 139.464324,   35.489640,       -2.61,
 139.468829,   35.489640,       -2.63,
 139.473333,   35.489640,       -2.64,
 139.477838,   35.489640,       -2.65,
 139.482342,   35.489640,       -2.66,
 139.486847,   35.489640,       -2.66,
 139.491351,   35.489640,       -2.65,
 139.495856,   35.489640,       -2.64,
 139.500360,   35.489640,       -2.62,
 139.504865,   35.489640,       -2.60,
 139.509369,   35.489640,       -2.57,
 139.513874,   35.489640,       -2.54,
 139.518378,   35.489640,       -2.60,
 139.522883,   35.489640,       -3.19,
 139.527387,   35.489640,       -3.57,
 139.531892,   35.489640,       -3.56,
 139.536396,   35.489640,       -3.43,
 139.540901,   35.489640,       -3.29,
 139.545405,   35.489640,       -3.15,
 139.549910,   35.489640,       -3.01,
 139.554414,   35.489640,       -2.86,
 139.558919,   35.489640,       -2.71,
 139.563423,   35.489640,       -2.56,
 139.567928,   35.489640,       -2.40,
 139.572432,   35.489640,       -2.23,
 139.576937,   35.489640,       -2.06,
 139.581441,   35.489640,       -1.88,
 139.585946,   35.489640,       -1.69,
 139.590450,   35.489640,       -1.49,
 139.594955,   35.489640,       -1.28,
 139.599459,   35.489640,       -1.07,
 139.603964,   35.489640,       -0.86,
 139.608468,   35.489640,       -0.65,
 139.612973,   35.489640,       -0.43,
 139.617477,   35.489640,       -0.21,
 139.621982,   35.489640,        0.02,
 139.626486,   35.489640,        0.24,
 139.630991,   35.489640,        0.48,
 139.635495,   35.489640,        0.71,
 139.640000,   35.489640,        0.96,
 139.644505,   35.489640,        1.17,
 139.649009,   35.489640,        1.00,
 139.653514,   35.489640,        0.69,
 139.658018,   35.489640,        0.46,
 139.662523,   35.489640,        0.31,
 139.667027,   35.489640,        0.23,
 139.671532,   35.489640,        0.18,
 139.676036,   35.489640,         NaN,
 139.680541,   35.489640,         NaN,
 139.685045,   35.489640,         NaN,
 139.689550,   35.489640,         NaN,
 139.694054,   35.489640,         NaN,
 139.698559,   35.489640,         NaN,
 139.703063,   35.489640,         NaN,
 139.707568,   35.489640,         NaN,
 139.712072,   35.489640,         NaN,
 139.716577,   35.489640,         NaN,
 139.721081,   35.489640,         NaN,
 139.725586,   35.489640,         NaN,
 139.730090,   35.489640,         NaN,
 139.734595,   35.489640,         NaN,
 139.739099,   35.489640,         NaN,
 139.743604,   35.489640,         NaN,
 139.748108,   35.489640,         NaN,
 139.752613,   35.489640,         NaN,
 139.757117,   35.489640,         NaN,
 139.761622,   35.489640,         NaN,
 139.766126,   35.489640,         NaN,
 139.770631,   35.489640,         NaN,
 139.775135,   35.489640,         NaN,
 139.779640,   35.489640,         NaN,
 139.784144,   35.489640,       -0.86,
 139.788649,   35.489640,       -1.02,
 139.793153,   35.489640,       -1.02,
 139.797658,   35.489640,       -0.96,
 139.802162,   35.489640,       -0.91,
 139.806667,   35.489640,       -0.84,
 139.811171,   35.489640,       -0.78,
 139.815676,   35.489640,       -0.75,
 139.820180,   35.489640,       -0.70,
 139.824685,   35.489640,       -0.65,
 139.829189,   35.489640,       -0.61,
 139.833694,   35.489640,       -0.56,
 139.838198,   35.489640,       -0.53,
 139.842703,   35.489640,       -0.49,
 139.847207,   35.489640,       -0.44,
 139.851712,   35.489640,       -0.40,
 139.856216,   35.489640,       -0.36,
 139.860721,   35.489640,       -0.36,
 139.865225,   35.489640,       -0.35,
 139.869730,   35.489640,       -0.35,
 139.874234,   35.489640,       -0.37,
 139.878739,   35.489640,       -0.39,
 139.883243,   35.489640,       -0.42,
 139.887748,   35.489640,       -0.46,
 139.892252,   35.489640,       -0.50,
 139.896757,   35.489640,       -0.57,
 139.901261,   35.489640,       -0.63,
 139.905766,   35.489640,       -0.69,
 139.910270,   35.489640,       -0.76,
 139.914775,   35.489640,       -0.80,
 139.919279,   35.489640,       -0.82,
 139.923784,   35.489640,       -0.83,
 139.928288,   35.489640,       -0.82,
 139.932793,   35.489640,       -0.75,
 139.937297,   35.489640,       -0.67,
 139.941802,   35.489640,       -0.58,
 139.946306,   35.489640,       -0.44,
 139.950811,   35.489640,       -0.31,
 139.955315,   35.489640,       -0.14,
 139.959820,   35.489640,        0.06,
 139.964324,   35.489640,        0.22,
 139.968829,   35.489640,        0.38,
 139.973333,   35.489640,        0.51,
 139.977838,   35.489640,        0.63,
 139.982342,   35.489640,        0.74,
 139.986847,   35.489640,        0.86,
 139.991351,   35.489640,        0.97,
 139.995856,   35.489640,        1.07,
 140.000360,   35.489640,        1.15,
 140.004865,   35.489640,        1.24,
 140.009369,   35.489640,        1.30,
 140.013874,   35.489640,        1.37,
 140.018378,   35.489640,        1.40,
 140.022883,   35.489640,        1.26,
 140.027387,   35.489640,        1.10,
 140.031892,   35.489640,        0.94,
 140.036396,   35.489640,        0.79,
 140.040901,   35.489640,        0.65,
 140.045405,   35.489640,        0.51,
 140.049910,   35.489640,        0.38,
 140.054414,   35.489640,        0.25,
 140.058919,   35.489640,        0.13,
 140.063423,   35.489640,        0.01,
 140.067928,   35.489640,       -0.11,
 140.072432,   35.489640,       -0.22,
 140.076937,   35.489640,       -0.33,
 140.081441,   35.489640,       -0.43,
 140.085946,   35.489640,       -0.53,
 140.090450,   35.489640,       -0.64,
 140.094955,   35.489640,       -0.74,
 140.099459,   35.489640,       -0.84,
 140.103964,   35.489640,       -0.92,
 140.108468,   35.489640,       -0.99,
 140.112973,   35.489640,       -1.04,
 140.117477,   35.489640,       -1.09,
 140.121982,   35.489640,       -1.14,
 140.126486,   35.489640,       -1.20,
 140.130991,   35.489640,       -1.25,
 140.135495,   35.489640,       -1.30,
 140.140000,   35.489640,       -1.35,
 140.144505,   35.489640,       -1.39,
 140.149009,   35.489640,       -1.44,
 140.153514,   35.489640,       -1.48,
 140.158018,   35.489640,       -1.53,
 140.162523,   35.489640,       -1.57,
 140.167027,   35.489640,       -1.61,
 140.171532,   35.489640,       -1.65,
 140.176036,   35.489640,       -1.68,
 140.180541,   35.489640,       -1.72,
 140.185045,   35.489640,       -1.74,
 140.189550,   35.489640,       -1.76,
 140.194054,   35.489640,       -1.78,
 140.198559,   35.489640,       -1.79,
 140.203063,   35.489640,       -1.81,
 140.207568,   35.489640,       -1.83,
 140.212072,   35.489640,       -1.85,
 140.216577,   35.489640,       -1.87,
 140.221081,   35.489640,       -1.89,
 140.225586,   35.489640,       -1.92,
 140.230090,   35.489640,       -1.94,
 140.234595,   35.489640,       -1.97,
 140.239099,   35.489640,       -1.99,
 140.243604,   35.489640,       -2.02,
 140.248108,   35.489640,       -2.05,
 140.252613,   35.489640,       -2.08,
 140.257117,   35.489640,       -2.11,
 140.261622,   35.489640,       -2.14,
 140.266126,   35.489640,       -2.18,
 140.270631,   35.489640,       -2.21,
 140.275135,   35.489640,       -2.25,
 140.279640,   35.489640,       -2.28,
 140.284144,   35.489640,       -2.32,
 140.288649,   35.489640,       -2.36,
 140.293153,   35.489640,       -2.40,
 140.297658,   35.489640,       -2.44,
 140.302162,   35.489640,       -2.48,
 140.306667,   35.489640,       -2.52,
 140.311171,   35.489640,       -2.57,
 140.315676,   35.489640,       -2.61,
 140.320180,   35.489640,       -2.66,
 140.324685,   35.489640,       -2.70,
 140.329189,   35.489640,       -2.75,
 140.333694,   35.489640,       -2.80,
 140.338198,   35.489640,       -2.85,
 140.342703,   35.489640,       -2.90,
 140.347207,   35.489640,       -2.95,
 140.351712,   35.489640,       -3.01,
 140.356216,   35.489640,       -3.06,
 140.360721,   35.489640,       -3.12,
 140.365225,   35.489640,       -3.17,
 140.369730,   35.489640,       -3.23,
 140.374234,   35.489640,       -3.29,
 140.378739,   35.489640,       -3.35,
 140.383243,   35.489640,       -3.41,
 140.387748,   35.489640,       -3.47,
 139.140000,   35.494144,       12.82,
 139.144505,   35.494144,       12.42,
 139.149009,   35.494144,       12.03,
 139.153514,   35.494144,       11.64,
 139.158018,   35.494144,       11.26,
 139.162523,   35.494144,       10.88,
 139.167027,   35.494144,       10.50,
 139.171532,   35.494144,       10.14,
 139.176036,   35.494144,        9.77,
 139.180541,   35.494144,        9.42,
 139.185045,   35.494144,        9.06,
 139.189550,   35.494144,        8.72,
 139.194054,   35.494144,        8.37,
 139.198559,   35.494144,        8.04,
 139.203063,   35.494144,        7.70,
 139.207568,   35.494144,        7.38,
 139.212072,   35.494144,        7.06,
 139.216577,   35.494144,        6.74,
 139.221081,   35.494144,        6.43,
 139.225586,   35.494144,        6.12,
 139.230090,   35.494144,        5.82,
 139.234595,   35.494144,        5.53,
 139.239099,   35.494144,        5.24,
 139.243604,   35.494144,        4.96,
 139.248108,   35.494144,        4.68,
 139.252613,   35.494144,        4.40,
 139.257117,   35.494144,        4.13,
 139.261622,   35.494144,        3.87,
 139.266126,   35.494144,        3.61,
 139.270631,   35.494144,        3.36,
 139.275135,   35.494144,        3.11,
 139.279640,   35.494144,        2.87,
 139.284144,   35.494144,        2.63,
 139.288649,   35.494144,        2.40,
 139.293153,   35.494144,        2.17,
 139.297658,   35.494144,        1.95,
 139.302162,   35.494144,        1.73,
 139.306667,   35.494144,        1.52,
 139.311171,   35.494144,        1.32,
 139.315676,   35.494144,        1.12,
 139.320180,   35.494144,        0.92,
 139.324685,   35.494144,        0.73,
 139.329189,   35.494144,        0.54,
 139.333694,   35.494144,        0.36,
 139.338198,   35.494144,        0.19,
 139.342703,   35.494144,        0.02,
 139.347207,   35.494144,       -0.14,
 139.351712,   35.494144,       -0.30,
 139.356216,   35.494144,       -0.46,
 139.360721,   35.494144,       -0.60,
 139.365225,   35.494144,       -0.75,
 139.369730,   35.494144,       -0.88,
 139.374234,   35.494144,       -1.02,
 139.378739,   35.494144,       -1.14,
 139.383243,   35.494144,       -1.27,
 139.387748,   35.494144,       -1.38,
 139.392252,   35.494144,       -1.50,
 139.396757,   35.494144,       -1.60,
 139.401261,   35.494144,       -1.70,
 139.405766,   35.494144,       -1.80,
 139.410270,   35.494144,       -1.89,
 139.414775,   35.494144,       -1.98,
 139.419279,   35.494144,       -2.06,
 139.423784,   35.494144,       -2.13,
 139.428288,   35.494144,       -2.20,
 139.432793,   35.494144,       -2.27,
 139.437297,   35.494144,       -2.32,
 139.441802,   35.494144,       -2.38,
 139.446306,   35.494144,       -2.43,
 139.450811,   35.494144,       -2.47,
 139.455315,   35.494144,       -2.51,
 139.459820,   35.494144,       -2.54,
 139.464324,   35.494144,       -2.57,
 139.468829,   35.494144,       -2.59,
 139.473333,   35.494144,       -2.61,
 139.477838,   35.494144,       -2.62,
 139.482342,   35.494144,       -2.63,
 139.486847,   35.494144,       -2.63,
 139.491351,   35.494144,       -2.63,
 139.495856,   35.494144,       -2.62,
 139.500360,   35.494144,       -2.60,
 139.504865,   35.494144,       -2.59,
 139.509369,   35.494144,       -2.56,
 139.513874,   35.494144,       -2.53,
 139.518378,   35.494144,       -2.50,
 139.522883,   35.494144,       -2.46,
 139.527387,   35.494144,       -2.83,
 139.531892,   35.494144,       -3.32,
 139.536396,   35.494144,       -3.51,
 139.540901,   35.494144,       -3.38,
 139.545405,   35.494144,       -3.24,
 139.549910,   35.494144,       -3.10,
 139.554414,   35.494144,       -2.96,
 139.558919,   35.494144,       -2.82,
 139.563423,   35.494144,       -2.67,
 139.567928,   35.494144,       -2.51,
 139.572432,   35.494144,       -2.35,
 139.576937,   35.494144,       -2.19,
 139.581441,   35.494144,       -2.02,
 139.585946,   35.494144,       -1.84,
 139.590450,   35.494144,       -1.65,
 139.594955,   35.494144,       -1.45,
 139.599459,   35.494144,       -1.25,
 139.603964,   35.494144,       -1.04,
 139.608468,   35.494144,       -0.83,
 139.612973,   35.494144,       -0.62,
 139.617477,   35.494144,       -0.40,
 139.621982,   35.494144,       -0.19,
 139.626486,   35.494144,        0.03,
 139.630991,   35.494144,        0.25,
 139.635495,   35.494144,        0.48,
 139.640000,   35.494144,        0.71,
 139.644505,   35.494144,        0.93,
 139.649009,   35.494144,        1.10,
 139.653514,   35.494144,        0.91,
 139.658018,   35.494144,        0.65,
 139.662523,   35.494144,        0.43,
 139.667027,   35.494144,        0.27,
 139.671532,   35.494144,         NaN,
 139.676036,   35.494144,         NaN,
 139.680541,   35.494144,         NaN,
 139.685045,   35.494144,         NaN,
 139.689550,   35.494144,         NaN,
 139.694054,   35.494144,         NaN,
 139.698559,   35.494144,         NaN,
 139.703063,   35.494144,         NaN,
 139.707568,   35.494144,         NaN,
 139.712072,   35.494144,         NaN,
 139.716577,   35.494144,         NaN,
 139.721081,   35.494144,         NaN,
 139.725586,   35.494144,         NaN,
 139.730090,   35.494144,         NaN,
 139.734595,   35.494144,         NaN,
 139.739099,   35.494144,         NaN,
 139.743604,   35.494144,         NaN,
 139.748108,   35.494144,         NaN,
 139.752613,   35.494144,         NaN,
 139.757117,   35.494144,         NaN,
 139.761622,   35.494144,         NaN,
 139.766126,   35.494144,         NaN,
 139.770631,   35.494144,         NaN,
 139.775135,   35.494144,         NaN,
 139.779640,   35.494144,         NaN,
 139.784144,   35.494144,         NaN,
 139.788649,   35.494144,       -0.89,
 139.793153,   35.494144,       -1.00,
 139.797658,   35.494144,       -0.98,
 139.802162,   35.494144,       -0.98,
 139.806667,   35.494144,       -0.94,
 139.811171,   35.494144,       -0.92,
 139.815676,   35.494144,       -0.92,
 139.820180,   35.494144,       -0.89,
 139.824685,   35.494144,       -0.85,
 139.829189,   35.494144,       -0.82,
 139.833694,   35.494144,       -0.79,
 139.838198,   35.494144,       -0.77,
 139.842703,   35.494144,       -0.73,
 139.847207,   35.494144,       -0.70,
 139.851712,   35.494144,       -0.66,
 139.856216,   35.494144,       -0.63,
 139.860721,   35.494144,       -0.61,
 139.865225,   35.494144,       -0.59,
 139.869730,   35.494144,       -0.58,
 139.874234,   35.494144,       -0.57,
 139.878739,   35.494144,       -0.58,
 139.883243,   35.494144,       -0.59,
 139.887748,   35.494144,       -0.61,
 139.892252,   35.494144,       -0.65,
 139.896757,   35.494144,       -0.69,
 139.901261,   35.494144,       -0.74,
 139.905766,   35.494144,       -0.78,
 139.910270,   35.494144,       -0.83,
 139.914775,   35.494144,       -0.85,
 139.919279,   35.494144,       -0.86,
 139.923784,   35.494144,       -0.87,
 139.928288,   35.494144,       -0.87,
 139.932793,   35.494144,       -0.81,
 139.937297,   35.494144,       -0.74,
 139.941802,   35.494144,       -0.67,
 139.946306,   35.494144,       -0.55,
 139.950811,   35.494144,       -0.42,
 139.955315,   35.494144,       -0.29,
 139.959820,   35.494144,       -0.13,
 139.964324,   35.494144,        0.03,
 139.968829,   35.494144,        0.18,
 139.973333,   35.494144,        0.32,
 139.977838,   35.494144,        0.46,
 139.982342,   35.494144,        0.59,
 139.986847,   35.494144,        0.73,
 139.991351,   35.494144,        0.85,
 139.995856,   35.494144,        1.00,
 140.000360,   35.494144,        1.10,
 140.004865,   35.494144,        1.21,
 140.009369,   35.494144,        1.30,
 140.013874,   35.494144,        1.36,
 140.018378,   35.494144,        1.43,
 140.022883,   35.494144,        1.48,
 140.027387,   35.494144,        1.34,
 140.031892,   35.494144,        1.17,
 140.036396,   35.494144,        1.01,
 140.040901,   35.494144,        0.86,
 140.045405,   35.494144,        0.72,
 140.049910,   35.494144,        0.59,
 140.054414,   35.494144,        0.46,
 140.058919,   35.494144,        0.34,
 140.063423,   35.494144,        0.22,
 140.067928,   35.494144,        0.10,
 140.072432,   35.494144,       -0.01,
 140.076937,   35.494144,       -0.12,
 140.081441,   35.494144,       -0.23,
 140.085946,   35.494144,       -0.33,
 140.090450,   35.494144,       -0.44,
 140.094955,   35.494144,       -0.54,
 140.099459,   35.494144,       -0.64,
 140.103964,   35.494144,       -0.72,
 140.108468,   35.494144,       -0.78,
 140.112973,   35.494144,       -0.84,
 140.117477,   35.494144,       -0.88,
 140.121982,   35.494144,       -0.94,
 140.126486,   35.494144,       -0.99,
 140.130991,   35.494144,       -1.04,
 140.135495,   35.494144,       -1.09,
 140.140000,   35.494144,       -1.13,
 140.144505,   35.494144,       -1.18,
 140.149009,   35.494144,       -1.23,
 140.153514,   35.494144,       -1.27,
 140.158018,   35.494144,       -1.31,
 140.162523,   35.494144,       -1.35,
 140.167027,   35.494144,       -1.39,
 140.171532,   35.494144,       -1.43,
 140.176036,   35.494144,       -1.46,
 140.180541,   35.494144,       -1.49,
 140.185045,   35.494144,       -1.51,
 140.189550,   35.494144,       -1.52,
 140.194054,   35.494144,       -1.54,
 140.198559,   35.494144,       -1.56,
 140.203063,   35.494144,       -1.57,
 140.207568,   35.494144,       -1.59,
 140.212072,   35.494144,       -1.61,
 140.216577,   35.494144,       -1.63,
 140.221081,   35.494144,       -1.66,
 140.225586,   35.494144,       -1.68,
 140.230090,   35.494144,       -1.70,
 140.234595,   35.494144,       -1.73,
 140.239099,   35.494144,       -1.75,
 140.243604,   35.494144,       -1.78,
 140.248108,   35.494144,       -1.81,
 140.252613,   35.494144,       -1.84,
 140.257117,   35.494144,       -1.87,
 140.261622,   35.494144,       -1.90,
 140.266126,   35.494144,       -1.93,
 140.270631,   35.494144,       -1.97,
 140.275135,   35.494144,       -2.00,
 140.279640,   35.494144,       -2.04,
 140.284144,   35.494144,       -2.08,
 140.288649,   35.494144,       -2.11,
 140.293153,   35.494144,       -2.15,
 140.297658,   35.494144,       -2.19,
 140.302162,   35.494144,       -2.23,
 140.306667,   35.494144,       -2.28,
 140.311171,   35.494144,       -2.32,
 140.315676,   35.494144,       -2.36,
 140.320180,   35.494144,       -2.41,
 140.324685,   35.494144,       -2.46,
 140.329189,   35.494144,       -2.50,
 140.333694,   35.494144,       -2.55,
 140.338198,   35.494144,       -2.60,
 140.342703,   35.494144,       -2.65,
 140.347207,   35.494144,       -2.70,
 140.351712,   35.494144,       -2.76,
 140.356216,   35.494144,       -2.81,
 140.360721,   35.494144,       -2.87,
 140.365225,   35.494144,       -2.92,
 140.369730,   35.494144,       -2.98,
 140.374234,   35.494144,       -3.04,
 140.378739,   35.494144,       -3.10,
 140.383243,   35.494144,       -3.16,
 140.387748,   35.494144,       -3.22,
 139.140000,   35.498649,       13.01,
 139.144505,   35.498649,       12.61,
 139.149009,   35.498649,       12.21,
 139.153514,   35.498649,       11.82,
 139.158018,   35.498649,       11.44,
 139.162523,   35.498649,       11.06,
 139.167027,   35.498649,       10.68,
 139.171532,   35.498649,       10.31,
 139.176036,   35.498649,        9.94,
 139.180541,   35.498649,        9.58,
 139.185045,   35.498649,        9.23,
 139.189550,   35.498649,        8.88,
 139.194054,   35.498649,        8.54,
 139.198559,   35.498649,        8.20,
 139.203063,   35.498649,        7.86,
 139.207568,   35.498649,        7.53,
 139.212072,   35.498649,        7.21,
 139.216577,   35.498649,        6.89,
 139.221081,   35.498649,        6.58,
 139.225586,   35.498649,        6.27,
 139.230090,   35.498649,        5.97,
 139.234595,   35.498649,        5.67,
 139.239099,   35.498649,        5.38,
 139.243604,   35.498649,        5.09,
 139.248108,   35.498649,        4.81,
 139.252613,   35.498649,        4.54,
 139.257117,   35.498649,        4.26,
 139.261622,   35.498649,        4.00,
 139.266126,   35.498649,        3.74,
 139.270631,   35.498649,        3.48,
 139.275135,   35.498649,        3.23,
 139.279640,   35.498649,        2.99,
 139.284144,   35.498649,        2.75,
 139.288649,   35.498649,        2.51,
 139.293153,   35.498649,        2.29,
 139.297658,   35.498649,        2.06,
 139.302162,   35.498649,        1.84,
 139.306667,   35.498649,        1.63,
 139.311171,   35.498649,        1.42,
 139.315676,   35.498649,        1.22,
 139.320180,   35.498649,        1.02,
 139.324685,   35.498649,        0.83,
 139.329189,   35.498649,        0.64,
 139.333694,   35.498649,        0.46,
 139.338198,   35.498649,        0.28,
 139.342703,   35.498649,        0.11,
 139.347207,   35.498649,       -0.06,
 139.351712,   35.498649,       -0.22,
 139.356216,   35.498649,       -0.37,
 139.360721,   35.498649,       -0.52,
 139.365225,   35.498649,       -0.67,
 139.369730,   35.498649,       -0.81,
 139.374234,   35.498649,       -0.94,
 139.378739,   35.498649,       -1.07,
 139.383243,   35.498649,       -1.20,
 139.387748,   35.498649,       -1.32,
 139.392252,   35.498649,       -1.43,
 139.396757,   35.498649,       -1.54,
 139.401261,   35.498649,       -1.64,
 139.405766,   35.498649,       -1.74,
 139.410270,   35.498649,       -1.83,
 139.414775,   35.498649,       -1.92,
 139.419279,   35.498649,       -2.00,
 139.423784,   35.498649,       -2.08,
 139.428288,   35.498649,       -2.15,
 139.432793,   35.498649,       -2.22,
 139.437297,   35.498649,       -2.28,
 139.441802,   35.498649,       -2.34,
 139.446306,   35.498649,       -2.39,
 139.450811,   35.498649,       -2.43,
 139.455315,   35.498649,       -2.47,
 139.459820,   35.498649,       -2.51,
 139.464324,   35.498649,       -2.54,
 139.468829,   35.498649,       -2.57,
 139.473333,   35.498649,       -2.58,
 139.477838,   35.498649,       -2.60,
 139.482342,   35.498649,       -2.61,
 139.486847,   35.498649,       -2.61,
 139.491351,   35.498649,       -2.61,
 139.495856,   35.498649,       -2.60,
 139.500360,   35.498649,       -2.59,
 139.504865,   35.498649,       -2.58,
 139.509369,   35.498649,       -2.55,
 139.513874,   35.498649,       -2.53,
 139.518378,   35.498649,       -2.49,
 139.522883,   35.498649,       -2.45,
 139.527387,   35.498649,       -2.41,
 139.531892,   35.498649,       -2.44,
 139.536396,   35.498649,       -3.01,
 139.540901,   35.498649,       -3.36,
 139.545405,   35.498649,       -3.33,
 139.549910,   35.498649,       -3.19,
 139.554414,   35.498649,       -3.06,
 139.558919,   35.498649,       -2.92,
 139.563423,   35.498649,       -2.77,
 139.567928,   35.498649,       -2.62,
 139.572432,   35.498649,       -2.47,
 139.576937,   35.498649,       -2.31,
 139.581441,   35.498649,       -2.15,
 139.585946,   35.498649,       -1.98,
 139.590450,   35.498649,       -1.80,
 139.594955,   35.498649,       -1.61,
 139.599459,   35.498649,       -1.42,
 139.603964,   35.498649,       -1.22,
 139.608468,   35.498649,       -1.01,
 139.612973,   35.498649,       -0.80,
 139.617477,   35.498649,       -0.60,
 139.621982,   35.498649,       -0.39,
 139.626486,   35.498649,       -0.17,
 139.630991,   35.498649,        0.04,
 139.635495,   35.498649,        0.26,
 139.640000,   35.498649,        0.48,
 139.644505,   35.498649,        0.70,
 139.649009,   35.498649,        0.90,
 139.653514,   35.498649,        1.03,
 139.658018,   35.498649,        0.83,
 139.662523,   35.498649,        0.58,
 139.667027,   35.498649,         NaN,
 139.671532,   35.498649,         NaN,
 139.676036,   35.498649,         NaN,
 139.680541,   35.498649,         NaN,
 139.685045,   35.498649,         NaN,
 139.689550,   35.498649,         NaN,
 139.694054,   35.498649,         NaN,
 139.698559,   35.498649,         NaN,
 139.703063,   35.498649,         NaN,
 139.707568,   35.498649,         NaN,
 139.712072,   35.498649,         NaN,
 139.716577,   35.498649,         NaN,
 139.721081,   35.498649,         NaN,
 139.725586,   35.498649,         NaN,
 139.730090,   35.498649,         NaN,
 139.734595,   35.498649,         NaN,
 139.739099,   35.498649,         NaN,
 139.743604,   35.498649,         NaN,
 139.748108,   35.498649,         NaN,
 139.752613,   35.498649,         NaN,
 139.757117,   35.498649,         NaN,
 139.761622,   35.498649,         NaN,
 139.766126,   35.498649,         NaN,
 139.770631,   35.498649,         NaN,
 139.775135,   35.498649,         NaN,
 139.779640,   35.498649,         NaN,
 139.784144,   35.498649,         NaN,
 139.788649,   35.498649,       -0.77,
 139.793153,   35.498649,       -0.91,
 139.797658,   35.498649,       -0.97,
 139.802162,   35.498649,       -1.02,
 139.806667,   35.498649,       -1.05,
 139.811171,   35.498649,       -1.05,
 139.815676,   35.498649,       -1.06,
 139.820180,   35.498649,       -1.08,
 139.824685,   35.498649,       -1.06,
 139.829189,   35.498649,       -1.05,
 139.833694,   35.498649,       -1.03,
 139.838198,   35.498649,       -1.01,
 139.842703,   35.498649,       -0.98,
 139.847207,   35.498649,       -0.95,
 139.851712,   35.498649,       -0.92,
 139.856216,   35.498649,       -0.88,
 139.860721,   35.498649,       -0.84,
 139.865225,   35.498649,       -0.80,
 139.869730,   35.498649,       -0.78,
 139.874234,   35.498649,       -0.75,
 139.878739,   35.498649,       -0.75,
 139.883243,   35.498649,       -0.75,
 139.887748,   35.498649,       -0.76,
 139.892252,   35.498649,       -0.78,
 139.896757,   35.498649,       -0.81,
 139.901261,   35.498649,       -0.84,
 139.905766,   35.498649,       -0.87,
 139.910270,   35.498649,       -0.89,
 139.914775,   35.498649,       -0.90,
 139.919279,   35.498649,       -0.91,
 139.923784,   35.498649,       -0.92,
 139.928288,   35.498649,       -0.91,
 139.932793,   35.498649,       -0.86,
 139.937297,   35.498649,       -0.81,
 139.941802,   35.498649,       -0.75,
 139.946306,   35.498649,       -0.66,
 139.950811,   35.498649,       -0.54,
 139.955315,   35.498649,       -0.41,
 139.959820,   35.498649,       -0.28,
 139.964324,   35.498649,       -0.14,
 139.968829,   35.498649,        0.01,
 139.973333,   35.498649,        0.15,
 139.977838,   35.498649,        0.29,
 139.982342,   35.498649,        0.43,
 139.986847,   35.498649,        0.57,
 139.991351,   35.498649,        0.72,
 139.995856,   35.498649,        0.86,
 140.000360,   35.498649,        0.99,
 140.004865,   35.498649,        1.11,
 140.009369,   35.498649,        1.24,
 140.013874,   35.498649,        1.33,
 140.018378,   35.498649,        1.41,
 140.022883,   35.498649,        1.50,
 140.027387,   35.498649,        1.57,
 140.031892,   35.498649,        1.39,
 140.036396,   35.498649,        1.23,
 140.040901,   35.498649,        1.07,
 140.045405,   35.498649,        0.93,
 140.049910,   35.498649,        0.80,
 140.054414,   35.498649,        0.67,
 140.058919,   35.498649,        0.54,
 140.063423,   35.498649,        0.42,
 140.067928,   35.498649,        0.30,
 140.072432,   35.498649,        0.19,
 140.076937,   35.498649,        0.08,
 140.081441,   35.498649,       -0.03,
 140.085946,   35.498649,       -0.13,
 140.090450,   35.498649,       -0.24,
 140.094955,   35.498649,       -0.34,
 140.099459,   35.498649,       -0.44,
 140.103964,   35.498649,       -0.52,
 140.108468,   35.498649,       -0.58,
 140.112973,   35.498649,       -0.63,
 140.117477,   35.498649,       -0.68,
 140.121982,   35.498649,       -0.73,
 140.126486,   35.498649,       -0.78,
 140.130991,   35.498649,       -0.83,
 140.135495,   35.498649,       -0.87,
 140.140000,   35.498649,       -0.92,
 140.144505,   35.498649,       -0.97,
 140.149009,   35.498649,       -1.01,
 140.153514,   35.498649,       -1.05,
 140.158018,   35.498649,       -1.09,
 140.162523,   35.498649,       -1.13,
 140.167027,   35.498649,       -1.17,
 140.171532,   35.498649,       -1.21,
 140.176036,   35.498649,       -1.24,
 140.180541,   35.498649,       -1.26,
 140.185045,   35.498649,       -1.27,
 140.189550,   35.498649,       -1.29,
 140.194054,   35.498649,       -1.30,
 140.198559,   35.498649,       -1.32,
 140.203063,   35.498649,       -1.34,
 140.207568,   35.498649,       -1.36,
 140.212072,   35.498649,       -1.37,
 140.216577,   35.498649,       -1.40,
 140.221081,   35.498649,       -1.42,
 140.225586,   35.498649,       -1.44,
 140.230090,   35.498649,       -1.46,
 140.234595,   35.498649,       -1.49,
 140.239099,   35.498649,       -1.51,
 140.243604,   35.498649,       -1.54,
 140.248108,   35.498649,       -1.57,
 140.252613,   35.498649,       -1.60,
 140.257117,   35.498649,       -1.63,
 140.261622,   35.498649,       -1.66,
 140.266126,   35.498649,       -1.69,
 140.270631,   35.498649,       -1.72,
 140.275135,   35.498649,       -1.76,
 140.279640,   35.498649,       -1.79,
 140.284144,   35.498649,       -1.83,
 140.288649,   35.498649,       -1.87,
 140.293153,   35.498649,       -1.91,
 140.297658,   35.498649,       -1.95,
 140.302162,   35.498649,       -1.99,
 140.306667,   35.498649,       -2.03,
 140.311171,   35.498649,       -2.07,
 140.315676,   35.498649,       -2.12,
 140.320180,   35.498649,       -2.16,
 140.324685,   35.498649,       -2.21,
 140.329189,   35.498649,       -2.25,
 140.333694,   35.498649,       -2.30,
 140.338198,   35.498649,       -2.35,
 140.342703,   35.498649,       -2.40,
 140.347207,   35.498649,       -2.45,
 140.351712,   35.498649,       -2.51,
 140.356216,   35.498649,       -2.56,
 140.360721,   35.498649,       -2.61,
 140.365225,   35.498649,       -2.67,
 140.369730,   35.498649,       -2.73,
 140.374234,   35.498649,       -2.79,
 140.378739,   35.498649,       -2.84,
 140.383243,   35.498649,       -2.90,
 140.387748,   35.498649,       -2.97,
 139.140000,   35.503153,       13.20,
 139.144505,   35.503153,       12.79,
 139.149009,   35.503153,       12.39,
 139.153514,   35.503153,       12.00,
 139.158018,   35.503153,       11.61,
 139.162523,   35.503153,       11.23,
 139.167027,   35.503153,       10.85,
 139.171532,   35.503153,       10.48,
 139.176036,   35.503153,       10.11,
 139.180541,   35.503153,        9.75,
 139.185045,   35.503153,        9.39,
 139.189550,   35.503153,        9.04,
 139.194054,   35.503153,        8.69,
 139.198559,   35.503153,        8.35,
 139.203063,   35.503153,        8.02,
 139.207568,   35.503153,        7.68,
 139.212072,   35.503153,        7.36,
 139.216577,   35.503153,        7.04,
 139.221081,   35.503153,        6.72,
 139.225586,   35.503153,        6.41,
 139.230090,   35.503153,        6.11,
 139.234595,   35.503153,        5.81,
 139.239099,   35.503153,        5.52,
 139.243604,   35.503153,        5.23,
 139.248108,   35.503153,        4.94,
 139.252613,   35.503153,        4.66,
 139.257117,   35.503153,        4.39,
 139.261622,   35.503153,        4.12,
 139.266126,   35.503153,        3.86,
 139.270631,   35.503153,        3.60,
 139.275135,   35.503153,        3.35,
 139.279640,   35.503153,        3.10,
 139.284144,   35.503153,        2.86,
 139.288649,   35.503153,        2.63,
 139.293153,   35.503153,        2.39,
 139.297658,   35.503153,        2.17,
 139.302162,   35.503153,        1.95,
 139.306667,   35.503153,        1.73,
 139.311171,   35.503153,        1.52,
 139.315676,   35.503153,        1.32,
 139.320180,   35.503153,        1.12,
 139.324685,   35.503153,        0.92,
 139.329189,   35.503153,        0.73,
 139.333694,   35.503153,        0.55,
 139.338198,   35.503153,        0.37,
 139.342703,   35.503153,        0.20,
 139.347207,   35.503153,        0.03,
 139.351712,   35.503153,       -0.14,
 139.356216,   35.503153,       -0.29,
 139.360721,   35.503153,       -0.45,
 139.365225,   35.503153,       -0.59,
 139.369730,   35.503153,       -0.74,
 139.374234,   35.503153,       -0.87,
 139.378739,   35.503153,       -1.01,
 139.383243,   35.503153,       -1.13,
 139.387748,   35.503153,       -1.25,
 139.392252,   35.503153,       -1.37,
 139.396757,   35.503153,       -1.48,
 139.401261,   35.503153,       -1.59,
 139.405766,   35.503153,       -1.69,
 139.410270,   35.503153,       -1.78,
 139.414775,   35.503153,       -1.87,
 139.419279,   35.503153,       -1.96,
 139.423784,   35.503153,       -2.04,
 139.428288,   35.503153,       -2.11,
 139.432793,   35.503153,       -2.18,
 139.437297,   35.503153,       -2.24,
 139.441802,   35.503153,       -2.30,
 139.446306,   35.503153,       -2.35,
 139.450811,   35.503153,       -2.40,
 139.455315,   35.503153,       -2.45,
 139.459820,   35.503153,       -2.48,
 139.464324,   35.503153,       -2.52,
 139.468829,   35.503153,       -2.54,
 139.473333,   35.503153,       -2.56,
 139.477838,   35.503153,       -2.58,
 139.482342,   35.503153,       -2.59,
 139.486847,   35.503153,       -2.60,
 139.491351,   35.503153,       -2.60,
 139.495856,   35.503153,       -2.60,
 139.500360,   35.503153,       -2.59,
 139.504865,   35.503153,       -2.57,
 139.509369,   35.503153,       -2.55,
 139.513874,   35.503153,       -2.53,
 139.518378,   35.503153,       -2.49,
 139.522883,   35.503153,       -2.46,
 139.527387,   35.503153,       -2.42,
 139.531892,   35.503153,       -2.37,
 139.536396,   35.503153,       -2.32,
 139.540901,   35.503153,       -2.67,
 139.545405,   35.503153,       -3.13,
 139.549910,   35.503153,       -3.28,
 139.554414,   35.503153,       -3.15,
 139.558919,   35.503153,       -3.01,
 139.563423,   35.503153,       -2.87,
 139.567928,   35.503153,       -2.73,
 139.572432,   35.503153,       -2.58,
 139.576937,   35.503153,       -2.42,
 139.581441,   35.503153,       -2.27,
 139.585946,   35.503153,       -2.10,
 139.590450,   35.503153,       -1.94,
 139.594955,   35.503153,       -1.76,
 139.599459,   35.503153,       -1.58,
 139.603964,   35.503153,       -1.39,
 139.608468,   35.503153,       -1.19,
 139.612973,   35.503153,       -0.99,
 139.617477,   35.503153,       -0.78,
 139.621982,   35.503153,       -0.58,
 139.626486,   35.503153,       -0.37,
 139.630991,   35.503153,       -0.16,
 139.635495,   35.503153,        0.05,
 139.640000,   35.503153,        0.27,
 139.644505,   35.503153,        0.48,
 139.649009,   35.503153,        0.68,
 139.653514,   35.503153,        0.86,
 139.658018,   35.503153,        0.95,
 139.662523,   35.503153,        0.73,
 139.667027,   35.503153,         NaN,
 139.671532,   35.503153,         NaN,
 139.676036,   35.503153,         NaN,
 139.680541,   35.503153,         NaN,
 139.685045,   35.503153,         NaN,
 139.689550,   35.503153,         NaN,
 139.694054,   35.503153,         NaN,
 139.698559,   35.503153,         NaN,
 139.703063,   35.503153,         NaN,
 139.707568,   35.503153,         NaN,
 139.712072,   35.503153,         NaN,
 139.716577,   35.503153,         NaN,
 139.721081,   35.503153,         NaN,
 139.725586,   35.503153,         NaN,
 139.730090,   35.503153,         NaN,
 139.734595,   35.503153,         NaN,
 139.739099,   35.503153,         NaN,
 139.743604,   35.503153,         NaN,
 139.748108,   35.503153,         NaN,
 139.752613,   35.503153,         NaN,
 139.757117,   35.503153,         NaN,
 139.761622,   35.503153,         NaN,
 139.766126,   35.503153,         NaN,
 139.770631,   35.503153,         NaN,
 139.775135,   35.503153,         NaN,
 139.779640,   35.503153,         NaN,
 139.784144,   35.503153,         NaN,
 139.788649,   35.503153,       -0.81,
 139.793153,   35.503153,       -0.92,
 139.797658,   35.503153,       -1.00,
 139.802162,   35.503153,       -1.07,
 139.806667,   35.503153,       -1.12,
 139.811171,   35.503153,       -1.14,
 139.815676,   35.503153,       -1.15,
 139.820180,   35.503153,       -1.19,
 139.824685,   35.503153,       -1.23,
 139.829189,   35.503153,       -1.26,
 139.833694,   35.503153,       -1.27,
 139.838198,   35.503153,       -1.25,
 139.842703,   35.503153,       -1.21,
 139.847207,   35.503153,       -1.18,
 139.851712,   35.503153,       -1.14,
 139.856216,   35.503153,       -1.10,
 139.860721,   35.503153,       -1.05,
 139.865225,   35.503153,       -1.00,
 139.869730,   35.503153,       -0.96,
 139.874234,   35.503153,       -0.94,
 139.878739,   35.503153,       -0.92,
 139.883243,   35.503153,       -0.91,
 139.887748,   35.503153,       -0.90,
 139.892252,   35.503153,       -0.91,
 139.896757,   35.503153,       -0.92,
 139.901261,   35.503153,       -0.93,
 139.905766,   35.503153,       -0.95,
 139.910270,   35.503153,       -0.96,
 139.914775,   35.503153,       -0.96,
 139.919279,   35.503153,       -0.97,
 139.923784,   35.503153,       -0.97,
 139.928288,   35.503153,       -0.96,
 139.932793,   35.503153,       -0.91,
 139.937297,   35.503153,       -0.86,
 139.941802,   35.503153,       -0.81,
 139.946306,   35.503153,       -0.74,
 139.950811,   35.503153,       -0.64,
 139.955315,   35.503153,       -0.54,
 139.959820,   35.503153,       -0.42,
 139.964324,   35.503153,       -0.28,
 139.968829,   35.503153,       -0.15,
 139.973333,   35.503153,       -0.01,
 139.977838,   35.503153,        0.13,
 139.982342,   35.503153,        0.27,
 139.986847,   35.503153,        0.42,
 139.991351,   35.503153,        0.57,
 139.995856,   35.503153,        0.70,
 140.000360,   35.503153,        0.83,
 140.004865,   35.503153,        0.98,
 140.009369,   35.503153,        1.13,
 140.013874,   35.503153,        1.27,
 140.018378,   35.503153,        1.36,
 140.022883,   35.503153,        1.46,
 140.027387,   35.503153,        1.54,
 140.031892,   35.503153,        1.60,
 140.036396,   35.503153,        1.44,
 140.040901,   35.503153,        1.28,
 140.045405,   35.503153,        1.14,
 140.049910,   35.503153,        1.00,
 140.054414,   35.503153,        0.87,
 140.058919,   35.503153,        0.74,
 140.063423,   35.503153,        0.62,
 140.067928,   35.503153,        0.50,
 140.072432,   35.503153,        0.39,
 140.076937,   35.503153,        0.28,
 140.081441,   35.503153,        0.17,
 140.085946,   35.503153,        0.06,
 140.090450,   35.503153,       -0.04,
 140.094955,   35.503153,       -0.15,
 140.099459,   35.503153,       -0.25,
 140.103964,   35.503153,       -0.33,
 140.108468,   35.503153,       -0.38,
 140.112973,   35.503153,       -0.43,
 140.117477,   35.503153,       -0.47,
 140.121982,   35.503153,       -0.52,
 140.126486,   35.503153,       -0.57,
 140.130991,   35.503153,       -0.62,
 140.135495,   35.503153,       -0.66,
 140.140000,   35.503153,       -0.71,
 140.144505,   35.503153,       -0.75,
 140.149009,   35.503153,       -0.80,
 140.153514,   35.503153,       -0.84,
 140.158018,   35.503153,       -0.88,
 140.162523,   35.503153,       -0.92,
 140.167027,   35.503153,       -0.95,
 140.171532,   35.503153,       -0.99,
 140.176036,   35.503153,       -1.01,
 140.180541,   35.503153,       -1.02,
 140.185045,   35.503153,       -1.04,
 140.189550,   35.503153,       -1.05,
 140.194054,   35.503153,       -1.07,
 140.198559,   35.503153,       -1.08,
 140.203063,   35.503153,       -1.10,
 140.207568,   35.503153,       -1.12,
 140.212072,   35.503153,       -1.14,
 140.216577,   35.503153,       -1.16,
 140.221081,   35.503153,       -1.18,
 140.225586,   35.503153,       -1.20,
 140.230090,   35.503153,       -1.22,
 140.234595,   35.503153,       -1.25,
 140.239099,   35.503153,       -1.27,
 140.243604,   35.503153,       -1.30,
 140.248108,   35.503153,       -1.33,
 140.252613,   35.503153,       -1.35,
 140.257117,   35.503153,       -1.38,
 140.261622,   35.503153,       -1.41,
 140.266126,   35.503153,       -1.45,
 140.270631,   35.503153,       -1.48,
 140.275135,   35.503153,       -1.51,
 140.279640,   35.503153,       -1.55,
 140.284144,   35.503153,       -1.58,
 140.288649,   35.503153,       -1.62,
 140.293153,   35.503153,       -1.66,
 140.297658,   35.503153,       -1.70,
 140.302162,   35.503153,       -1.74,
 140.306667,   35.503153,       -1.78,
 140.311171,   35.503153,       -1.82,
 140.315676,   35.503153,       -1.87,
 140.320180,   35.503153,       -1.91,
 140.324685,   35.503153,       -1.96,
 140.329189,   35.503153,       -2.00,
 140.333694,   35.503153,       -2.05,
 140.338198,   35.503153,       -2.10,
 140.342703,   35.503153,       -2.15,
 140.347207,   35.503153,       -2.20,
 140.351712,   35.503153,       -2.25,
 140.356216,   35.503153,       -2.31,
 140.360721,   35.503153,       -2.36,
 140.365225,   35.503153,       -2.42,
 140.369730,   35.503153,       -2.47,
 140.374234,   35.503153,       -2.53,
 140.378739,   35.503153,       -2.59,
 140.383243,   35.503153,       -2.65,
 140.387748,   35.503153,       -2.71,
 139.140000,   35.507658,       13.38,
 139.144505,   35.507658,       12.97,
 139.149009,   35.507658,       12.57,
 139.153514,   35.507658,       12.17,
 139.158018,   35.507658,       11.78,
 139.162523,   35.507658,       11.40,
 139.167027,   35.507658,       11.02,
 139.171532,   35.507658,       10.64,
 139.176036,   35.507658,       10.27,
 139.180541,   35.507658,        9.91,
 139.185045,   35.507658,        9.55,
 139.189550,   35.507658,        9.19,
 139.194054,   35.507658,        8.85,
 139.198559,   35.507658,        8.50,
 139.203063,   35.507658,        8.16,
 139.207568,   35.507658,        7.83,
 139.212072,   35.507658,        7.50,
 139.216577,   35.507658,        7.18,
 139.221081,   35.507658,        6.86,
 139.225586,   35.507658,        6.55,
 139.230090,   35.507658,        6.24,
 139.234595,   35.507658,        5.94,
 139.239099,   35.507658,        5.65,
 139.243604,   35.507658,        5.35,
 139.248108,   35.507658,        5.07,
 139.252613,   35.507658,        4.79,
 139.257117,   35.507658,        4.51,
 139.261622,   35.507658,        4.24,
 139.266126,   35.507658,        3.98,
 139.270631,   35.507658,        3.72,
 139.275135,   35.507658,        3.46,
 139.279640,   35.507658,        3.21,
 139.284144,   35.507658,        2.97,
 139.288649,   35.507658,        2.73,
 139.293153,   35.507658,        2.50,
 139.297658,   35.507658,        2.27,
 139.302162,   35.507658,        2.05,
 139.306667,   35.507658,        1.83,
 139.311171,   35.507658,        1.62,
 139.315676,   35.507658,        1.41,
 139.320180,   35.507658,        1.21,
 139.324685,   35.507658,        1.01,
 139.329189,   35.507658,        0.82,
 139.333694,   35.507658,        0.63,
 139.338198,   35.507658,        0.45,
 139.342703,   35.507658,        0.27,
 139.347207,   35.507658,        0.10,
 139.351712,   35.507658,       -0.06,
 139.356216,   35.507658,       -0.22,
 139.360721,   35.507658,       -0.38,
 139.365225,   35.507658,       -0.53,
 139.369730,   35.507658,       -0.67,
 139.374234,   35.507658,       -0.81,
 139.378739,   35.507658,       -0.94,
 139.383243,   35.507658,       -1.07,
 139.387748,   35.507658,       -1.20,
 139.392252,   35.507658,       -1.32,
 139.396757,   35.507658,       -1.43,
 139.401261,   35.507658,       -1.54,
 139.405766,   35.507658,       -1.64,
 139.410270,   35.507658,       -1.74,
 139.414775,   35.507658,       -1.83,
 139.419279,   35.507658,       -1.92,
 139.423784,   35.507658,       -2.00,
 139.428288,   35.507658,       -2.07,
 139.432793,   35.507658,       -2.14,
 139.437297,   35.507658,       -2.21,
 139.441802,   35.507658,       -2.27,
 139.446306,   35.507658,       -2.33,
 139.450811,   35.507658,       -2.38,
 139.455315,   35.507658,       -2.42,
 139.459820,   35.507658,       -2.46,
 139.464324,   35.507658,       -2.50,
 139.468829,   35.507658,       -2.53,
 139.473333,   35.507658,       -2.55,
 139.477838,   35.507658,       -2.57,
 139.482342,   35.507658,       -2.58,
 139.486847,   35.507658,       -2.59,
 139.491351,   35.507658,       -2.59,
 139.495856,   35.507658,       -2.59,
 139.500360,   35.507658,       -2.58,
 139.504865,   35.507658,       -2.57,
 139.509369,   35.507658,       -2.55,
 139.513874,   35.507658,       -2.53,
 139.518378,   35.507658,       -2.50,
 139.522883,   35.507658,       -2.47,
 139.527387,   35.507658,       -2.43,
 139.531892,   35.507658,       -2.39,
 139.536396,   35.507658,       -2.34,
 139.540901,   35.507658,       -2.28,
 139.545405,   35.507658,       -2.29,
 139.549910,   35.507658,       -2.84,
 139.554414,   35.507658,       -3.16,
 139.558919,   35.507658,       -3.10,
 139.563423,   35.507658,       -2.97,
 139.567928,   35.507658,       -2.83,
 139.572432,   35.507658,       -2.68,
 139.576937,   35.507658,       -2.53,
 139.581441,   35.507658,       -2.38,
 139.585946,   35.507658,       -2.23,
 139.590450,   35.507658,       -2.07,
 139.594955,   35.507658,       -1.90,
 139.599459,   35.507658,       -1.73,
 139.603964,   35.507658,       -1.55,
 139.608468,   35.507658,       -1.36,
 139.612973,   35.507658,       -1.16,
 139.617477,   35.507658,       -0.96,
 139.621982,   35.507658,       -0.76,
 139.626486,   35.507658,       -0.56,
 139.630991,   35.507658,       -0.35,
 139.635495,   35.507658,       -0.15,
 139.640000,   35.507658,        0.06,
 139.644505,   35.507658,        0.27,
 139.649009,   35.507658,        0.47,
 139.653514,   35.507658,        0.66,
 139.658018,   35.507658,        0.82,
 139.662523,   35.507658,         NaN,
 139.667027,   35.507658,         NaN,
 139.671532,   35.507658,         NaN,
 139.676036,   35.507658,         NaN,
 139.680541,   35.507658,         NaN,
 139.685045,   35.507658,         NaN,
 139.689550,   35.507658,         NaN,
 139.694054,   35.507658,         NaN,
 139.698559,   35.507658,         NaN,
 139.703063,   35.507658,         NaN,
 139.707568,   35.507658,         NaN,
 139.712072,   35.507658,         NaN,
 139.716577,   35.507658,         NaN,
 139.721081,   35.507658,         NaN,
 139.725586,   35.507658,         NaN,
 139.730090,   35.507658,         NaN,
 139.734595,   35.507658,         NaN,
 139.739099,   35.507658,         NaN,
 139.743604,   35.507658,         NaN,
 139.748108,   35.507658,         NaN,
 139.752613,   35.507658,         NaN,
 139.757117,   35.507658,         NaN,
 139.761622,   35.507658,         NaN,
 139.766126,   35.507658,         NaN,
 139.770631,   35.507658,         NaN,
 139.775135,   35.507658,         NaN,
 139.779640,   35.507658,       -0.26,
 139.784144,   35.507658,       -0.52,
 139.788649,   35.507658,       -0.79,
 139.793153,   35.507658,       -0.94,
 139.797658,   35.507658,       -1.06,
 139.802162,   35.507658,       -1.14,
 139.806667,   35.507658,       -1.21,
 139.811171,   35.507658,       -1.22,
 139.815676,   35.507658,       -1.22,
 139.820180,   35.507658,       -1.26,
 139.824685,   35.507658,       -1.33,
 139.829189,   35.507658,       -1.41,
 139.833694,   35.507658,       -1.49,
 139.838198,   35.507658,       -1.45,
 139.842703,   35.507658,       -1.41,
 139.847207,   35.507658,       -1.37,
 139.851712,   35.507658,       -1.32,
 139.856216,   35.507658,       -1.28,
 139.860721,   35.507658,       -1.23,
 139.865225,   35.507658,       -1.18,
 139.869730,   35.507658,       -1.14,
 139.874234,   35.507658,       -1.11,
 139.878739,   35.507658,       -1.08,
 139.883243,   35.507658,       -1.05,
 139.887748,   35.507658,       -1.03,
 139.892252,   35.507658,       -1.01,
 139.896757,   35.507658,       -1.01,
 139.901261,   35.507658,       -1.01,
 139.905766,   35.507658,       -1.02,
 139.910270,   35.507658,       -1.03,
 139.914775,   35.507658,       -1.02,
 139.919279,   35.507658,       -1.02,
 139.923784,   35.507658,       -1.02,
 139.928288,   35.507658,       -1.00,
 139.932793,   35.507658,       -0.96,
 139.937297,   35.507658,       -0.91,
 139.941802,   35.507658,       -0.86,
 139.946306,   35.507658,       -0.80,
 139.950811,   35.507658,       -0.72,
 139.955315,   35.507658,       -0.64,
 139.959820,   35.507658,       -0.54,
 139.964324,   35.507658,       -0.41,
 139.968829,   35.507658,       -0.29,
 139.973333,   35.507658,       -0.16,
 139.977838,   35.507658,       -0.02,
 139.982342,   35.507658,        0.12,
 139.986847,   35.507658,        0.26,
 139.991351,   35.507658,        0.39,
 139.995856,   35.507658,        0.52,
 140.000360,   35.507658,        0.67,
 140.004865,   35.507658,        0.83,
 140.009369,   35.507658,        0.99,
 140.013874,   35.507658,        1.16,
 140.018378,   35.507658,        1.29,
 140.022883,   35.507658,        1.39,
 140.027387,   35.507658,        1.49,
 140.031892,   35.507658,        1.55,
 140.036396,   35.507658,        1.61,
 140.040901,   35.507658,        1.49,
 140.045405,   35.507658,        1.34,
 140.049910,   35.507658,        1.20,
 140.054414,   35.507658,        1.07,
 140.058919,   35.507658,        0.94,
 140.063423,   35.507658,        0.82,
 140.067928,   35.507658,        0.70,
 140.072432,   35.507658,        0.58,
 140.076937,   35.507658,        0.47,
 140.081441,   35.507658,        0.36,
 140.085946,   35.507658,        0.26,
 140.090450,   35.507658,        0.16,
 140.094955,   35.507658,        0.05,
 140.099459,   35.507658,       -0.06,
 140.103964,   35.507658,       -0.13,
 140.108468,   35.507658,       -0.18,
 140.112973,   35.507658,       -0.23,
 140.117477,   35.507658,       -0.27,
 140.121982,   35.507658,       -0.31,
 140.126486,   35.507658,       -0.36,
 140.130991,   35.507658,       -0.41,
 140.135495,   35.507658,       -0.45,
 140.140000,   35.507658,       -0.50,
 140.144505,   35.507658,       -0.54,
 140.149009,   35.507658,       -0.58,
 140.153514,   35.507658,       -0.62,
 140.158018,   35.507658,       -0.66,
 140.162523,   35.507658,       -0.70,
 140.167027,   35.507658,       -0.73,
 140.171532,   35.507658,       -0.77,
 140.176036,   35.507658,       -0.78,
 140.180541,   35.507658,       -0.79,
 140.185045,   35.507658,       -0.80,
 140.189550,   35.507658,       -0.81,
 140.194054,   35.507658,       -0.83,
 140.198559,   35.507658,       -0.84,
 140.203063,   35.507658,       -0.86,
 140.207568,   35.507658,       -0.88,
 140.212072,   35.507658,       -0.89,
 140.216577,   35.507658,       -0.91,
 140.221081,   35.507658,       -0.94,
 140.225586,   35.507658,       -0.96,
 140.230090,   35.507658,       -0.98,
 140.234595,   35.507658,       -1.00,
 140.239099,   35.507658,       -1.03,
 140.243604,   35.507658,       -1.05,
 140.248108,   35.507658,       -1.08,
 140.252613,   35.507658,       -1.11,
 140.257117,   35.507658,       -1.14,
 140.261622,   35.507658,       -1.17,
 140.266126,   35.507658,       -1.20,
 140.270631,   35.507658,       -1.23,
 140.275135,   35.507658,       -1.27,
 140.279640,   35.507658,       -1.30,
 140.284144,   35.507658,       -1.34,
 140.288649,   35.507658,       -1.37,
 140.293153,   35.507658,       -1.41,
 140.297658,   35.507658,       -1.45,
 140.302162,   35.507658,       -1.49,
 140.306667,   35.507658,       -1.53,
 140.311171,   35.507658,       -1.57,
 140.315676,   35.507658,       -1.62,
 140.320180,   35.507658,       -1.66,
 140.324685,   35.507658,       -1.71,
 140.329189,   35.507658,       -1.75,
 140.333694,   35.507658,       -1.80,
 140.338198,   35.507658,       -1.85,
 140.342703,   35.507658,       -1.90,
 140.347207,   35.507658,       -1.95,
 140.351712,   35.507658,       -2.00,
 140.356216,   35.507658,       -2.05,
 140.360721,   35.507658,       -2.11,
 140.365225,   35.507658,       -2.16,
 140.369730,   35.507658,       -2.22,
 140.374234,   35.507658,       -2.28,
 140.378739,   35.507658,       -2.33,
 140.383243,   35.507658,       -2.39,
 140.387748,   35.507658,       -2.45,
 139.140000,   35.512162,       13.55,
 139.144505,   35.512162,       13.14,
 139.149009,   35.512162,       12.74,
 139.153514,   35.512162,       12.34,
 139.158018,   35.512162,       11.95,
 139.162523,   35.512162,       11.56,
 139.167027,   35.512162,       11.18,
 139.171532,   35.512162,       10.80,
 139.176036,   35.512162,       10.43,
 139.180541,   35.512162,       10.06,
 139.185045,   35.512162,        9.70,
 139.189550,   35.512162,        9.34,
 139.194054,   35.512162,        8.99,
 139.198559,   35.512162,        8.65,
 139.203063,   35.512162,        8.31,
 139.207568,   35.512162,        7.97,
 139.212072,   35.512162,        7.64,
 139.216577,   35.512162,        7.32,
 139.221081,   35.512162,        7.00,
 139.225586,   35.512162,        6.68,
 139.230090,   35.512162,        6.37,
 139.234595,   35.512162,        6.07,
 139.239099,   35.512162,        5.77,
 139.243604,   35.512162,        5.48,
 139.248108,   35.512162,        5.19,
 139.252613,   35.512162,        4.91,
 139.257117,   35.512162,        4.63,
 139.261622,   35.512162,        4.36,
 139.266126,   35.512162,        4.09,
 139.270631,   35.512162,        3.83,
 139.275135,   35.512162,        3.57,
 139.279640,   35.512162,        3.32,
 139.284144,   35.512162,        3.07,
 139.288649,   35.512162,        2.83,
 139.293153,   35.512162,        2.60,
 139.297658,   35.512162,        2.37,
 139.302162,   35.512162,        2.14,
 139.306667,   35.512162,        1.92,
 139.311171,   35.512162,        1.71,
 139.315676,   35.512162,        1.50,
 139.320180,   35.512162,        1.29,
 139.324685,   35.512162,        1.09,
 139.329189,   35.512162,        0.90,
 139.333694,   35.512162,        0.71,
 139.338198,   35.512162,        0.53,
 139.342703,   35.512162,        0.35,
 139.347207,   35.512162,        0.18,
 139.351712,   35.512162,        0.01,
 139.356216,   35.512162,       -0.15,
 139.360721,   35.512162,       -0.31,
 139.365225,   35.512162,       -0.46,
 139.369730,   35.512162,       -0.61,
 139.374234,   35.512162,       -0.75,
 139.378739,   35.512162,       -0.89,
 139.383243,   35.512162,       -1.02,
 139.387748,   35.512162,       -1.15,
 139.392252,   35.512162,       -1.27,
 139.396757,   35.512162,       -1.38,
 139.401261,   35.512162,       -1.49,
 139.405766,   35.512162,       -1.60,
 139.410270,   35.512162,       -1.70,
 139.414775,   35.512162,       -1.79,
 139.419279,   35.512162,       -1.88,
 139.423784,   35.512162,       -1.96,
 139.428288,   35.512162,       -2.04,
 139.432793,   35.512162,       -2.11,
 139.437297,   35.512162,       -2.18,
 139.441802,   35.512162,       -2.25,
 139.446306,   35.512162,       -2.30,
 139.450811,   35.512162,       -2.36,
 139.455315,   35.512162,       -2.40,
 139.459820,   35.512162,       -2.45,
 139.464324,   35.512162,       -2.48,
 139.468829,   35.512162,       -2.51,
 139.473333,   35.512162,       -2.54,
 139.477838,   35.512162,       -2.56,
 139.482342,   35.512162,       -2.58,
 139.486847,   35.512162,       -2.59,
 139.491351,   35.512162,       -2.59,
 139.495856,   35.512162,       -2.59,
 139.500360,   35.512162,       -2.59,
 139.504865,   35.512162,       -2.58,
 139.509369,   35.512162,       -2.56,
 139.513874,   35.512162,       -2.54,
 139.518378,   35.512162,       -2.51,
 139.522883,   35.512162,       -2.48,
 139.527387,   35.512162,       -2.45,
 139.531892,   35.512162,       -2.40,
 139.536396,   35.512162,       -2.36,
 139.540901,   35.512162,       -2.30,
 139.545405,   35.512162,       -2.25,
 139.549910,   35.512162,       -2.18,
 139.554414,   35.512162,       -2.51,
 139.558919,   35.512162,       -2.95,
 139.563423,   35.512162,       -3.06,
 139.567928,   35.512162,       -2.92,
 139.572432,   35.512162,       -2.78,
 139.576937,   35.512162,       -2.64,
 139.581441,   35.512162,       -2.49,
 139.585946,   35.512162,       -2.34,
 139.590450,   35.512162,       -2.19,
 139.594955,   35.512162,       -2.03,
 139.599459,   35.512162,       -1.86,
 139.603964,   35.512162,       -1.69,
 139.608468,   35.512162,       -1.52,
 139.612973,   35.512162,       -1.33,
 139.617477,   35.512162,       -1.14,
 139.621982,   35.512162,       -0.94,
 139.626486,   35.512162,       -0.74,
 139.630991,   35.512162,       -0.54,
 139.635495,   35.512162,       -0.34,
 139.640000,   35.512162,       -0.13,
 139.644505,   35.512162,        0.07,
 139.649009,   35.512162,        0.27,
 139.653514,   35.512162,        0.46,
 139.658018,   35.512162,        0.64,
 139.662523,   35.512162,         NaN,
 139.667027,   35.512162,         NaN,
 139.671532,   35.512162,         NaN,
 139.676036,   35.512162,         NaN,
 139.680541,   35.512162,         NaN,
 139.685045,   35.512162,         NaN,
 139.689550,   35.512162,         NaN,
 139.694054,   35.512162,         NaN,
 139.698559,   35.512162,         NaN,
 139.703063,   35.512162,         NaN,
 139.707568,   35.512162,         NaN,
 139.712072,   35.512162,         NaN,
 139.716577,   35.512162,         NaN,
 139.721081,   35.512162,         NaN,
 139.725586,   35.512162,         NaN,
 139.730090,   35.512162,         NaN,
 139.734595,   35.512162,         NaN,
 139.739099,   35.512162,         NaN,
 139.743604,   35.512162,         NaN,
 139.748108,   35.512162,         NaN,
 139.752613,   35.512162,         NaN,
 139.757117,   35.512162,         NaN,
 139.761622,   35.512162,         NaN,
 139.766126,   35.512162,         NaN,
 139.770631,   35.512162,         NaN,
 139.775135,   35.512162,         NaN,
 139.779640,   35.512162,       -0.08,
 139.784144,   35.512162,       -0.41,
 139.788649,   35.512162,       -0.70,
 139.793153,   35.512162,       -0.97,
 139.797658,   35.512162,       -1.13,
 139.802162,   35.512162,       -1.26,
 139.806667,   35.512162,       -1.36,
 139.811171,   35.512162,       -1.34,
 139.815676,   35.512162,       -1.31,
 139.820180,   35.512162,       -1.32,
 139.824685,   35.512162,       -1.38,
 139.829189,   35.512162,       -1.45,
 139.833694,   35.512162,       -1.52,
 139.838198,   35.512162,       -1.56,
 139.842703,   35.512162,       -1.56,
 139.847207,   35.512162,       -1.55,
 139.851712,   35.512162,       -1.50,
 139.856216,   35.512162,       -1.45,
 139.860721,   35.512162,       -1.39,
 139.865225,   35.512162,       -1.35,
 139.869730,   35.512162,       -1.30,
 139.874234,   35.512162,       -1.25,
 139.878739,   35.512162,       -1.21,
 139.883243,   35.512162,       -1.17,
 139.887748,   35.512162,       -1.13,
 139.892252,   35.512162,       -1.11,
 139.896757,   35.512162,       -1.10,
 139.901261,   35.512162,       -1.10,
 139.905766,   35.512162,       -1.09,
 139.910270,   35.512162,       -1.09,
 139.914775,   35.512162,       -1.08,
 139.919279,   35.512162,       -1.07,
 139.923784,   35.512162,       -1.07,
 139.928288,   35.512162,       -1.04,
 139.932793,   35.512162,       -1.00,
 139.937297,   35.512162,       -0.97,
 139.941802,   35.512162,       -0.92,
 139.946306,   35.512162,       -0.85,
 139.950811,   35.512162,       -0.78,
 139.955315,   35.512162,       -0.70,
 139.959820,   35.512162,       -0.62,
 139.964324,   35.512162,       -0.50,
 139.968829,   35.512162,       -0.40,
 139.973333,   35.512162,       -0.30,
 139.977838,   35.512162,       -0.17,
 139.982342,   35.512162,       -0.04,
 139.986847,   35.512162,        0.09,
 139.991351,   35.512162,        0.22,
 139.995856,   35.512162,        0.35,
 140.000360,   35.512162,        0.49,
 140.004865,   35.512162,        0.66,
 140.009369,   35.512162,        0.83,
 140.013874,   35.512162,        1.00,
 140.018378,   35.512162,        1.16,
 140.022883,   35.512162,        1.30,
 140.027387,   35.512162,        1.41,
 140.031892,   35.512162,        1.50,
 140.036396,   35.512162,        1.55,
 140.040901,   35.512162,        1.62,
 140.045405,   35.512162,        1.53,
 140.049910,   35.512162,        1.39,
 140.054414,   35.512162,        1.26,
 140.058919,   35.512162,        1.13,
 140.063423,   35.512162,        1.01,
 140.067928,   35.512162,        0.89,
 140.072432,   35.512162,        0.78,
 140.076937,   35.512162,        0.67,
 140.081441,   35.512162,        0.56,
 140.085946,   35.512162,        0.45,
 140.090450,   35.512162,        0.35,
 140.094955,   35.512162,        0.24,
 140.099459,   35.512162,        0.13,
 140.103964,   35.512162,        0.06,
 140.108468,   35.512162,        0.01,
 140.112973,   35.512162,       -0.02,
 140.117477,   35.512162,       -0.06,
 140.121982,   35.512162,       -0.11,
 140.126486,   35.512162,       -0.15,
 140.130991,   35.512162,       -0.20,
 140.135495,   35.512162,       -0.24,
 140.140000,   35.512162,       -0.29,
 140.144505,   35.512162,       -0.33,
 140.149009,   35.512162,       -0.37,
 140.153514,   35.512162,       -0.41,
 140.158018,   35.512162,       -0.44,
 140.162523,   35.512162,       -0.48,
 140.167027,   35.512162,       -0.51,
 140.171532,   35.512162,       -0.53,
 140.176036,   35.512162,       -0.54,
 140.180541,   35.512162,       -0.55,
 140.185045,   35.512162,       -0.56,
 140.189550,   35.512162,       -0.57,
 140.194054,   35.512162,       -0.59,
 140.198559,   35.512162,       -0.60,
 140.203063,   35.512162,       -0.62,
 140.207568,   35.512162,       -0.64,
 140.212072,   35.512162,       -0.65,
 140.216577,   35.512162,       -0.67,
 140.221081,   35.512162,       -0.69,
 140.225586,   35.512162,       -0.71,
 140.230090,   35.512162,       -0.74,
 140.234595,   35.512162,       -0.76,
 140.239099,   35.512162,       -0.78,
 140.243604,   35.512162,       -0.81,
 140.248108,   35.512162,       -0.84,
 140.252613,   35.512162,       -0.86,
 140.257117,   35.512162,       -0.89,
 140.261622,   35.512162,       -0.92,
 140.266126,   35.512162,       -0.95,
 140.270631,   35.512162,       -0.99,
 140.275135,   35.512162,       -1.02,
 140.279640,   35.512162,       -1.05,
 140.284144,   35.512162,       -1.09,
 140.288649,   35.512162,       -1.13,
 140.293153,   35.512162,       -1.16,
 140.297658,   35.512162,       -1.20,
 140.302162,   35.512162,       -1.24,
 140.306667,   35.512162,       -1.28,
 140.311171,   35.512162,       -1.32,
 140.315676,   35.512162,       -1.37,
 140.320180,   35.512162,       -1.41,
 140.324685,   35.512162,       -1.45,
 140.329189,   35.512162,       -1.50,
 140.333694,   35.512162,       -1.55,
 140.338198,   35.512162,       -1.60,
 140.342703,   35.512162,       -1.64,
 140.347207,   35.512162,       -1.69,
 140.351712,   35.512162,       -1.75,
 140.356216,   35.512162,       -1.80,
 140.360721,   35.512162,       -1.85,
 140.365225,   35.512162,       -1.91,
 140.369730,   35.512162,       -1.96,
 140.374234,   35.512162,       -2.02,
 140.378739,   35.512162,       -2.08,
 140.383243,   35.512162,       -2.14,
 140.387748,   35.512162,       -2.20,
 139.140000,   35.516667,       13.72,
 139.144505,   35.516667,       13.31,
 139.149009,   35.516667,       12.90,
 139.153514,   35.516667,       12.50,
 139.158018,   35.516667,       12.11,
 139.162523,   35.516667,       11.72,
 139.167027,   35.516667,       11.33,
 139.171532,   35.516667,       10.95,
 139.176036,   35.516667,       10.58,
 139.180541,   35.516667,       10.21,
 139.185045,   35.516667,        9.85,
 139.189550,   35.516667,        9.49,
 139.194054,   35.516667,        9.13,
 139.198559,   35.516667,        8.79,
 139.203063,   35.516667,        8.44,
 139.207568,   35.516667,        8.11,
 139.212072,   35.516667,        7.77,
 139.216577,   35.516667,        7.45,
 139.221081,   35.516667,        7.12,
 139.225586,   35.516667,        6.81,
 139.230090,   35.516667,        6.50,
 139.234595,   35.516667,        6.19,
 139.239099,   35.516667,        5.89,
 139.243604,   35.516667,        5.59,
 139.248108,   35.516667,        5.30,
 139.252613,   35.516667,        5.02,
 139.257117,   35.516667,        4.74,
 139.261622,   35.516667,        4.46,
 139.266126,   35.516667,        4.19,
 139.270631,   35.516667,        3.93,
 139.275135,   35.516667,        3.67,
 139.279640,   35.516667,        3.42,
 139.284144,   35.516667,        3.17,
 139.288649,   35.516667,        2.93,
 139.293153,   35.516667,        2.69,
 139.297658,   35.516667,        2.46,
 139.302162,   35.516667,        2.23,
 139.306667,   35.516667,        2.01,
 139.311171,   35.516667,        1.79,
 139.315676,   35.516667,        1.58,
 139.320180,   35.516667,        1.37,
 139.324685,   35.516667,        1.17,
 139.329189,   35.516667,        0.97,
 139.333694,   35.516667,        0.78,
 139.338198,   35.516667,        0.60,
 139.342703,   35.516667,        0.42,
 139.347207,   35.516667,        0.24,
 139.351712,   35.516667,        0.07,
 139.356216,   35.516667,       -0.09,
 139.360721,   35.516667,       -0.25,
 139.365225,   35.516667,       -0.41,
 139.369730,   35.516667,       -0.56,
 139.374234,   35.516667,       -0.70,
 139.378739,   35.516667,       -0.84,
 139.383243,   35.516667,       -0.97,
 139.387748,   35.516667,       -1.10,
 139.392252,   35.516667,       -1.22,
 139.396757,   35.516667,       -1.34,
 139.401261,   35.516667,       -1.45,
 139.405766,   35.516667,       -1.56,
 139.410270,   35.516667,       -1.66,
 139.414775,   35.516667,       -1.76,
 139.419279,   35.516667,       -1.85,
 139.423784,   35.516667,       -1.93,
 139.428288,   35.516667,       -2.01,
 139.432793,   35.516667,       -2.09,
 139.437297,   35.516667,       -2.16,
 139.441802,   35.516667,       -2.23,
 139.446306,   35.516667,       -2.29,
 139.450811,   35.516667,       -2.34,
 139.455315,   35.516667,       -2.39,
 139.459820,   35.516667,       -2.43,
 139.464324,   35.516667,       -2.47,
 139.468829,   35.516667,       -2.51,
 139.473333,   35.516667,       -2.53,
 139.477838,   35.516667,       -2.56,
 139.482342,   35.516667,       -2.58,
 139.486847,   35.516667,       -2.59,
 139.491351,   35.516667,       -2.60,
 139.495856,   35.516667,       -2.60,
 139.500360,   35.516667,       -2.60,
 139.504865,   35.516667,       -2.59,
 139.509369,   35.516667,       -2.57,
 139.513874,   35.516667,       -2.56,
 139.518378,   35.516667,       -2.53,
 139.522883,   35.516667,       -2.50,
 139.527387,   35.516667,       -2.47,
 139.531892,   35.516667,       -2.43,
 139.536396,   35.516667,       -2.38,
 139.540901,   35.516667,       -2.33,
 139.545405,   35.516667,       -2.28,
 139.549910,   35.516667,       -2.22,
 139.554414,   35.516667,       -2.15,
 139.558919,   35.516667,       -2.14,
 139.563423,   35.516667,       -2.67,
 139.567928,   35.516667,       -2.96,
 139.572432,   35.516667,       -2.88,
 139.576937,   35.516667,       -2.74,
 139.581441,   35.516667,       -2.60,
 139.585946,   35.516667,       -2.45,
 139.590450,   35.516667,       -2.30,
 139.594955,   35.516667,       -2.15,
 139.599459,   35.516667,       -1.99,
 139.603964,   35.516667,       -1.83,
 139.608468,   35.516667,       -1.66,
 139.612973,   35.516667,       -1.48,
 139.617477,   35.516667,       -1.30,
 139.621982,   35.516667,       -1.11,
 139.626486,   35.516667,       -0.92,
 139.630991,   35.516667,       -0.72,
 139.635495,   35.516667,       -0.52,
 139.640000,   35.516667,       -0.32,
 139.644505,   35.516667,       -0.12,
 139.649009,   35.516667,        0.07,
 139.653514,   35.516667,        0.27,
 139.658018,   35.516667,        0.45,
 139.662523,   35.516667,         NaN,
 139.667027,   35.516667,         NaN,
 139.671532,   35.516667,         NaN,
 139.676036,   35.516667,         NaN,
 139.680541,   35.516667,         NaN,
 139.685045,   35.516667,         NaN,
 139.689550,   35.516667,         NaN,
 139.694054,   35.516667,         NaN,
 139.698559,   35.516667,         NaN,
 139.703063,   35.516667,         NaN,
 139.707568,   35.516667,         NaN,
 139.712072,   35.516667,         NaN,
 139.716577,   35.516667,         NaN,
 139.721081,   35.516667,         NaN,
 139.725586,   35.516667,         NaN,
 139.730090,   35.516667,         NaN,
 139.734595,   35.516667,         NaN,
 139.739099,   35.516667,         NaN,
 139.743604,   35.516667,         NaN,
 139.748108,   35.516667,         NaN,
 139.752613,   35.516667,         NaN,
 139.757117,   35.516667,         NaN,
 139.761622,   35.516667,         NaN,
 139.766126,   35.516667,        1.08,
 139.770631,   35.516667,        0.74,
 139.775135,   35.516667,        0.50,
 139.779640,   35.516667,        0.25,
 139.784144,   35.516667,       -0.10,
 139.788649,   35.516667,       -0.56,
 139.793153,   35.516667,       -0.93,
 139.797658,   35.516667,       -1.14,
 139.802162,   35.516667,       -1.30,
 139.806667,   35.516667,       -1.49,
 139.811171,   35.516667,       -1.45,
 139.815676,   35.516667,       -1.39,
 139.820180,   35.516667,       -1.39,
 139.824685,   35.516667,       -1.42,
 139.829189,   35.516667,       -1.48,
 139.833694,   35.516667,       -1.55,
 139.838198,   35.516667,       -1.61,
 139.842703,   35.516667,       -1.66,
 139.847207,   35.516667,       -1.71,
 139.851712,   35.516667,       -1.68,
 139.856216,   35.516667,       -1.61,
 139.860721,   35.516667,       -1.54,
 139.865225,   35.516667,       -1.48,
 139.869730,   35.516667,       -1.42,
 139.874234,   35.516667,       -1.37,
 139.878739,   35.516667,       -1.32,
 139.883243,   35.516667,       -1.28,
 139.887748,   35.516667,       -1.23,
 139.892252,   35.516667,       -1.21,
 139.896757,   35.516667,       -1.19,
 139.901261,   35.516667,       -1.17,
 139.905766,   35.516667,       -1.15,
 139.910270,   35.516667,       -1.13,
 139.914775,   35.516667,       -1.13,
 139.919279,   35.516667,       -1.12,
 139.923784,   35.516667,       -1.11,
 139.928288,   35.516667,       -1.08,
 139.932793,   35.516667,       -1.04,
 139.937297,   35.516667,       -1.00,
 139.941802,   35.516667,       -0.96,
 139.946306,   35.516667,       -0.90,
 139.950811,   35.516667,       -0.83,
 139.955315,   35.516667,       -0.76,
 139.959820,   35.516667,       -0.68,
 139.964324,   35.516667,       -0.58,
 139.968829,   35.516667,       -0.49,
 139.973333,   35.516667,       -0.39,
 139.977838,   35.516667,       -0.29,
 139.982342,   35.516667,       -0.17,
 139.986847,   35.516667,       -0.06,
 139.991351,   35.516667,        0.04,
 139.995856,   35.516667,        0.19,
 140.000360,   35.516667,        0.33,
 140.004865,   35.516667,        0.49,
 140.009369,   35.516667,        0.67,
 140.013874,   35.516667,        0.84,
 140.018378,   35.516667,        1.01,
 140.022883,   35.516667,        1.17,
 140.027387,   35.516667,        1.30,
 140.031892,   35.516667,        1.40,
 140.036396,   35.516667,        1.48,
 140.040901,   35.516667,        1.57,
 140.045405,   35.516667,        1.64,
 140.049910,   35.516667,        1.57,
 140.054414,   35.516667,        1.45,
 140.058919,   35.516667,        1.32,
 140.063423,   35.516667,        1.20,
 140.067928,   35.516667,        1.08,
 140.072432,   35.516667,        0.97,
 140.076937,   35.516667,        0.86,
 140.081441,   35.516667,        0.75,
 140.085946,   35.516667,        0.64,
 140.090450,   35.516667,        0.54,
 140.094955,   35.516667,        0.43,
 140.099459,   35.516667,        0.32,
 140.103964,   35.516667,        0.25,
 140.108468,   35.516667,        0.21,
 140.112973,   35.516667,        0.18,
 140.117477,   35.516667,        0.14,
 140.121982,   35.516667,        0.10,
 140.126486,   35.516667,        0.05,
 140.130991,   35.516667,        0.01,
 140.135495,   35.516667,       -0.03,
 140.140000,   35.516667,       -0.07,
 140.144505,   35.516667,       -0.11,
 140.149009,   35.516667,       -0.15,
 140.153514,   35.516667,       -0.19,
 140.158018,   35.516667,       -0.22,
 140.162523,   35.516667,       -0.26,
 140.167027,   35.516667,       -0.28,
 140.171532,   35.516667,       -0.29,
 140.176036,   35.516667,       -0.30,
 140.180541,   35.516667,       -0.31,
 140.185045,   35.516667,       -0.32,
 140.189550,   35.516667,       -0.33,
 140.194054,   35.516667,       -0.35,
 140.198559,   35.516667,       -0.36,
 140.203063,   35.516667,       -0.38,
 140.207568,   35.516667,       -0.39,
 140.212072,   35.516667,       -0.41,
 140.216577,   35.516667,       -0.43,
 140.221081,   35.516667,       -0.45,
 140.225586,   35.516667,       -0.47,
 140.230090,   35.516667,       -0.49,
 140.234595,   35.516667,       -0.52,
 140.239099,   35.516667,       -0.54,
 140.243604,   35.516667,       -0.56,
 140.248108,   35.516667,       -0.59,
 140.252613,   35.516667,       -0.62,
 140.257117,   35.516667,       -0.65,
 140.261622,   35.516667,       -0.68,
 140.266126,   35.516667,       -0.71,
 140.270631,   35.516667,       -0.74,
 140.275135,   35.516667,       -0.77,
 140.279640,   35.516667,       -0.81,
 140.284144,   35.516667,       -0.84,
 140.288649,   35.516667,       -0.88,
 140.293153,   35.516667,       -0.91,
 140.297658,   35.516667,       -0.95,
 140.302162,   35.516667,       -0.99,
 140.306667,   35.516667,       -1.03,
 140.311171,   35.516667,       -1.07,
 140.315676,   35.516667,       -1.11,
 140.320180,   35.516667,       -1.16,
 140.324685,   35.516667,       -1.20,
 140.329189,   35.516667,       -1.25,
 140.333694,   35.516667,       -1.29,
 140.338198,   35.516667,       -1.34,
 140.342703,   35.516667,       -1.39,
 140.347207,   35.516667,       -1.44,
 140.351712,   35.516667,       -1.49,
 140.356216,   35.516667,       -1.54,
 140.360721,   35.516667,       -1.60,
 140.365225,   35.516667,       -1.65,
 140.369730,   35.516667,       -1.70,
 140.374234,   35.516667,       -1.76,
 140.378739,   35.516667,       -1.82,
 140.383243,   35.516667,       -1.88,
 140.387748,   35.516667,       -1.94,
 139.140000,   35.521171,       13.88,
 139.144505,   35.521171,       13.47,
 139.149009,   35.521171,       13.06,
 139.153514,   35.521171,       12.66,
 139.158018,   35.521171,       12.26,
 139.162523,   35.521171,       11.87,
 139.167027,   35.521171,       11.48,
 139.171532,   35.521171,       11.10,
 139.176036,   35.521171,       10.72,
 139.180541,   35.521171,       10.35,
 139.185045,   35.521171,        9.99,
 139.189550,   35.521171,        9.63,
 139.194054,   35.521171,        9.27,
 139.198559,   35.521171,        8.92,
 139.203063,   35.521171,        8.57,
 139.207568,   35.521171,        8.24,
 139.212072,   35.521171,        7.90,
 139.216577,   35.521171,        7.57,
 139.221081,   35.521171,        7.25,
 139.225586,   35.521171,        6.93,
 139.230090,   35.521171,        6.62,
 139.234595,   35.521171,        6.31,
 139.239099,   35.521171,        6.00,
 139.243604,   35.521171,        5.71,
 139.248108,   35.521171,        5.41,
 139.252613,   35.521171,        5.13,
 139.257117,   35.521171,        4.84,
 139.261622,   35.521171,        4.57,
 139.266126,   35.521171,        4.30,
 139.270631,   35.521171,        4.03,
 139.275135,   35.521171,        3.77,
 139.279640,   35.521171,        3.51,
 139.284144,   35.521171,        3.26,
 139.288649,   35.521171,        3.02,
 139.293153,   35.521171,        2.78,
 139.297658,   35.521171,        2.54,
 139.302162,   35.521171,        2.31,
 139.306667,   35.521171,        2.09,
 139.311171,   35.521171,        1.87,
 139.315676,   35.521171,        1.65,
 139.320180,   35.521171,        1.45,
 139.324685,   35.521171,        1.24,
 139.329189,   35.521171,        1.04,
 139.333694,   35.521171,        0.85,
 139.338198,   35.521171,        0.66,
 139.342703,   35.521171,        0.48,
 139.347207,   35.521171,        0.30,
 139.351712,   35.521171,        0.13,
 139.356216,   35.521171,       -0.04,
 139.360721,   35.521171,       -0.20,
 139.365225,   35.521171,       -0.35,
 139.369730,   35.521171,       -0.51,
 139.374234,   35.521171,       -0.65,
 139.378739,   35.521171,       -0.79,
 139.383243,   35.521171,       -0.93,
 139.387748,   35.521171,       -1.06,
 139.392252,   35.521171,       -1.18,
 139.396757,   35.521171,       -1.30,
 139.401261,   35.521171,       -1.42,
 139.405766,   35.521171,       -1.53,
 139.410270,   35.521171,       -1.63,
 139.414775,   35.521171,       -1.73,
 139.419279,   35.521171,       -1.82,
 139.423784,   35.521171,       -1.91,
 139.428288,   35.521171,       -1.99,
 139.432793,   35.521171,       -2.07,
 139.437297,   35.521171,       -2.14,
 139.441802,   35.521171,       -2.21,
 139.446306,   35.521171,       -2.27,
 139.450811,   35.521171,       -2.33,
 139.455315,   35.521171,       -2.38,
 139.459820,   35.521171,       -2.43,
 139.464324,   35.521171,       -2.47,
 139.468829,   35.521171,       -2.50,
 139.473333,   35.521171,       -2.54,
 139.477838,   35.521171,       -2.56,
 139.482342,   35.521171,       -2.58,
 139.486847,   35.521171,       -2.60,
 139.491351,   35.521171,       -2.61,
 139.495856,   35.521171,       -2.61,
 139.500360,   35.521171,       -2.61,
 139.504865,   35.521171,       -2.60,
 139.509369,   35.521171,       -2.59,
 139.513874,   35.521171,       -2.58,
 139.518378,   35.521171,       -2.55,
 139.522883,   35.521171,       -2.53,
 139.527387,   35.521171,       -2.50,
 139.531892,   35.521171,       -2.46,
 139.536396,   35.521171,       -2.42,
 139.540901,   35.521171,       -2.37,
 139.545405,   35.521171,       -2.31,
 139.549910,   35.521171,       -2.26,
 139.554414,   35.521171,       -2.19,
 139.558919,   35.521171,       -2.12,
 139.563423,   35.521171,       -2.05,
 139.567928,   35.521171,       -2.35,
 139.572432,   35.521171,       -2.76,
 139.576937,   35.521171,       -2.83,
 139.581441,   35.521171,       -2.69,
 139.585946,   35.521171,       -2.55,
 139.590450,   35.521171,       -2.41,
 139.594955,   35.521171,       -2.26,
 139.599459,   35.521171,       -2.11,
 139.603964,   35.521171,       -1.95,
 139.608468,   35.521171,       -1.79,
 139.612973,   35.521171,       -1.63,
 139.617477,   35.521171,       -1.45,
 139.621982,   35.521171,       -1.28,
 139.626486,   35.521171,       -1.09,
 139.630991,   35.521171,       -0.89,
 139.635495,   35.521171,       -0.70,
 139.640000,   35.521171,       -0.50,
 139.644505,   35.521171,       -0.31,
 139.649009,   35.521171,       -0.11,
 139.653514,   35.521171,        0.08,
 139.658018,   35.521171,         NaN,
 139.662523,   35.521171,         NaN,
 139.667027,   35.521171,         NaN,
 139.671532,   35.521171,         NaN,
 139.676036,   35.521171,         NaN,
 139.680541,   35.521171,         NaN,
 139.685045,   35.521171,         NaN,
 139.689550,   35.521171,         NaN,
 139.694054,   35.521171,         NaN,
 139.698559,   35.521171,         NaN,
 139.703063,   35.521171,         NaN,
 139.707568,   35.521171,         NaN,
 139.712072,   35.521171,         NaN,
 139.716577,   35.521171,         NaN,
 139.721081,   35.521171,         NaN,
 139.725586,   35.521171,         NaN,
 139.730090,   35.521171,         NaN,
 139.734595,   35.521171,         NaN,
 139.739099,   35.521171,         NaN,
 139.743604,   35.521171,         NaN,
 139.748108,   35.521171,         NaN,
 139.752613,   35.521171,         NaN,
 139.757117,   35.521171,         NaN,
 139.761622,   35.521171,         NaN,
 139.766126,   35.521171,        1.41,
 139.770631,   35.521171,        1.09,
 139.775135,   35.521171,        1.06,
 139.779640,   35.521171,        0.82,
 139.784144,   35.521171,        0.44,
 139.788649,   35.521171,       -0.03,
 139.793153,   35.521171,       -0.53,
 139.797658,   35.521171,       -0.92,
 139.802162,   35.521171,       -1.26,
 139.806667,   35.521171,       -1.54,
 139.811171,   35.521171,         NaN,
 139.815676,   35.521171,         NaN,
 139.820180,   35.521171,         NaN,
 139.824685,   35.521171,         NaN,
 139.829189,   35.521171,       -1.51,
 139.833694,   35.521171,       -1.56,
 139.838198,   35.521171,       -1.62,
 139.842703,   35.521171,       -1.69,
 139.847207,   35.521171,       -1.77,
 139.851712,   35.521171,       -1.79,
 139.856216,   35.521171,       -1.72,
 139.860721,   35.521171,       -1.66,
 139.865225,   35.521171,       -1.60,
 139.869730,   35.521171,       -1.54,
 139.874234,   35.521171,       -1.48,
 139.878739,   35.521171,       -1.42,
 139.883243,   35.521171,       -1.37,
 139.887748,   35.521171,       -1.33,
 139.892252,   35.521171,       -1.29,
 139.896757,   35.521171,       -1.25,
 139.901261,   35.521171,       -1.22,
 139.905766,   35.521171,       -1.20,
 139.910270,   35.521171,       -1.18,
 139.914775,   35.521171,       -1.17,
 139.919279,   35.521171,       -1.16,
 139.923784,   35.521171,       -1.15,
 139.928288,   35.521171,       -1.11,
 139.932793,   35.521171,       -1.07,
 139.937297,   35.521171,       -1.03,
 139.941802,   35.521171,       -0.98,
 139.946306,   35.521171,       -0.93,
 139.950811,   35.521171,       -0.87,
 139.955315,   35.521171,       -0.81,
 139.959820,   35.521171,       -0.75,
 139.964324,   35.521171,       -0.66,
 139.968829,   35.521171,       -0.57,
 139.973333,   35.521171,       -0.49,
 139.977838,   35.521171,       -0.40,
 139.982342,   35.521171,       -0.29,
 139.986847,   35.521171,       -0.18,
 139.991351,   35.521171,       -0.07,
 139.995856,   35.521171,        0.06,
 140.000360,   35.521171,        0.19,
 140.004865,   35.521171,        0.33,
 140.009369,   35.521171,        0.52,
 140.013874,   35.521171,        0.70,
 140.018378,   35.521171,        0.87,
 140.022883,   35.521171,        1.03,
 140.027387,   35.521171,        1.18,
 140.031892,   35.521171,        1.30,
 140.036396,   35.521171,        1.40,
 140.040901,   35.521171,        1.52,
 140.045405,   35.521171,        1.59,
 140.049910,   35.521171,        1.65,
 140.054414,   35.521171,        1.61,
 140.058919,   35.521171,        1.50,
 140.063423,   35.521171,        1.38,
 140.067928,   35.521171,        1.27,
 140.072432,   35.521171,        1.16,
 140.076937,   35.521171,        1.05,
 140.081441,   35.521171,        0.94,
 140.085946,   35.521171,        0.83,
 140.090450,   35.521171,        0.73,
 140.094955,   35.521171,        0.62,
 140.099459,   35.521171,        0.51,
 140.103964,   35.521171,        0.44,
 140.108468,   35.521171,        0.40,
 140.112973,   35.521171,        0.38,
 140.117477,   35.521171,        0.34,
 140.121982,   35.521171,        0.30,
 140.126486,   35.521171,        0.26,
 140.130991,   35.521171,        0.22,
 140.135495,   35.521171,        0.18,
 140.140000,   35.521171,        0.14,
 140.144505,   35.521171,        0.10,
 140.149009,   35.521171,        0.06,
 140.153514,   35.521171,        0.03,
 140.158018,   35.521171,       -0.00,
 140.162523,   35.521171,       -0.04,
 140.167027,   35.521171,       -0.04,
 140.171532,   35.521171,       -0.05,
 140.176036,   35.521171,       -0.06,
 140.180541,   35.521171,       -0.07,
 140.185045,   35.521171,       -0.08,
 140.189550,   35.521171,       -0.09,
 140.194054,   35.521171,       -0.10,
 140.198559,   35.521171,       -0.12,
 140.203063,   35.521171,       -0.13,
 140.207568,   35.521171,       -0.15,
 140.212072,   35.521171,       -0.17,
 140.216577,   35.521171,       -0.19,
 140.221081,   35.521171,       -0.21,
 140.225586,   35.521171,       -0.23,
 140.230090,   35.521171,       -0.25,
 140.234595,   35.521171,       -0.27,
 140.239099,   35.521171,       -0.29,
 140.243604,   35.521171,       -0.32,
 140.248108,   35.521171,       -0.34,
 140.252613,   35.521171,       -0.37,
 140.257117,   35.521171,       -0.40,
 140.261622,   35.521171,       -0.43,
 140.266126,   35.521171,       -0.46,
 140.270631,   35.521171,       -0.49,
 140.275135,   35.521171,       -0.52,
 140.279640,   35.521171,       -0.56,
 140.284144,   35.521171,       -0.59,
 140.288649,   35.521171,       -0.63,
 140.293153,   35.521171,       -0.66,
 140.297658,   35.521171,       -0.70,
 140.302162,   35.521171,       -0.74,
 140.306667,   35.521171,       -0.78,
 140.311171,   35.521171,       -0.82,
 140.315676,   35.521171,       -0.86,
 140.320180,   35.521171,       -0.90,
 140.324685,   35.521171,       -0.95,
 140.329189,   35.521171,       -0.99,
 140.333694,   35.521171,       -1.04,
 140.338198,   35.521171,       -1.09,
 140.342703,   35.521171,       -1.13,
 140.347207,   35.521171,       -1.18,
 140.351712,   35.521171,       -1.23,
 140.356216,   35.521171,       -1.29,
 140.360721,   35.521171,       -1.34,
 140.365225,   35.521171,       -1.39,
 140.369730,   35.521171,       -1.45,
 140.374234,   35.521171,       -1.50,
 140.378739,   35.521171,       -1.56,
 140.383243,   35.521171,       -1.62,
 140.387748,   35.521171,       -1.68,
 139.140000,   35.525676,       14.04,
 139.144505,   35.525676,       13.62,
 139.149009,   35.525676,       13.21,
 139.153514,   35.525676,       12.81,
 139.158018,   35.525676,       12.41,
 139.162523,   35.525676,       12.01,
 139.167027,   35.525676,       11.63,
 139.171532,   35.525676,       11.24,
 139.176036,   35.525676,       10.86,
 139.180541,   35.525676,       10.49,
 139.185045,   35.525676,       10.12,
 139.189550,   35.525676,        9.76,
 139.194054,   35.525676,        9.40,
 139.198559,   35.525676,        9.05,
 139.203063,   35.525676,        8.70,
 139.207568,   35.525676,        8.36,
 139.212072,   35.525676,        8.02,
 139.216577,   35.525676,        7.69,
 139.221081,   35.525676,        7.37,
 139.225586,   35.525676,        7.04,
 139.230090,   35.525676,        6.73,
 139.234595,   35.525676,        6.42,
 139.239099,   35.525676,        6.11,
 139.243604,   35.525676,        5.81,
 139.248108,   35.525676,        5.52,
 139.252613,   35.525676,        5.23,
 139.257117,   35.525676,        4.94,
 139.261622,   35.525676,        4.67,
 139.266126,   35.525676,        4.39,
 139.270631,   35.525676,        4.12,
 139.275135,   35.525676,        3.86,
 139.279640,   35.525676,        3.60,
 139.284144,   35.525676,        3.35,
 139.288649,   35.525676,        3.10,
 139.293153,   35.525676,        2.86,
 139.297658,   35.525676,        2.62,
 139.302162,   35.525676,        2.39,
 139.306667,   35.525676,        2.16,
 139.311171,   35.525676,        1.94,
 139.315676,   35.525676,        1.73,
 139.320180,   35.525676,        1.51,
 139.324685,   35.525676,        1.31,
 139.329189,   35.525676,        1.11,
 139.333694,   35.525676,        0.91,
 139.338198,   35.525676,        0.72,
 139.342703,   35.525676,        0.54,
 139.347207,   35.525676,        0.36,
 139.351712,   35.525676,        0.18,
 139.356216,   35.525676,        0.02,
 139.360721,   35.525676,       -0.15,
 139.365225,   35.525676,       -0.31,
 139.369730,   35.525676,       -0.46,
 139.374234,   35.525676,       -0.61,
 139.378739,   35.525676,       -0.75,
 139.383243,   35.525676,       -0.89,
 139.387748,   35.525676,       -1.02,
 139.392252,   35.525676,       -1.15,
 139.396757,   35.525676,       -1.27,
 139.401261,   35.525676,       -1.39,
 139.405766,   35.525676,       -1.50,
 139.410270,   35.525676,       -1.60,
 139.414775,   35.525676,       -1.71,
 139.419279,   35.525676,       -1.80,
 139.423784,   35.525676,       -1.89,
 139.428288,   35.525676,       -1.98,
 139.432793,   35.525676,       -2.06,
 139.437297,   35.525676,       -2.13,
 139.441802,   35.525676,       -2.20,
 139.446306,   35.525676,       -2.27,
 139.450811,   35.525676,       -2.32,
 139.455315,   35.525676,       -2.38,
 139.459820,   35.525676,       -2.43,
 139.464324,   35.525676,       -2.47,
 139.468829,   35.525676,       -2.51,
 139.473333,   35.525676,       -2.54,
 139.477838,   35.525676,       -2.57,
 139.482342,   35.525676,       -2.59,
 139.486847,   35.525676,       -2.61,
 139.491351,   35.525676,       -2.62,
 139.495856,   35.525676,       -2.63,
 139.500360,   35.525676,       -2.63,
 139.504865,   35.525676,       -2.62,
 139.509369,   35.525676,       -2.62,
 139.513874,   35.525676,       -2.60,
 139.518378,   35.525676,       -2.58,
 139.522883,   35.525676,       -2.56,
 139.527387,   35.525676,       -2.53,
 139.531892,   35.525676,       -2.49,
 139.536396,   35.525676,       -2.45,
 139.540901,   35.525676,       -2.41,
 139.545405,   35.525676,       -2.36,
 139.549910,   35.525676,       -2.30,
 139.554414,   35.525676,       -2.24,
 139.558919,   35.525676,       -2.17,
 139.563423,   35.525676,       -2.10,
 139.567928,   35.525676,       -2.02,
 139.572432,   35.525676,       -1.99,
 139.576937,   35.525676,       -2.50,
 139.581441,   35.525676,       -2.75,
 139.585946,   35.525676,       -2.65,
 139.590450,   35.525676,       -2.51,
 139.594955,   35.525676,       -2.37,
 139.599459,   35.525676,       -2.22,
 139.603964,   35.525676,       -2.07,
 139.608468,   35.525676,       -1.92,
 139.612973,   35.525676,       -1.76,
 139.617477,   35.525676,       -1.59,
 139.621982,   35.525676,       -1.42,
 139.626486,   35.525676,       -1.25,
 139.630991,   35.525676,       -1.06,
 139.635495,   35.525676,       -0.87,
 139.640000,   35.525676,       -0.68,
 139.644505,   35.525676,       -0.48,
 139.649009,   35.525676,       -0.29,
 139.653514,   35.525676,       -0.10,
 139.658018,   35.525676,         NaN,
 139.662523,   35.525676,         NaN,
 139.667027,   35.525676,         NaN,
 139.671532,   35.525676,         NaN,
 139.676036,   35.525676,         NaN,
 139.680541,   35.525676,         NaN,
 139.685045,   35.525676,         NaN,
 139.689550,   35.525676,         NaN,
 139.694054,   35.525676,         NaN,
 139.698559,   35.525676,         NaN,
 139.703063,   35.525676,         NaN,
 139.707568,   35.525676,         NaN,
 139.712072,   35.525676,         NaN,
 139.716577,   35.525676,         NaN,
 139.721081,   35.525676,         NaN,
 139.725586,   35.525676,         NaN,
 139.730090,   35.525676,         NaN,
 139.734595,   35.525676,         NaN,
 139.739099,   35.525676,         NaN,
 139.743604,   35.525676,         NaN,
 139.748108,   35.525676,         NaN,
 139.752613,   35.525676,         NaN,
 139.757117,   35.525676,         NaN,
 139.761622,   35.525676,         NaN,
 139.766126,   35.525676,        5.74,
 139.770631,   35.525676,        9.03,
 139.775135,   35.525676,        3.75,
 139.779640,   35.525676,        1.62,
 139.784144,   35.525676,        1.09,
 139.788649,   35.525676,        0.50,
 139.793153,   35.525676,       -0.26,
 139.797658,   35.525676,       -0.82,
 139.802162,   35.525676,         NaN,
 139.806667,   35.525676,         NaN,
 139.811171,   35.525676,         NaN,
 139.815676,   35.525676,         NaN,
 139.820180,   35.525676,         NaN,
 139.824685,   35.525676,         NaN,
 139.829189,   35.525676,         NaN,
 139.833694,   35.525676,         NaN,
 139.838198,   35.525676,       -1.61,
 139.842703,   35.525676,       -1.68,
 139.847207,   35.525676,       -1.75,
 139.851712,   35.525676,       -1.79,
 139.856216,   35.525676,       -1.77,
 139.860721,   35.525676,       -1.73,
 139.865225,   35.525676,       -1.70,
 139.869730,   35.525676,       -1.66,
 139.874234,   35.525676,       -1.58,
 139.878739,   35.525676,       -1.50,
 139.883243,   35.525676,       -1.44,
 139.887748,   35.525676,       -1.37,
 139.892252,   35.525676,       -1.34,
 139.896757,   35.525676,       -1.30,
 139.901261,   35.525676,       -1.26,
 139.905766,   35.525676,       -1.24,
 139.910270,   35.525676,       -1.22,
 139.914775,   35.525676,       -1.20,
 139.919279,   35.525676,       -1.18,
 139.923784,   35.525676,       -1.17,
 139.928288,   35.525676,       -1.13,
 139.932793,   35.525676,       -1.09,
 139.937297,   35.525676,       -1.05,
 139.941802,   35.525676,       -1.01,
 139.946306,   35.525676,       -0.95,
 139.950811,   35.525676,       -0.89,
 139.955315,   35.525676,       -0.83,
 139.959820,   35.525676,       -0.76,
 139.964324,   35.525676,       -0.70,
 139.968829,   35.525676,       -0.64,
 139.973333,   35.525676,       -0.58,
 139.977838,   35.525676,       -0.50,
 139.982342,   35.525676,       -0.39,
 139.986847,   35.525676,       -0.28,
 139.991351,   35.525676,       -0.17,
 139.995856,   35.525676,       -0.05,
 140.000360,   35.525676,        0.09,
 140.004865,   35.525676,        0.24,
 140.009369,   35.525676,        0.41,
 140.013874,   35.525676,        0.58,
 140.018378,   35.525676,        0.74,
 140.022883,   35.525676,        0.89,
 140.027387,   35.525676,        1.04,
 140.031892,   35.525676,        1.20,
 140.036396,   35.525676,        1.34,
 140.040901,   35.525676,        1.45,
 140.045405,   35.525676,        1.56,
 140.049910,   35.525676,        1.62,
 140.054414,   35.525676,        1.67,
 140.058919,   35.525676,        1.65,
 140.063423,   35.525676,        1.55,
 140.067928,   35.525676,        1.45,
 140.072432,   35.525676,        1.34,
 140.076937,   35.525676,        1.23,
 140.081441,   35.525676,        1.12,
 140.085946,   35.525676,        1.02,
 140.090450,   35.525676,        0.91,
 140.094955,   35.525676,        0.81,
 140.099459,   35.525676,        0.70,
 140.103964,   35.525676,        0.62,
 140.108468,   35.525676,        0.59,
 140.112973,   35.525676,        0.57,
 140.117477,   35.525676,        0.54,
 140.121982,   35.525676,        0.50,
 140.126486,   35.525676,        0.46,
 140.130991,   35.525676,        0.43,
 140.135495,   35.525676,        0.39,
 140.140000,   35.525676,        0.35,
 140.144505,   35.525676,        0.32,
 140.149009,   35.525676,        0.28,
 140.153514,   35.525676,        0.25,
 140.158018,   35.525676,        0.22,
 140.162523,   35.525676,        0.20,
 140.167027,   35.525676,        0.20,
 140.171532,   35.525676,        0.19,
 140.176036,   35.525676,        0.18,
 140.180541,   35.525676,        0.17,
 140.185045,   35.525676,        0.16,
 140.189550,   35.525676,        0.15,
 140.194054,   35.525676,        0.14,
 140.198559,   35.525676,        0.12,
 140.203063,   35.525676,        0.11,
 140.207568,   35.525676,        0.09,
 140.212072,   35.525676,        0.08,
 140.216577,   35.525676,        0.06,
 140.221081,   35.525676,        0.04,
 140.225586,   35.525676,        0.02,
 140.230090,   35.525676,       -0.00,
 140.234595,   35.525676,       -0.02,
 140.239099,   35.525676,       -0.05,
 140.243604,   35.525676,       -0.07,
 140.248108,   35.525676,       -0.10,
 140.252613,   35.525676,       -0.12,
 140.257117,   35.525676,       -0.15,
 140.261622,   35.525676,       -0.18,
 140.266126,   35.525676,       -0.21,
 140.270631,   35.525676,       -0.24,
 140.275135,   35.525676,       -0.27,
 140.279640,   35.525676,       -0.30,
 140.284144,   35.525676,       -0.34,
 140.288649,   35.525676,       -0.37,
 140.293153,   35.525676,       -0.41,
 140.297658,   35.525676,       -0.45,
 140.302162,   35.525676,       -0.48,
 140.306667,   35.525676,       -0.52,
 140.311171,   35.525676,       -0.56,
 140.315676,   35.525676,       -0.61,
 140.320180,   35.525676,       -0.65,
 140.324685,   35.525676,       -0.69,
 140.329189,   35.525676,       -0.74,
 140.333694,   35.525676,       -0.78,
 140.338198,   35.525676,       -0.83,
 140.342703,   35.525676,       -0.88,
 140.347207,   35.525676,       -0.93,
 140.351712,   35.525676,       -0.98,
 140.356216,   35.525676,       -1.03,
 140.360721,   35.525676,       -1.08,
 140.365225,   35.525676,       -1.13,
 140.369730,   35.525676,       -1.19,
 140.374234,   35.525676,       -1.24,
 140.378739,   35.525676,       -1.30,
 140.383243,   35.525676,       -1.36,
 140.387748,   35.525676,       -1.42,
 139.140000,   35.530180,       14.19,
 139.144505,   35.530180,       13.77,
 139.149009,   35.530180,       13.36,
 139.153514,   35.530180,       12.95,
 139.158018,   35.530180,       12.55,
 139.162523,   35.530180,       12.16,
 139.167027,   35.530180,       11.76,
 139.171532,   35.530180,       11.38,
 139.176036,   35.530180,       11.00,
 139.180541,   35.530180,       10.62,
 139.185045,   35.530180,       10.25,
 139.189550,   35.530180,        9.89,
 139.194054,   35.530180,        9.53,
 139.198559,   35.530180,        9.17,
 139.203063,   35.530180,        8.82,
 139.207568,   35.530180,        8.48,
 139.212072,   35.530180,        8.14,
 139.216577,   35.530180,        7.81,
 139.221081,   35.530180,        7.48,
 139.225586,   35.530180,        7.15,
 139.230090,   35.530180,        6.84,
 139.234595,   35.530180,        6.52,
 139.239099,   35.530180,        6.22,
 139.243604,   35.530180,        5.91,
 139.248108,   35.530180,        5.62,
 139.252613,   35.530180,        5.33,
 139.257117,   35.530180,        5.04,
 139.261622,   35.530180,        4.76,
 139.266126,   35.530180,        4.48,
 139.270631,   35.530180,        4.21,
 139.275135,   35.530180,        3.95,
 139.279640,   35.530180,        3.69,
 139.284144,   35.530180,        3.43,
 139.288649,   35.530180,        3.18,
 139.293153,   35.530180,        2.94,
 139.297658,   35.530180,        2.70,
 139.302162,   35.530180,        2.46,
 139.306667,   35.530180,        2.23,
 139.311171,   35.530180,        2.01,
 139.315676,   35.530180,        1.79,
 139.320180,   35.530180,        1.58,
 139.324685,   35.530180,        1.37,
 139.329189,   35.530180,        1.17,
 139.333694,   35.530180,        0.97,
 139.338198,   35.530180,        0.78,
 139.342703,   35.530180,        0.59,
 139.347207,   35.530180,        0.41,
 139.351712,   35.530180,        0.23,
 139.356216,   35.530180,        0.06,
 139.360721,   35.530180,       -0.10,
 139.365225,   35.530180,       -0.26,
 139.369730,   35.530180,       -0.42,
 139.374234,   35.530180,       -0.57,
 139.378739,   35.530180,       -0.72,
 139.383243,   35.530180,       -0.86,
 139.387748,   35.530180,       -0.99,
 139.392252,   35.530180,       -1.12,
 139.396757,   35.530180,       -1.24,
 139.401261,   35.530180,       -1.36,
 139.405766,   35.530180,       -1.48,
 139.410270,   35.530180,       -1.58,
 139.414775,   35.530180,       -1.69,
 139.419279,   35.530180,       -1.79,
 139.423784,   35.530180,       -1.88,
 139.428288,   35.530180,       -1.97,
 139.432793,   35.530180,       -2.05,
 139.437297,   35.530180,       -2.13,
 139.441802,   35.530180,       -2.20,
 139.446306,   35.530180,       -2.26,
 139.450811,   35.530180,       -2.32,
 139.455315,   35.530180,       -2.38,
 139.459820,   35.530180,       -2.43,
 139.464324,   35.530180,       -2.48,
 139.468829,   35.530180,       -2.52,
 139.473333,   35.530180,       -2.55,
 139.477838,   35.530180,       -2.58,
 139.482342,   35.530180,       -2.61,
 139.486847,   35.530180,       -2.63,
 139.491351,   35.530180,       -2.64,
 139.495856,   35.530180,       -2.65,
 139.500360,   35.530180,       -2.65,
 139.504865,   35.530180,       -2.65,
 139.509369,   35.530180,       -2.64,
 139.513874,   35.530180,       -2.63,
 139.518378,   35.530180,       -2.62,
 139.522883,   35.530180,       -2.59,
 139.527387,   35.530180,       -2.57,
 139.531892,   35.530180,       -2.53,
 139.536396,   35.530180,       -2.49,
 139.540901,   35.530180,       -2.45,
 139.545405,   35.530180,       -2.40,
 139.549910,   35.530180,       -2.35,
 139.554414,   35.530180,       -2.29,
 139.558919,   35.530180,       -2.22,
 139.563423,   35.530180,       -2.15,
 139.567928,   35.530180,       -2.08,
 139.572432,   35.530180,       -2.00,
 139.576937,   35.530180,       -1.91,
 139.581441,   35.530180,       -2.19,
 139.585946,   35.530180,       -2.58,
 139.590450,   35.530180,       -2.61,
 139.594955,   35.530180,       -2.47,
 139.599459,   35.530180,       -2.33,
 139.603964,   35.530180,       -2.18,
 139.608468,   35.530180,       -2.03,
 139.612973,   35.530180,       -1.88,
 139.617477,   35.530180,       -1.72,
 139.621982,   35.530180,       -1.56,
 139.626486,   35.530180,       -1.39,
 139.630991,   35.530180,       -1.22,
 139.635495,   35.530180,       -1.04,
 139.640000,   35.530180,       -0.85,
 139.644505,   35.530180,       -0.66,
 139.649009,   35.530180,       -0.47,
 139.653514,   35.530180,       -0.28,
 139.658018,   35.530180,         NaN,
 139.662523,   35.530180,         NaN,
 139.667027,   35.530180,         NaN,
 139.671532,   35.530180,         NaN,
 139.676036,   35.530180,         NaN,
 139.680541,   35.530180,         NaN,
 139.685045,   35.530180,         NaN,
 139.689550,   35.530180,         NaN,
 139.694054,   35.530180,         NaN,
 139.698559,   35.530180,         NaN,
 139.703063,   35.530180,         NaN,
 139.707568,   35.530180,         NaN,
 139.712072,   35.530180,         NaN,
 139.716577,   35.530180,         NaN,
 139.721081,   35.530180,         NaN,
 139.725586,   35.530180,         NaN,
 139.730090,   35.530180,         NaN,
 139.734595,   35.530180,         NaN,
 139.739099,   35.530180,         NaN,
 139.743604,   35.530180,         NaN,
 139.748108,   35.530180,         NaN,
 139.752613,   35.530180,         NaN,
 139.757117,   35.530180,         NaN,
 139.761622,   35.530180,         NaN,
 139.766126,   35.530180,       10.86,
 139.770631,   35.530180,       20.19,
 139.775135,   35.530180,       10.39,
 139.779640,   35.530180,        2.72,
 139.784144,   35.530180,        1.82,
 139.788649,   35.530180,        0.72,
 139.793153,   35.530180,       -0.16,
 139.797658,   35.530180,       -0.69,
 139.802162,   35.530180,         NaN,
 139.806667,   35.530180,         NaN,
 139.811171,   35.530180,         NaN,
 139.815676,   35.530180,         NaN,
 139.820180,   35.530180,         NaN,
 139.824685,   35.530180,         NaN,
 139.829189,   35.530180,         NaN,
 139.833694,   35.530180,         NaN,
 139.838198,   35.530180,         NaN,
 139.842703,   35.530180,       -1.65,
 139.847207,   35.530180,       -1.71,
 139.851712,   35.530180,       -1.77,
 139.856216,   35.530180,       -1.77,
 139.860721,   35.530180,       -1.75,
 139.865225,   35.530180,       -1.73,
 139.869730,   35.530180,       -1.70,
 139.874234,   35.530180,       -1.63,
 139.878739,   35.530180,       -1.55,
 139.883243,   35.530180,       -1.48,
 139.887748,   35.530180,       -1.42,
 139.892252,   35.530180,       -1.37,
 139.896757,   35.530180,       -1.33,
 139.901261,   35.530180,       -1.30,
 139.905766,   35.530180,       -1.27,
 139.910270,   35.530180,       -1.24,
 139.914775,   35.530180,       -1.22,
 139.919279,   35.530180,       -1.20,
 139.923784,   35.530180,       -1.17,
 139.928288,   35.530180,       -1.14,
 139.932793,   35.530180,       -1.10,
 139.937297,   35.530180,       -1.06,
 139.941802,   35.530180,       -1.03,
 139.946306,   35.530180,       -0.96,
 139.950811,   35.530180,       -0.90,
 139.955315,   35.530180,       -0.84,
 139.959820,   35.530180,       -0.77,
 139.964324,   35.530180,       -0.72,
 139.968829,   35.530180,       -0.66,
 139.973333,   35.530180,       -0.61,
 139.977838,   35.530180,       -0.54,
 139.982342,   35.530180,       -0.45,
 139.986847,   35.530180,       -0.35,
 139.991351,   35.530180,       -0.27,
 139.995856,   35.530180,       -0.15,
 140.000360,   35.530180,        0.01,
 140.004865,   35.530180,        0.16,
 140.009369,   35.530180,        0.31,
 140.013874,   35.530180,        0.47,
 140.018378,   35.530180,        0.61,
 140.022883,   35.530180,        0.77,
 140.027387,   35.530180,        0.93,
 140.031892,   35.530180,        1.10,
 140.036396,   35.530180,        1.28,
 140.040901,   35.530180,        1.40,
 140.045405,   35.530180,        1.52,
 140.049910,   35.530180,        1.61,
 140.054414,   35.530180,        1.64,
 140.058919,   35.530180,        1.69,
 140.063423,   35.530180,        1.69,
 140.067928,   35.530180,        1.61,
 140.072432,   35.530180,        1.51,
 140.076937,   35.530180,        1.41,
 140.081441,   35.530180,        1.30,
 140.085946,   35.530180,        1.20,
 140.090450,   35.530180,        1.10,
 140.094955,   35.530180,        0.99,
 140.099459,   35.530180,        0.88,
 140.103964,   35.530180,        0.81,
 140.108468,   35.530180,        0.78,
 140.112973,   35.530180,        0.77,
 140.117477,   35.530180,        0.74,
 140.121982,   35.530180,        0.71,
 140.126486,   35.530180,        0.67,
 140.130991,   35.530180,        0.64,
 140.135495,   35.530180,        0.60,
 140.140000,   35.530180,        0.57,
 140.144505,   35.530180,        0.53,
 140.149009,   35.530180,        0.50,
 140.153514,   35.530180,        0.47,
 140.158018,   35.530180,        0.45,
 140.162523,   35.530180,        0.45,
 140.167027,   35.530180,        0.44,
 140.171532,   35.530180,        0.43,
 140.176036,   35.530180,        0.42,
 140.180541,   35.530180,        0.42,
 140.185045,   35.530180,        0.41,
 140.189550,   35.530180,        0.39,
 140.194054,   35.530180,        0.38,
 140.198559,   35.530180,        0.37,
 140.203063,   35.530180,        0.35,
 140.207568,   35.530180,        0.34,
 140.212072,   35.530180,        0.32,
 140.216577,   35.530180,        0.31,
 140.221081,   35.530180,        0.29,
 140.225586,   35.530180,        0.27,
 140.230090,   35.530180,        0.25,
 140.234595,   35.530180,        0.22,
 140.239099,   35.530180,        0.20,
 140.243604,   35.530180,        0.18,
 140.248108,   35.530180,        0.15,
 140.252613,   35.530180,        0.13,
 140.257117,   35.530180,        0.10,
 140.261622,   35.530180,        0.07,
 140.266126,   35.530180,        0.04,
 140.270631,   35.530180,        0.01,
 140.275135,   35.530180,       -0.02,
 140.279640,   35.530180,       -0.05,
 140.284144,   35.530180,       -0.09,
 140.288649,   35.530180,       -0.12,
 140.293153,   35.530180,       -0.16,
 140.297658,   35.530180,       -0.19,
 140.302162,   35.530180,       -0.23,
 140.306667,   35.530180,       -0.27,
 140.311171,   35.530180,       -0.31,
 140.315676,   35.530180,       -0.35,
 140.320180,   35.530180,       -0.39,
 140.324685,   35.530180,       -0.44,
 140.329189,   35.530180,       -0.48,
 140.333694,   35.530180,       -0.53,
 140.338198,   35.530180,       -0.57,
 140.342703,   35.530180,       -0.62,
 140.347207,   35.530180,       -0.67,
 140.351712,   35.530180,       -0.72,
 140.356216,   35.530180,       -0.77,
 140.360721,   35.530180,       -0.82,
 140.365225,   35.530180,       -0.87,
 140.369730,   35.530180,       -0.93,
 140.374234,   35.530180,       -0.98,
 140.378739,   35.530180,       -1.04,
 140.383243,   35.530180,       -1.09,
 140.387748,   35.530180,       -1.15,
 139.140000,   35.534685,       14.34,
 139.144505,   35.534685,       13.92,
 139.149009,   35.534685,       13.50,
 139.153514,   35.534685,       13.09,
 139.158018,   35.534685,       12.69,
 139.162523,   35.534685,       12.29,
 139.167027,   35.534685,       11.90,
 139.171532,   35.534685,       11.51,
 139.176036,   35.534685,       11.13,
 139.180541,   35.534685,       10.75,
 139.185045,   35.534685,       10.38,
 139.189550,   35.534685,       10.01,
 139.194054,   35.534685,        9.65,
 139.198559,   35.534685,        9.29,
 139.203063,   35.534685,        8.94,
 139.207568,   35.534685,        8.59,
 139.212072,   35.534685,        8.25,
 139.216577,   35.534685,        7.92,
 139.221081,   35.534685,        7.59,
 139.225586,   35.534685,        7.26,
 139.230090,   35.534685,        6.94,
 139.234595,   35.534685,        6.62,
 139.239099,   35.534685,        6.32,
 139.243604,   35.534685,        6.01,
 139.248108,   35.534685,        5.71,
 139.252613,   35.534685,        5.42,
 139.257117,   35.534685,        5.13,
 139.261622,   35.534685,        4.85,
 139.266126,   35.534685,        4.57,
 139.270631,   35.534685,        4.29,
 139.275135,   35.534685,        4.03,
 139.279640,   35.534685,        3.76,
 139.284144,   35.534685,        3.51,
 139.288649,   35.534685,        3.25,
 139.293153,   35.534685,        3.01,
 139.297658,   35.534685,        2.77,
 139.302162,   35.534685,        2.53,
 139.306667,   35.534685,        2.30,
 139.311171,   35.534685,        2.07,
 139.315676,   35.534685,        1.85,
 139.320180,   35.534685,        1.64,
 139.324685,   35.534685,        1.43,
 139.329189,   35.534685,        1.22,
 139.333694,   35.534685,        1.02,
 139.338198,   35.534685,        0.83,
 139.342703,   35.534685,        0.64,
 139.347207,   35.534685,        0.46,
 139.351712,   35.534685,        0.28,
 139.356216,   35.534685,        0.10,
 139.360721,   35.534685,       -0.07,
 139.365225,   35.534685,       -0.23,
 139.369730,   35.534685,       -0.39,
 139.374234,   35.534685,       -0.54,
 139.378739,   35.534685,       -0.69,
 139.383243,   35.534685,       -0.83,
 139.387748,   35.534685,       -0.96,
 139.392252,   35.534685,       -1.10,
 139.396757,   35.534685,       -1.22,
 139.401261,   35.534685,       -1.34,
 139.405766,   35.534685,       -1.46,
 139.410270,   35.534685,       -1.57,
 139.414775,   35.534685,       -1.68,
 139.419279,   35.534685,       -1.78,
 139.423784,   35.534685,       -1.87,
 139.428288,   35.534685,       -1.96,
 139.432793,   35.534685,       -2.04,
 139.437297,   35.534685,       -2.12,
 139.441802,   35.534685,       -2.20,
 139.446306,   35.534685,       -2.27,
 139.450811,   35.534685,       -2.33,
 139.455315,   35.534685,       -2.39,
 139.459820,   35.534685,       -2.44,
 139.464324,   35.534685,       -2.49,
 139.468829,   35.534685,       -2.53,
 139.473333,   35.534685,       -2.57,
 139.477838,   35.534685,       -2.60,
 139.482342,   35.534685,       -2.63,
 139.486847,   35.534685,       -2.65,
 139.491351,   35.534685,       -2.67,
 139.495856,   35.534685,       -2.68,
 139.500360,   35.534685,       -2.68,
 139.504865,   35.534685,       -2.68,
 139.509369,   35.534685,       -2.68,
 139.513874,   35.534685,       -2.67,
 139.518378,   35.534685,       -2.65,
 139.522883,   35.534685,       -2.63,
 139.527387,   35.534685,       -2.61,
 139.531892,   35.534685,       -2.58,
 139.536396,   35.534685,       -2.54,
 139.540901,   35.534685,       -2.50,
 139.545405,   35.534685,       -2.45,
 139.549910,   35.534685,       -2.40,
 139.554414,   35.534685,       -2.34,
 139.558919,   35.534685,       -2.28,
 139.563423,   35.534685,       -2.22,
 139.567928,   35.534685,       -2.14,
 139.572432,   35.534685,       -2.06,
 139.576937,   35.534685,       -1.98,
 139.581441,   35.534685,       -1.89,
 139.585946,   35.534685,       -1.84,
 139.590450,   35.534685,       -2.33,
 139.594955,   35.534685,       -2.55,
 139.599459,   35.534685,       -2.43,
 139.603964,   35.534685,       -2.29,
 139.608468,   35.534685,       -2.14,
 139.612973,   35.534685,       -1.99,
 139.617477,   35.534685,       -1.84,
 139.621982,   35.534685,       -1.69,
 139.626486,   35.534685,       -1.53,
 139.630991,   35.534685,       -1.36,
 139.635495,   35.534685,       -1.19,
 139.640000,   35.534685,       -1.01,
 139.644505,   35.534685,       -0.83,
 139.649009,   35.534685,       -0.64,
 139.653514,   35.534685,       -0.45,
 139.658018,   35.534685,         NaN,
 139.662523,   35.534685,         NaN,
 139.667027,   35.534685,         NaN,
 139.671532,   35.534685,         NaN,
 139.676036,   35.534685,         NaN,
 139.680541,   35.534685,         NaN,
 139.685045,   35.534685,         NaN,
 139.689550,   35.534685,         NaN,
 139.694054,   35.534685,         NaN,
 139.698559,   35.534685,         NaN,
 139.703063,   35.534685,         NaN,
 139.707568,   35.534685,         NaN,
 139.712072,   35.534685,         NaN,
 139.716577,   35.534685,         NaN,
 139.721081,   35.534685,         NaN,
 139.725586,   35.534685,         NaN,
 139.730090,   35.534685,         NaN,
 139.734595,   35.534685,         NaN,
 139.739099,   35.534685,         NaN,
 139.743604,   35.534685,         NaN,
 139.748108,   35.534685,         NaN,
 139.752613,   35.534685,         NaN,
 139.757117,   35.534685,         NaN,
 139.761622,   35.534685,         NaN,
 139.766126,   35.534685,       18.24,
 139.770631,   35.534685,       37.28,
 139.775135,   35.534685,       21.33,
 139.779640,   35.534685,        3.74,
 139.784144,   35.534685,        2.06,
 139.788649,   35.534685,        0.77,
 139.793153,   35.534685,        0.21,
 139.797658,   35.534685,       -0.23,
 139.802162,   35.534685,         NaN,
 139.806667,   35.534685,         NaN,
 139.811171,   35.534685,         NaN,
 139.815676,   35.534685,         NaN,
 139.820180,   35.534685,         NaN,
 139.824685,   35.534685,         NaN,
 139.829189,   35.534685,         NaN,
 139.833694,   35.534685,         NaN,
 139.838198,   35.534685,         NaN,
 139.842703,   35.534685,       -1.59,
 139.847207,   35.534685,       -1.66,
 139.851712,   35.534685,       -1.74,
 139.856216,   35.534685,       -1.77,
 139.860721,   35.534685,       -1.75,
 139.865225,   35.534685,       -1.72,
 139.869730,   35.534685,       -1.69,
 139.874234,   35.534685,       -1.63,
 139.878739,   35.534685,       -1.57,
 139.883243,   35.534685,       -1.51,
 139.887748,   35.534685,       -1.45,
 139.892252,   35.534685,       -1.39,
 139.896757,   35.534685,       -1.35,
 139.901261,   35.534685,       -1.31,
 139.905766,   35.534685,       -1.28,
 139.910270,   35.534685,       -1.25,
 139.914775,   35.534685,       -1.22,
 139.919279,   35.534685,       -1.20,
 139.923784,   35.534685,       -1.17,
 139.928288,   35.534685,       -1.14,
 139.932793,   35.534685,       -1.09,
 139.937297,   35.534685,       -1.03,
 139.941802,   35.534685,       -0.98,
 139.946306,   35.534685,       -0.93,
 139.950811,   35.534685,       -0.88,
 139.955315,   35.534685,       -0.83,
 139.959820,   35.534685,       -0.78,
 139.964324,   35.534685,       -0.72,
 139.968829,   35.534685,       -0.66,
 139.973333,   35.534685,       -0.60,
 139.977838,   35.534685,       -0.54,
 139.982342,   35.534685,       -0.46,
 139.986847,   35.534685,       -0.37,
 139.991351,   35.534685,       -0.29,
 139.995856,   35.534685,       -0.18,
 140.000360,   35.534685,       -0.04,
 140.004865,   35.534685,        0.11,
 140.009369,   35.534685,        0.24,
 140.013874,   35.534685,        0.38,
 140.018378,   35.534685,        0.53,
 140.022883,   35.534685,        0.69,
 140.027387,   35.534685,        0.86,
 140.031892,   35.534685,        1.03,
 140.036396,   35.534685,        1.21,
 140.040901,   35.534685,        1.37,
 140.045405,   35.534685,        1.50,
 140.049910,   35.534685,        1.63,
 140.054414,   35.534685,        1.66,
 140.058919,   35.534685,        1.67,
 140.063423,   35.534685,        1.70,
 140.067928,   35.534685,        1.74,
 140.072432,   35.534685,        1.67,
 140.076937,   35.534685,        1.58,
 140.081441,   35.534685,        1.48,
 140.085946,   35.534685,        1.38,
 140.090450,   35.534685,        1.28,
 140.094955,   35.534685,        1.17,
 140.099459,   35.534685,        1.06,
 140.103964,   35.534685,        0.98,
 140.108468,   35.534685,        0.97,
 140.112973,   35.534685,        0.97,
 140.117477,   35.534685,        0.94,
 140.121982,   35.534685,        0.91,
 140.126486,   35.534685,        0.88,
 140.130991,   35.534685,        0.84,
 140.135495,   35.534685,        0.81,
 140.140000,   35.534685,        0.78,
 140.144505,   35.534685,        0.75,
 140.149009,   35.534685,        0.72,
 140.153514,   35.534685,        0.70,
 140.158018,   35.534685,        0.69,
 140.162523,   35.534685,        0.69,
 140.167027,   35.534685,        0.68,
 140.171532,   35.534685,        0.68,
 140.176036,   35.534685,        0.67,
 140.180541,   35.534685,        0.66,
 140.185045,   35.534685,        0.65,
 140.189550,   35.534685,        0.64,
 140.194054,   35.534685,        0.63,
 140.198559,   35.534685,        0.61,
 140.203063,   35.534685,        0.60,
 140.207568,   35.534685,        0.59,
 140.212072,   35.534685,        0.57,
 140.216577,   35.534685,        0.55,
 140.221081,   35.534685,        0.53,
 140.225586,   35.534685,        0.52,
 140.230090,   35.534685,        0.49,
 140.234595,   35.534685,        0.47,
 140.239099,   35.534685,        0.45,
 140.243604,   35.534685,        0.43,
 140.248108,   35.534685,        0.40,
 140.252613,   35.534685,        0.38,
 140.257117,   35.534685,        0.35,
 140.261622,   35.534685,        0.32,
 140.266126,   35.534685,        0.29,
 140.270631,   35.534685,        0.26,
 140.275135,   35.534685,        0.23,
 140.279640,   35.534685,        0.20,
 140.284144,   35.534685,        0.17,
 140.288649,   35.534685,        0.13,
 140.293153,   35.534685,        0.10,
 140.297658,   35.534685,        0.06,
 140.302162,   35.534685,        0.02,
 140.306667,   35.534685,       -0.01,
 140.311171,   35.534685,       -0.05,
 140.315676,   35.534685,       -0.09,
 140.320180,   35.534685,       -0.14,
 140.324685,   35.534685,       -0.18,
 140.329189,   35.534685,       -0.22,
 140.333694,   35.534685,       -0.27,
 140.338198,   35.534685,       -0.31,
 140.342703,   35.534685,       -0.36,
 140.347207,   35.534685,       -0.41,
 140.351712,   35.534685,       -0.46,
 140.356216,   35.534685,       -0.51,
 140.360721,   35.534685,       -0.56,
 140.365225,   35.534685,       -0.61,
 140.369730,   35.534685,       -0.67,
 140.374234,   35.534685,       -0.72,
 140.378739,   35.534685,       -0.78,
 140.383243,   35.534685,       -0.83,
 140.387748,   35.534685,       -0.89,
 139.140000,   35.539189,       14.48,
 139.144505,   35.539189,       14.06,
 139.149009,   35.539189,       13.64,
 139.153514,   35.539189,       13.23,
 139.158018,   35.539189,       12.82,
 139.162523,   35.539189,       12.42,
 139.167027,   35.539189,       12.03,
 139.171532,   35.539189,       11.64,
 139.176036,   35.539189,       11.25,
 139.180541,   35.539189,       10.87,
 139.185045,   35.539189,       10.50,
 139.189550,   35.539189,       10.13,
 139.194054,   35.539189,        9.76,
 139.198559,   35.539189,        9.40,
 139.203063,   35.539189,        9.05,
 139.207568,   35.539189,        8.70,
 139.212072,   35.539189,        8.36,
 139.216577,   35.539189,        8.02,
 139.221081,   35.539189,        7.69,
 139.225586,   35.539189,        7.36,
 139.230090,   35.539189,        7.04,
 139.234595,   35.539189,        6.72,
 139.239099,   35.539189,        6.41,
 139.243604,   35.539189,        6.10,
 139.248108,   35.539189,        5.80,
 139.252613,   35.539189,        5.50,
 139.257117,   35.539189,        5.21,
 139.261622,   35.539189,        4.93,
 139.266126,   35.539189,        4.65,
 139.270631,   35.539189,        4.37,
 139.275135,   35.539189,        4.10,
 139.279640,   35.539189,        3.84,
 139.284144,   35.539189,        3.58,
 139.288649,   35.539189,        3.32,
 139.293153,   35.539189,        3.07,
 139.297658,   35.539189,        2.83,
 139.302162,   35.539189,        2.59,
 139.306667,   35.539189,        2.36,
 139.311171,   35.539189,        2.13,
 139.315676,   35.539189,        1.91,
 139.320180,   35.539189,        1.69,
 139.324685,   35.539189,        1.48,
 139.329189,   35.539189,        1.27,
 139.333694,   35.539189,        1.07,
 139.338198,   35.539189,        0.87,
 139.342703,   35.539189,        0.68,
 139.347207,   35.539189,        0.50,
 139.351712,   35.539189,        0.31,
 139.356216,   35.539189,        0.14,
 139.360721,   35.539189,       -0.03,
 139.365225,   35.539189,       -0.20,
 139.369730,   35.539189,       -0.36,
 139.374234,   35.539189,       -0.51,
 139.378739,   35.539189,       -0.66,
 139.383243,   35.539189,       -0.81,
 139.387748,   35.539189,       -0.94,
 139.392252,   35.539189,       -1.08,
 139.396757,   35.539189,       -1.21,
 139.401261,   35.539189,       -1.33,
 139.405766,   35.539189,       -1.45,
 139.410270,   35.539189,       -1.56,
 139.414775,   35.539189,       -1.67,
 139.419279,   35.539189,       -1.77,
 139.423784,   35.539189,       -1.87,
 139.428288,   35.539189,       -1.96,
 139.432793,   35.539189,       -2.05,
 139.437297,   35.539189,       -2.13,
 139.441802,   35.539189,       -2.20,
 139.446306,   35.539189,       -2.27,
 139.450811,   35.539189,       -2.34,
 139.455315,   35.539189,       -2.40,
 139.459820,   35.539189,       -2.46,
 139.464324,   35.539189,       -2.51,
 139.468829,   35.539189,       -2.55,
 139.473333,   35.539189,       -2.59,
 139.477838,   35.539189,       -2.62,
 139.482342,   35.539189,       -2.65,
 139.486847,   35.539189,       -2.68,
 139.491351,   35.539189,       -2.70,
 139.495856,   35.539189,       -2.71,
 139.500360,   35.539189,       -2.72,
 139.504865,   35.539189,       -2.72,
 139.509369,   35.539189,       -2.72,
 139.513874,   35.539189,       -2.71,
 139.518378,   35.539189,       -2.70,
 139.522883,   35.539189,       -2.68,
 139.527387,   35.539189,       -2.66,
 139.531892,   35.539189,       -2.63,
 139.536396,   35.539189,       -2.59,
 139.540901,   35.539189,       -2.55,
 139.545405,   35.539189,       -2.51,
 139.549910,   35.539189,       -2.46,
 139.554414,   35.539189,       -2.41,
 139.558919,   35.539189,       -2.35,
 139.563423,   35.539189,       -2.28,
 139.567928,   35.539189,       -2.21,
 139.572432,   35.539189,       -2.13,
 139.576937,   35.539189,       -2.05,
 139.581441,   35.539189,       -1.97,
 139.585946,   35.539189,       -1.88,
 139.590450,   35.539189,       -1.78,
 139.594955,   35.539189,       -2.03,
 139.599459,   35.539189,       -2.39,
 139.603964,   35.539189,       -2.39,
 139.608468,   35.539189,       -2.25,
 139.612973,   35.539189,       -2.10,
 139.617477,   35.539189,       -1.96,
 139.621982,   35.539189,       -1.81,
 139.626486,   35.539189,       -1.65,
 139.630991,   35.539189,       -1.49,
 139.635495,   35.539189,       -1.33,
 139.640000,   35.539189,       -1.16,
 139.644505,   35.539189,       -0.99,
 139.649009,   35.539189,       -0.80,
 139.653514,   35.539189,       -0.62,
 139.658018,   35.539189,       -0.43,
 139.662523,   35.539189,         NaN,
 139.667027,   35.539189,         NaN,
 139.671532,   35.539189,         NaN,
 139.676036,   35.539189,         NaN,
 139.680541,   35.539189,         NaN,
 139.685045,   35.539189,         NaN,
 139.689550,   35.539189,         NaN,
 139.694054,   35.539189,         NaN,
 139.698559,   35.539189,         NaN,
 139.703063,   35.539189,         NaN,
 139.707568,   35.539189,         NaN,
 139.712072,   35.539189,         NaN,
 139.716577,   35.539189,         NaN,
 139.721081,   35.539189,         NaN,
 139.725586,   35.539189,         NaN,
 139.730090,   35.539189,         NaN,
 139.734595,   35.539189,         NaN,
 139.739099,   35.539189,         NaN,
 139.743604,   35.539189,         NaN,
 139.748108,   35.539189,         NaN,
 139.752613,   35.539189,         NaN,
 139.757117,   35.539189,         NaN,
 139.761622,   35.539189,         NaN,
 139.766126,   35.539189,       25.39,
 139.770631,   35.539189,       46.11,
 139.775135,   35.539189,       23.35,
 139.779640,   35.539189,        3.11,
 139.784144,   35.539189,        1.80,
 139.788649,   35.539189,        0.91,
 139.793153,   35.539189,        0.37,
 139.797658,   35.539189,       -0.06,
 139.802162,   35.539189,         NaN,
 139.806667,   35.539189,         NaN,
 139.811171,   35.539189,         NaN,
 139.815676,   35.539189,         NaN,
 139.820180,   35.539189,         NaN,
 139.824685,   35.539189,         NaN,
 139.829189,   35.539189,         NaN,
 139.833694,   35.539189,         NaN,
 139.838198,   35.539189,         NaN,
 139.842703,   35.539189,       -1.48,
 139.847207,   35.539189,       -1.57,
 139.851712,   35.539189,       -1.67,
 139.856216,   35.539189,       -1.74,
 139.860721,   35.539189,       -1.73,
 139.865225,   35.539189,       -1.71,
 139.869730,   35.539189,       -1.68,
 139.874234,   35.539189,       -1.62,
 139.878739,   35.539189,       -1.56,
 139.883243,   35.539189,       -1.50,
 139.887748,   35.539189,       -1.44,
 139.892252,   35.539189,       -1.39,
 139.896757,   35.539189,       -1.34,
 139.901261,   35.539189,       -1.30,
 139.905766,   35.539189,       -1.26,
 139.910270,   35.539189,       -1.23,
 139.914775,   35.539189,       -1.21,
 139.919279,   35.539189,       -1.19,
 139.923784,   35.539189,       -1.16,
 139.928288,   35.539189,       -1.12,
 139.932793,   35.539189,       -1.05,
 139.937297,   35.539189,       -0.99,
 139.941802,   35.539189,       -0.92,
 139.946306,   35.539189,       -0.87,
 139.950811,   35.539189,       -0.83,
 139.955315,   35.539189,       -0.78,
 139.959820,   35.539189,       -0.74,
 139.964324,   35.539189,       -0.68,
 139.968829,   35.539189,       -0.63,
 139.973333,   35.539189,       -0.58,
 139.977838,   35.539189,       -0.53,
 139.982342,   35.539189,       -0.46,
 139.986847,   35.539189,       -0.37,
 139.991351,   35.539189,       -0.28,
 139.995856,   35.539189,       -0.18,
 140.000360,   35.539189,       -0.07,
 140.004865,   35.539189,        0.07,
 140.009369,   35.539189,        0.20,
 140.013874,   35.539189,        0.32,
 140.018378,   35.539189,        0.46,
 140.022883,   35.539189,        0.65,
 140.027387,   35.539189,        0.83,
 140.031892,   35.539189,        1.01,
 140.036396,   35.539189,        1.20,
 140.040901,   35.539189,        1.37,
 140.045405,   35.539189,        1.51,
 140.049910,   35.539189,        1.64,
 140.054414,   35.539189,        1.76,
 140.058919,   35.539189,        1.70,
 140.063423,   35.539189,        1.69,
 140.067928,   35.539189,        1.72,
 140.072432,   35.539189,        1.76,
 140.076937,   35.539189,        1.73,
 140.081441,   35.539189,        1.65,
 140.085946,   35.539189,        1.55,
 140.090450,   35.539189,        1.45,
 140.094955,   35.539189,        1.35,
 140.099459,   35.539189,        1.24,
 140.103964,   35.539189,        1.16,
 140.108468,   35.539189,        1.15,
 140.112973,   35.539189,        1.16,
 140.117477,   35.539189,        1.14,
 140.121982,   35.539189,        1.11,
 140.126486,   35.539189,        1.08,
 140.130991,   35.539189,        1.06,
 140.135495,   35.539189,        1.03,
 140.140000,   35.539189,        1.00,
 140.144505,   35.539189,        0.97,
 140.149009,   35.539189,        0.95,
 140.153514,   35.539189,        0.94,
 140.158018,   35.539189,        0.93,
 140.162523,   35.539189,        0.93,
 140.167027,   35.539189,        0.93,
 140.171532,   35.539189,        0.92,
 140.176036,   35.539189,        0.91,
 140.180541,   35.539189,        0.90,
 140.185045,   35.539189,        0.90,
 140.189550,   35.539189,        0.89,
 140.194054,   35.539189,        0.87,
 140.198559,   35.539189,        0.86,
 140.203063,   35.539189,        0.85,
 140.207568,   35.539189,        0.83,
 140.212072,   35.539189,        0.82,
 140.216577,   35.539189,        0.80,
 140.221081,   35.539189,        0.78,
 140.225586,   35.539189,        0.76,
 140.230090,   35.539189,        0.74,
 140.234595,   35.539189,        0.72,
 140.239099,   35.539189,        0.70,
 140.243604,   35.539189,        0.68,
 140.248108,   35.539189,        0.65,
 140.252613,   35.539189,        0.63,
 140.257117,   35.539189,        0.60,
 140.261622,   35.539189,        0.58,
 140.266126,   35.539189,        0.55,
 140.270631,   35.539189,        0.52,
 140.275135,   35.539189,        0.49,
 140.279640,   35.539189,        0.46,
 140.284144,   35.539189,        0.42,
 140.288649,   35.539189,        0.39,
 140.293153,   35.539189,        0.35,
 140.297658,   35.539189,        0.32,
 140.302162,   35.539189,        0.28,
 140.306667,   35.539189,        0.24,
 140.311171,   35.539189,        0.20,
 140.315676,   35.539189,        0.16,
 140.320180,   35.539189,        0.12,
 140.324685,   35.539189,        0.08,
 140.329189,   35.539189,        0.04,
 140.333694,   35.539189,       -0.01,
 140.338198,   35.539189,       -0.05,
 140.342703,   35.539189,       -0.10,
 140.347207,   35.539189,       -0.15,
 140.351712,   35.539189,       -0.20,
 140.356216,   35.539189,       -0.25,
 140.360721,   35.539189,       -0.30,
 140.365225,   35.539189,       -0.35,
 140.369730,   35.539189,       -0.40,
 140.374234,   35.539189,       -0.46,
 140.378739,   35.539189,       -0.51,
 140.383243,   35.539189,       -0.57,
 140.387748,   35.539189,       -0.63,
 139.140000,   35.543694,       14.62,
 139.144505,   35.543694,       14.19,
 139.149009,   35.543694,       13.77,
 139.153514,   35.543694,       13.36,
 139.158018,   35.543694,       12.95,
 139.162523,   35.543694,       12.55,
 139.167027,   35.543694,       12.15,
 139.171532,   35.543694,       11.76,
 139.176036,   35.543694,       11.37,
 139.180541,   35.543694,       10.99,
 139.185045,   35.543694,       10.61,
 139.189550,   35.543694,       10.24,
 139.194054,   35.543694,        9.87,
 139.198559,   35.543694,        9.51,
 139.203063,   35.543694,        9.16,
 139.207568,   35.543694,        8.81,
 139.212072,   35.543694,        8.46,
 139.216577,   35.543694,        8.12,
 139.221081,   35.543694,        7.78,
 139.225586,   35.543694,        7.45,
 139.230090,   35.543694,        7.13,
 139.234595,   35.543694,        6.81,
 139.239099,   35.543694,        6.50,
 139.243604,   35.543694,        6.19,
 139.248108,   35.543694,        5.88,
 139.252613,   35.543694,        5.59,
 139.257117,   35.543694,        5.29,
 139.261622,   35.543694,        5.00,
 139.266126,   35.543694,        4.72,
 139.270631,   35.543694,        4.44,
 139.275135,   35.543694,        4.17,
 139.279640,   35.543694,        3.91,
 139.284144,   35.543694,        3.64,
 139.288649,   35.543694,        3.39,
 139.293153,   35.543694,        3.14,
 139.297658,   35.543694,        2.89,
 139.302162,   35.543694,        2.65,
 139.306667,   35.543694,        2.41,
 139.311171,   35.543694,        2.18,
 139.315676,   35.543694,        1.96,
 139.320180,   35.543694,        1.74,
 139.324685,   35.543694,        1.52,
 139.329189,   35.543694,        1.32,
 139.333694,   35.543694,        1.11,
 139.338198,   35.543694,        0.91,
 139.342703,   35.543694,        0.72,
 139.347207,   35.543694,        0.53,
 139.351712,   35.543694,        0.35,
 139.356216,   35.543694,        0.17,
 139.360721,   35.543694,       -0.00,
 139.365225,   35.543694,       -0.17,
 139.369730,   35.543694,       -0.33,
 139.374234,   35.543694,       -0.49,
 139.378739,   35.543694,       -0.64,
 139.383243,   35.543694,       -0.79,
 139.387748,   35.543694,       -0.93,
 139.392252,   35.543694,       -1.07,
 139.396757,   35.543694,       -1.20,
 139.401261,   35.543694,       -1.32,
 139.405766,   35.543694,       -1.44,
 139.410270,   35.543694,       -1.56,
 139.414775,   35.543694,       -1.67,
 139.419279,   35.543694,       -1.77,
 139.423784,   35.543694,       -1.87,
 139.428288,   35.543694,       -1.96,
 139.432793,   35.543694,       -2.05,
 139.437297,   35.543694,       -2.14,
 139.441802,   35.543694,       -2.22,
 139.446306,   35.543694,       -2.29,
 139.450811,   35.543694,       -2.36,
 139.455315,   35.543694,       -2.42,
 139.459820,   35.543694,       -2.48,
 139.464324,   35.543694,       -2.53,
 139.468829,   35.543694,       -2.58,
 139.473333,   35.543694,       -2.62,
 139.477838,   35.543694,       -2.65,
 139.482342,   35.543694,       -2.69,
 139.486847,   35.543694,       -2.71,
 139.491351,   35.543694,       -2.73,
 139.495856,   35.543694,       -2.75,
 139.500360,   35.543694,       -2.76,
 139.504865,   35.543694,       -2.76,
 139.509369,   35.543694,       -2.76,
 139.513874,   35.543694,       -2.76,
 139.518378,   35.543694,       -2.75,
 139.522883,   35.543694,       -2.73,
 139.527387,   35.543694,       -2.71,
 139.531892,   35.543694,       -2.68,
 139.536396,   35.543694,       -2.65,
 139.540901,   35.543694,       -2.61,
 139.545405,   35.543694,       -2.57,
 139.549910,   35.543694,       -2.53,
 139.554414,   35.543694,       -2.47,
 139.558919,   35.543694,       -2.41,
 139.563423,   35.543694,       -2.35,
 139.567928,   35.543694,       -2.28,
 139.572432,   35.543694,       -2.21,
 139.576937,   35.543694,       -2.13,
 139.581441,   35.543694,       -2.05,
 139.585946,   35.543694,       -1.96,
 139.590450,   35.543694,       -1.86,
 139.594955,   35.543694,       -1.76,
 139.599459,   35.543694,       -1.69,
 139.603964,   35.543694,       -2.16,
 139.608468,   35.543694,       -2.34,
 139.612973,   35.543694,       -2.21,
 139.617477,   35.543694,       -2.06,
 139.621982,   35.543694,       -1.92,
 139.626486,   35.543694,       -1.77,
 139.630991,   35.543694,       -1.62,
 139.635495,   35.543694,       -1.46,
 139.640000,   35.543694,       -1.30,
 139.644505,   35.543694,       -1.13,
 139.649009,   35.543694,       -0.96,
 139.653514,   35.543694,       -0.78,
 139.658018,   35.543694,       -0.59,
 139.662523,   35.543694,         NaN,
 139.667027,   35.543694,         NaN,
 139.671532,   35.543694,         NaN,
 139.676036,   35.543694,         NaN,
 139.680541,   35.543694,         NaN,
 139.685045,   35.543694,         NaN,
 139.689550,   35.543694,         NaN,
 139.694054,   35.543694,         NaN,
 139.698559,   35.543694,         NaN,
 139.703063,   35.543694,         NaN,
 139.707568,   35.543694,         NaN,
 139.712072,   35.543694,         NaN,
 139.716577,   35.543694,         NaN,
 139.721081,   35.543694,         NaN,
 139.725586,   35.543694,         NaN,
 139.730090,   35.543694,         NaN,
 139.734595,   35.543694,         NaN,
 139.739099,   35.543694,         NaN,
 139.743604,   35.543694,         NaN,
 139.748108,   35.543694,         NaN,
 139.752613,   35.543694,         NaN,
 139.757117,   35.543694,         NaN,
 139.761622,   35.543694,        1.01,
 139.766126,   35.543694,       11.61,
 139.770631,   35.543694,       10.55,
 139.775135,   35.543694,        5.30,
 139.779640,   35.543694,        2.71,
 139.784144,   35.543694,        1.77,
 139.788649,   35.543694,        0.99,
 139.793153,   35.543694,        0.34,
 139.797658,   35.543694,       -0.14,
 139.802162,   35.543694,       -0.48,
 139.806667,   35.543694,         NaN,
 139.811171,   35.543694,         NaN,
 139.815676,   35.543694,         NaN,
 139.820180,   35.543694,         NaN,
 139.824685,   35.543694,         NaN,
 139.829189,   35.543694,         NaN,
 139.833694,   35.543694,         NaN,
 139.838198,   35.543694,       -1.37,
 139.842703,   35.543694,       -1.36,
 139.847207,   35.543694,       -1.48,
 139.851712,   35.543694,       -1.60,
 139.856216,   35.543694,       -1.69,
 139.860721,   35.543694,       -1.70,
 139.865225,   35.543694,       -1.68,
 139.869730,   35.543694,       -1.64,
 139.874234,   35.543694,       -1.58,
 139.878739,   35.543694,       -1.52,
 139.883243,   35.543694,       -1.46,
 139.887748,   35.543694,       -1.41,
 139.892252,   35.543694,       -1.36,
 139.896757,   35.543694,       -1.31,
 139.901261,   35.543694,       -1.27,
 139.905766,   35.543694,       -1.24,
 139.910270,   35.543694,       -1.21,
 139.914775,   35.543694,       -1.19,
 139.919279,   35.543694,       -1.15,
 139.923784,   35.543694,       -1.10,
 139.928288,   35.543694,       -1.04,
 139.932793,   35.543694,       -0.98,
 139.937297,   35.543694,       -0.92,
 139.941802,   35.543694,       -0.86,
 139.946306,   35.543694,       -0.81,
 139.950811,   35.543694,       -0.75,
 139.955315,   35.543694,       -0.69,
 139.959820,   35.543694,       -0.64,
 139.964324,   35.543694,       -0.60,
 139.968829,   35.543694,       -0.56,
 139.973333,   35.543694,       -0.53,
 139.977838,   35.543694,       -0.51,
 139.982342,   35.543694,       -0.46,
 139.986847,   35.543694,       -0.36,
 139.991351,   35.543694,       -0.26,
 139.995856,   35.543694,       -0.17,
 140.000360,   35.543694,       -0.08,
 140.004865,   35.543694,        0.05,
 140.009369,   35.543694,        0.19,
 140.013874,   35.543694,        0.32,
 140.018378,   35.543694,        0.48,
 140.022883,   35.543694,        0.66,
 140.027387,   35.543694,        0.84,
 140.031892,   35.543694,        1.03,
 140.036396,   35.543694,        1.22,
 140.040901,   35.543694,        1.39,
 140.045405,   35.543694,        1.54,
 140.049910,   35.543694,        1.69,
 140.054414,   35.543694,        1.80,
 140.058919,   35.543694,        1.76,
 140.063423,   35.543694,        1.68,
 140.067928,   35.543694,        1.67,
 140.072432,   35.543694,        1.72,
 140.076937,   35.543694,        1.77,
 140.081441,   35.543694,        1.80,
 140.085946,   35.543694,        1.72,
 140.090450,   35.543694,        1.62,
 140.094955,   35.543694,        1.53,
 140.099459,   35.543694,        1.42,
 140.103964,   35.543694,        1.32,
 140.108468,   35.543694,        1.34,
 140.112973,   35.543694,        1.35,
 140.117477,   35.543694,        1.34,
 140.121982,   35.543694,        1.32,
 140.126486,   35.543694,        1.29,
 140.130991,   35.543694,        1.27,
 140.135495,   35.543694,        1.24,
 140.140000,   35.543694,        1.22,
 140.144505,   35.543694,        1.20,
 140.149009,   35.543694,        1.18,
 140.153514,   35.543694,        1.18,
 140.158018,   35.543694,        1.18,
 140.162523,   35.543694,        1.18,
 140.167027,   35.543694,        1.17,
 140.171532,   35.543694,        1.17,
 140.176036,   35.543694,        1.16,
 140.180541,   35.543694,        1.15,
 140.185045,   35.543694,        1.14,
 140.189550,   35.543694,        1.13,
 140.194054,   35.543694,        1.12,
 140.198559,   35.543694,        1.11,
 140.203063,   35.543694,        1.10,
 140.207568,   35.543694,        1.08,
 140.212072,   35.543694,        1.07,
 140.216577,   35.543694,        1.05,
 140.221081,   35.543694,        1.03,
 140.225586,   35.543694,        1.01,
 140.230090,   35.543694,        1.00,
 140.234595,   35.543694,        0.97,
 140.239099,   35.543694,        0.95,
 140.243604,   35.543694,        0.93,
 140.248108,   35.543694,        0.91,
 140.252613,   35.543694,        0.88,
 140.257117,   35.543694,        0.86,
 140.261622,   35.543694,        0.83,
 140.266126,   35.543694,        0.80,
 140.270631,   35.543694,        0.77,
 140.275135,   35.543694,        0.74,
 140.279640,   35.543694,        0.71,
 140.284144,   35.543694,        0.68,
 140.288649,   35.543694,        0.64,
 140.293153,   35.543694,        0.61,
 140.297658,   35.543694,        0.57,
 140.302162,   35.543694,        0.54,
 140.306667,   35.543694,        0.50,
 140.311171,   35.543694,        0.46,
 140.315676,   35.543694,        0.42,
 140.320180,   35.543694,        0.38,
 140.324685,   35.543694,        0.34,
 140.329189,   35.543694,        0.30,
 140.333694,   35.543694,        0.25,
 140.338198,   35.543694,        0.21,
 140.342703,   35.543694,        0.16,
 140.347207,   35.543694,        0.11,
 140.351712,   35.543694,        0.06,
 140.356216,   35.543694,        0.02,
 140.360721,   35.543694,       -0.03,
 140.365225,   35.543694,       -0.09,
 140.369730,   35.543694,       -0.14,
 140.374234,   35.543694,       -0.19,
 140.378739,   35.543694,       -0.25,
 140.383243,   35.543694,       -0.30,
 140.387748,   35.543694,       -0.36,
 139.140000,   35.548198,       14.75,
 139.144505,   35.548198,       14.32,
 139.149009,   35.548198,       13.90,
 139.153514,   35.548198,       13.48,
 139.158018,   35.548198,       13.07,
 139.162523,   35.548198,       12.67,
 139.167027,   35.548198,       12.27,
 139.171532,   35.548198,       11.87,
 139.176036,   35.548198,       11.48,
 139.180541,   35.548198,       11.10,
 139.185045,   35.548198,       10.72,
 139.189550,   35.548198,       10.35,
 139.194054,   35.548198,        9.98,
 139.198559,   35.548198,        9.61,
 139.203063,   35.548198,        9.26,
 139.207568,   35.548198,        8.90,
 139.212072,   35.548198,        8.56,
 139.216577,   35.548198,        8.21,
 139.221081,   35.548198,        7.88,
 139.225586,   35.548198,        7.54,
 139.230090,   35.548198,        7.22,
 139.234595,   35.548198,        6.90,
 139.239099,   35.548198,        6.58,
 139.243604,   35.548198,        6.27,
 139.248108,   35.548198,        5.96,
 139.252613,   35.548198,        5.66,
 139.257117,   35.548198,        5.37,
 139.261622,   35.548198,        5.08,
 139.266126,   35.548198,        4.79,
 139.270631,   35.548198,        4.51,
 139.275135,   35.548198,        4.24,
 139.279640,   35.548198,        3.97,
 139.284144,   35.548198,        3.70,
 139.288649,   35.548198,        3.45,
 139.293153,   35.548198,        3.19,
 139.297658,   35.548198,        2.94,
 139.302162,   35.548198,        2.70,
 139.306667,   35.548198,        2.46,
 139.311171,   35.548198,        2.23,
 139.315676,   35.548198,        2.00,
 139.320180,   35.548198,        1.78,
 139.324685,   35.548198,        1.57,
 139.329189,   35.548198,        1.35,
 139.333694,   35.548198,        1.15,
 139.338198,   35.548198,        0.95,
 139.342703,   35.548198,        0.75,
 139.347207,   35.548198,        0.56,
 139.351712,   35.548198,        0.37,
 139.356216,   35.548198,        0.19,
 139.360721,   35.548198,        0.02,
 139.365225,   35.548198,       -0.15,
 139.369730,   35.548198,       -0.31,
 139.374234,   35.548198,       -0.47,
 139.378739,   35.548198,       -0.63,
 139.383243,   35.548198,       -0.78,
 139.387748,   35.548198,       -0.92,
 139.392252,   35.548198,       -1.06,
 139.396757,   35.548198,       -1.19,
 139.401261,   35.548198,       -1.32,
 139.405766,   35.548198,       -1.44,
 139.410270,   35.548198,       -1.56,
 139.414775,   35.548198,       -1.67,
 139.419279,   35.548198,       -1.78,
 139.423784,   35.548198,       -1.88,
 139.428288,   35.548198,       -1.97,
 139.432793,   35.548198,       -2.07,
 139.437297,   35.548198,       -2.15,
 139.441802,   35.548198,       -2.23,
 139.446306,   35.548198,       -2.31,
 139.450811,   35.548198,       -2.38,
 139.455315,   35.548198,       -2.44,
 139.459820,   35.548198,       -2.50,
 139.464324,   35.548198,       -2.56,
 139.468829,   35.548198,       -2.61,
 139.473333,   35.548198,       -2.65,
 139.477838,   35.548198,       -2.69,
 139.482342,   35.548198,       -2.72,
 139.486847,   35.548198,       -2.75,
 139.491351,   35.548198,       -2.77,
 139.495856,   35.548198,       -2.79,
 139.500360,   35.548198,       -2.80,
 139.504865,   35.548198,       -2.81,
 139.509369,   35.548198,       -2.81,
 139.513874,   35.548198,       -2.81,
 139.518378,   35.548198,       -2.80,
 139.522883,   35.548198,       -2.79,
 139.527387,   35.548198,       -2.77,
 139.531892,   35.548198,       -2.74,
 139.536396,   35.548198,       -2.71,
 139.540901,   35.548198,       -2.68,
 139.545405,   35.548198,       -2.64,
 139.549910,   35.548198,       -2.59,
 139.554414,   35.548198,       -2.54,
 139.558919,   35.548198,       -2.49,
 139.563423,   35.548198,       -2.43,
 139.567928,   35.548198,       -2.36,
 139.572432,   35.548198,       -2.29,
 139.576937,   35.548198,       -2.21,
 139.581441,   35.548198,       -2.13,
 139.585946,   35.548198,       -2.05,
 139.590450,   35.548198,       -1.95,
 139.594955,   35.548198,       -1.86,
 139.599459,   35.548198,       -1.75,
 139.603964,   35.548198,       -1.65,
 139.608468,   35.548198,       -1.87,
 139.612973,   35.548198,       -2.21,
 139.617477,   35.548198,       -2.16,
 139.621982,   35.548198,       -2.02,
 139.626486,   35.548198,       -1.88,
 139.630991,   35.548198,       -1.73,
 139.635495,   35.548198,       -1.58,
 139.640000,   35.548198,       -1.43,
 139.644505,   35.548198,       -1.27,
 139.649009,   35.548198,       -1.10,
 139.653514,   35.548198,       -0.93,
 139.658018,   35.548198,       -0.75,
 139.662523,   35.548198,         NaN,
 139.667027,   35.548198,         NaN,
 139.671532,   35.548198,         NaN,
 139.676036,   35.548198,         NaN,
 139.680541,   35.548198,         NaN,
 139.685045,   35.548198,         NaN,
 139.689550,   35.548198,         NaN,
 139.694054,   35.548198,         NaN,
 139.698559,   35.548198,         NaN,
 139.703063,   35.548198,         NaN,
 139.707568,   35.548198,         NaN,
 139.712072,   35.548198,         NaN,
 139.716577,   35.548198,         NaN,
 139.721081,   35.548198,         NaN,
 139.725586,   35.548198,         NaN,
 139.730090,   35.548198,         NaN,
 139.734595,   35.548198,         NaN,
 139.739099,   35.548198,         NaN,
 139.743604,   35.548198,         NaN,
 139.748108,   35.548198,         NaN,
 139.752613,   35.548198,         NaN,
 139.757117,   35.548198,         NaN,
 139.761622,   35.548198,        1.87,
 139.766126,   35.548198,        4.20,
 139.770631,   35.548198,        4.32,
 139.775135,   35.548198,        3.55,
 139.779640,   35.548198,        2.58,
 139.784144,   35.548198,        1.69,
 139.788649,   35.548198,        0.92,
 139.793153,   35.548198,        0.26,
 139.797658,   35.548198,       -0.28,
 139.802162,   35.548198,       -0.62,
 139.806667,   35.548198,       -0.76,
 139.811171,   35.548198,       -0.82,
 139.815676,   35.548198,       -0.87,
 139.820180,   35.548198,         NaN,
 139.824685,   35.548198,         NaN,
 139.829189,   35.548198,       -1.29,
 139.833694,   35.548198,       -1.32,
 139.838198,   35.548198,       -1.33,
 139.842703,   35.548198,       -1.37,
 139.847207,   35.548198,       -1.46,
 139.851712,   35.548198,       -1.56,
 139.856216,   35.548198,       -1.66,
 139.860721,   35.548198,       -1.66,
 139.865225,   35.548198,       -1.62,
 139.869730,   35.548198,       -1.58,
 139.874234,   35.548198,       -1.53,
 139.878739,   35.548198,       -1.47,
 139.883243,   35.548198,       -1.40,
 139.887748,   35.548198,       -1.35,
 139.892252,   35.548198,       -1.30,
 139.896757,   35.548198,       -1.27,
 139.901261,   35.548198,       -1.22,
 139.905766,   35.548198,       -1.19,
 139.910270,   35.548198,       -1.17,
 139.914775,   35.548198,       -1.13,
 139.919279,   35.548198,       -1.07,
 139.923784,   35.548198,       -1.01,
 139.928288,   35.548198,       -0.95,
 139.932793,   35.548198,       -0.89,
 139.937297,   35.548198,       -0.82,
 139.941802,   35.548198,       -0.76,
 139.946306,   35.548198,       -0.70,
 139.950811,   35.548198,       -0.64,
 139.955315,   35.548198,       -0.59,
 139.959820,   35.548198,       -0.53,
 139.964324,   35.548198,       -0.50,
 139.968829,   35.548198,       -0.48,
 139.973333,   35.548198,       -0.45,
 139.977838,   35.548198,       -0.43,
 139.982342,   35.548198,       -0.39,
 139.986847,   35.548198,       -0.31,
 139.991351,   35.548198,       -0.23,
 139.995856,   35.548198,       -0.14,
 140.000360,   35.548198,       -0.03,
 140.004865,   35.548198,        0.09,
 140.009369,   35.548198,        0.22,
 140.013874,   35.548198,        0.36,
 140.018378,   35.548198,        0.52,
 140.022883,   35.548198,        0.69,
 140.027387,   35.548198,        0.87,
 140.031892,   35.548198,        1.05,
 140.036396,   35.548198,        1.23,
 140.040901,   35.548198,        1.41,
 140.045405,   35.548198,        1.57,
 140.049910,   35.548198,        1.70,
 140.054414,   35.548198,        1.79,
 140.058919,   35.548198,        1.80,
 140.063423,   35.548198,        1.74,
 140.067928,   35.548198,        1.66,
 140.072432,   35.548198,        1.70,
 140.076937,   35.548198,        1.75,
 140.081441,   35.548198,        1.81,
 140.085946,   35.548198,        1.91,
 140.090450,   35.548198,        1.79,
 140.094955,   35.548198,        1.70,
 140.099459,   35.548198,        1.59,
 140.103964,   35.548198,        1.48,
 140.108468,   35.548198,        1.51,
 140.112973,   35.548198,        1.55,
 140.117477,   35.548198,        1.54,
 140.121982,   35.548198,        1.52,
 140.126486,   35.548198,        1.50,
 140.130991,   35.548198,        1.48,
 140.135495,   35.548198,        1.46,
 140.140000,   35.548198,        1.44,
 140.144505,   35.548198,        1.43,
 140.149009,   35.548198,        1.43,
 140.153514,   35.548198,        1.43,
 140.158018,   35.548198,        1.42,
 140.162523,   35.548198,        1.42,
 140.167027,   35.548198,        1.42,
 140.171532,   35.548198,        1.41,
 140.176036,   35.548198,        1.41,
 140.180541,   35.548198,        1.40,
 140.185045,   35.548198,        1.39,
 140.189550,   35.548198,        1.38,
 140.194054,   35.548198,        1.37,
 140.198559,   35.548198,        1.36,
 140.203063,   35.548198,        1.35,
 140.207568,   35.548198,        1.33,
 140.212072,   35.548198,        1.32,
 140.216577,   35.548198,        1.30,
 140.221081,   35.548198,        1.28,
 140.225586,   35.548198,        1.27,
 140.230090,   35.548198,        1.25,
 140.234595,   35.548198,        1.23,
 140.239099,   35.548198,        1.21,
 140.243604,   35.548198,        1.18,
 140.248108,   35.548198,        1.16,
 140.252613,   35.548198,        1.14,
 140.257117,   35.548198,        1.11,
 140.261622,   35.548198,        1.08,
 140.266126,   35.548198,        1.06,
 140.270631,   35.548198,        1.03,
 140.275135,   35.548198,        1.00,
 140.279640,   35.548198,        0.97,
 140.284144,   35.548198,        0.93,
 140.288649,   35.548198,        0.90,
 140.293153,   35.548198,        0.87,
 140.297658,   35.548198,        0.83,
 140.302162,   35.548198,        0.80,
 140.306667,   35.548198,        0.76,
 140.311171,   35.548198,        0.72,
 140.315676,   35.548198,        0.68,
 140.320180,   35.548198,        0.64,
 140.324685,   35.548198,        0.60,
 140.329189,   35.548198,        0.56,
 140.333694,   35.548198,        0.51,
 140.338198,   35.548198,        0.47,
 140.342703,   35.548198,        0.42,
 140.347207,   35.548198,        0.38,
 140.351712,   35.548198,        0.33,
 140.356216,   35.548198,        0.28,
 140.360721,   35.548198,        0.23,
 140.365225,   35.548198,        0.18,
 140.369730,   35.548198,        0.13,
 140.374234,   35.548198,        0.07,
 140.378739,   35.548198,        0.02,
 140.383243,   35.548198,       -0.04,
 140.387748,   35.548198,       -0.09,
 139.140000,   35.552703,       14.87,
 139.144505,   35.552703,       14.45,
 139.149009,   35.552703,       14.02,
 139.153514,   35.552703,       13.60,
 139.158018,   35.552703,       13.19,
 139.162523,   35.552703,       12.78,
 139.167027,   35.552703,       12.38,
 139.171532,   35.552703,       11.98,
 139.176036,   35.552703,       11.59,
 139.180541,   35.552703,       11.21,
 139.185045,   35.552703,       10.82,
 139.189550,   35.552703,       10.45,
 139.194054,   35.552703,       10.08,
 139.198559,   35.552703,        9.71,
 139.203063,   35.552703,        9.35,
 139.207568,   35.552703,        9.00,
 139.212072,   35.552703,        8.65,
 139.216577,   35.552703,        8.30,
 139.221081,   35.552703,        7.96,
 139.225586,   35.552703,        7.63,
 139.230090,   35.552703,        7.30,
 139.234595,   35.552703,        6.98,
 139.239099,   35.552703,        6.66,
 139.243604,   35.552703,        6.34,
 139.248108,   35.552703,        6.04,
 139.252613,   35.552703,        5.73,
 139.257117,   35.552703,        5.44,
 139.261622,   35.552703,        5.14,
 139.266126,   35.552703,        4.86,
 139.270631,   35.552703,        4.57,
 139.275135,   35.552703,        4.30,
 139.279640,   35.552703,        4.03,
 139.284144,   35.552703,        3.76,
 139.288649,   35.552703,        3.50,
 139.293153,   35.552703,        3.24,
 139.297658,   35.552703,        2.99,
 139.302162,   35.552703,        2.75,
 139.306667,   35.552703,        2.51,
 139.311171,   35.552703,        2.27,
 139.315676,   35.552703,        2.04,
 139.320180,   35.552703,        1.82,
 139.324685,   35.552703,        1.60,
 139.329189,   35.552703,        1.39,
 139.333694,   35.552703,        1.18,
 139.338198,   35.552703,        0.98,
 139.342703,   35.552703,        0.78,
 139.347207,   35.552703,        0.58,
 139.351712,   35.552703,        0.40,
 139.356216,   35.552703,        0.21,
 139.360721,   35.552703,        0.04,
 139.365225,   35.552703,       -0.13,
 139.369730,   35.552703,       -0.30,
 139.374234,   35.552703,       -0.46,
 139.378739,   35.552703,       -0.62,
 139.383243,   35.552703,       -0.77,
 139.387748,   35.552703,       -0.91,
 139.392252,   35.552703,       -1.05,
 139.396757,   35.552703,       -1.19,
 139.401261,   35.552703,       -1.32,
 139.405766,   35.552703,       -1.44,
 139.410270,   35.552703,       -1.56,
 139.414775,   35.552703,       -1.68,
 139.419279,   35.552703,       -1.79,
 139.423784,   35.552703,       -1.89,
 139.428288,   35.552703,       -1.99,
 139.432793,   35.552703,       -2.08,
 139.437297,   35.552703,       -2.17,
 139.441802,   35.552703,       -2.25,
 139.446306,   35.552703,       -2.33,
 139.450811,   35.552703,       -2.40,
 139.455315,   35.552703,       -2.47,
 139.459820,   35.552703,       -2.53,
 139.464324,   35.552703,       -2.59,
 139.468829,   35.552703,       -2.64,
 139.473333,   35.552703,       -2.69,
 139.477838,   35.552703,       -2.73,
 139.482342,   35.552703,       -2.76,
 139.486847,   35.552703,       -2.79,
 139.491351,   35.552703,       -2.82,
 139.495856,   35.552703,       -2.84,
 139.500360,   35.552703,       -2.85,
 139.504865,   35.552703,       -2.86,
 139.509369,   35.552703,       -2.87,
 139.513874,   35.552703,       -2.87,
 139.518378,   35.552703,       -2.86,
 139.522883,   35.552703,       -2.85,
 139.527387,   35.552703,       -2.83,
 139.531892,   35.552703,       -2.81,
 139.536396,   35.552703,       -2.78,
 139.540901,   35.552703,       -2.75,
 139.545405,   35.552703,       -2.71,
 139.549910,   35.552703,       -2.67,
 139.554414,   35.552703,       -2.62,
 139.558919,   35.552703,       -2.57,
 139.563423,   35.552703,       -2.51,
 139.567928,   35.552703,       -2.45,
 139.572432,   35.552703,       -2.38,
 139.576937,   35.552703,       -2.30,
 139.581441,   35.552703,       -2.22,
 139.585946,   35.552703,       -2.14,
 139.590450,   35.552703,       -2.05,
 139.594955,   35.552703,       -1.95,
 139.599459,   35.552703,       -1.85,
 139.603964,   35.552703,       -1.75,
 139.608468,   35.552703,       -1.64,
 139.612973,   35.552703,       -1.54,
 139.617477,   35.552703,       -1.99,
 139.621982,   35.552703,       -2.12,
 139.626486,   35.552703,       -1.98,
 139.630991,   35.552703,       -1.84,
 139.635495,   35.552703,       -1.69,
 139.640000,   35.552703,       -1.54,
 139.644505,   35.552703,       -1.39,
 139.649009,   35.552703,       -1.23,
 139.653514,   35.552703,       -1.07,
 139.658018,   35.552703,       -0.90,
 139.662523,   35.552703,       -0.73,
 139.667027,   35.552703,         NaN,
 139.671532,   35.552703,         NaN,
 139.676036,   35.552703,         NaN,
 139.680541,   35.552703,         NaN,
 139.685045,   35.552703,         NaN,
 139.689550,   35.552703,         NaN,
 139.694054,   35.552703,         NaN,
 139.698559,   35.552703,         NaN,
 139.703063,   35.552703,         NaN,
 139.707568,   35.552703,         NaN,
 139.712072,   35.552703,         NaN,
 139.716577,   35.552703,         NaN,
 139.721081,   35.552703,         NaN,
 139.725586,   35.552703,         NaN,
 139.730090,   35.552703,         NaN,
 139.734595,   35.552703,         NaN,
 139.739099,   35.552703,         NaN,
 139.743604,   35.552703,         NaN,
 139.748108,   35.552703,         NaN,
 139.752613,   35.552703,         NaN,
 139.757117,   35.552703,       -0.60,
 139.761622,   35.552703,        1.49,
 139.766126,   35.552703,        2.93,
 139.770631,   35.552703,        3.25,
 139.775135,   35.552703,        3.01,
 139.779640,   35.552703,        2.32,
 139.784144,   35.552703,        1.51,
 139.788649,   35.552703,        0.77,
 139.793153,   35.552703,        0.10,
 139.797658,   35.552703,       -0.45,
 139.802162,   35.552703,       -0.75,
 139.806667,   35.552703,       -0.83,
 139.811171,   35.552703,       -0.93,
 139.815676,   35.552703,       -1.00,
 139.820180,   35.552703,       -1.06,
 139.824685,   35.552703,       -1.17,
 139.829189,   35.552703,       -1.25,
 139.833694,   35.552703,       -1.29,
 139.838198,   35.552703,       -1.31,
 139.842703,   35.552703,       -1.36,
 139.847207,   35.552703,       -1.44,
 139.851712,   35.552703,       -1.52,
 139.856216,   35.552703,       -1.61,
 139.860721,   35.552703,       -1.61,
 139.865225,   35.552703,       -1.57,
 139.869730,   35.552703,       -1.52,
 139.874234,   35.552703,       -1.47,
 139.878739,   35.552703,       -1.40,
 139.883243,   35.552703,       -1.33,
 139.887748,   35.552703,       -1.27,
 139.892252,   35.552703,       -1.22,
 139.896757,   35.552703,       -1.17,
 139.901261,   35.552703,       -1.13,
 139.905766,   35.552703,       -1.09,
 139.910270,   35.552703,       -1.06,
 139.914775,   35.552703,       -1.01,
 139.919279,   35.552703,       -0.97,
 139.923784,   35.552703,       -0.92,
 139.928288,   35.552703,       -0.86,
 139.932793,   35.552703,       -0.77,
 139.937297,   35.552703,       -0.69,
 139.941802,   35.552703,       -0.61,
 139.946306,   35.552703,       -0.55,
 139.950811,   35.552703,       -0.51,
 139.955315,   35.552703,       -0.46,
 139.959820,   35.552703,       -0.42,
 139.964324,   35.552703,       -0.40,
 139.968829,   35.552703,       -0.38,
 139.973333,   35.552703,       -0.36,
 139.977838,   35.552703,       -0.33,
 139.982342,   35.552703,       -0.30,
 139.986847,   35.552703,       -0.24,
 139.991351,   35.552703,       -0.17,
 139.995856,   35.552703,       -0.09,
 140.000360,   35.552703,        0.02,
 140.004865,   35.552703,        0.14,
 140.009369,   35.552703,        0.27,
 140.013874,   35.552703,        0.40,
 140.018378,   35.552703,        0.57,
 140.022883,   35.552703,        0.74,
 140.027387,   35.552703,        0.91,
 140.031892,   35.552703,        1.08,
 140.036396,   35.552703,        1.26,
 140.040901,   35.552703,        1.43,
 140.045405,   35.552703,        1.59,
 140.049910,   35.552703,        1.71,
 140.054414,   35.552703,        1.78,
 140.058919,   35.552703,        1.81,
 140.063423,   35.552703,        1.79,
 140.067928,   35.552703,        1.75,
 140.072432,   35.552703,        1.76,
 140.076937,   35.552703,        1.79,
 140.081441,   35.552703,        1.86,
 140.085946,   35.552703,        1.97,
 140.090450,   35.552703,        2.12,
 140.094955,   35.552703,        1.87,
 140.099459,   35.552703,        1.77,
 140.103964,   35.552703,        1.65,
 140.108468,   35.552703,        1.69,
 140.112973,   35.552703,        1.74,
 140.117477,   35.552703,        1.74,
 140.121982,   35.552703,        1.73,
 140.126486,   35.552703,        1.72,
 140.130991,   35.552703,        1.70,
 140.135495,   35.552703,        1.69,
 140.140000,   35.552703,        1.67,
 140.144505,   35.552703,        1.67,
 140.149009,   35.552703,        1.67,
 140.153514,   35.552703,        1.67,
 140.158018,   35.552703,        1.67,
 140.162523,   35.552703,        1.67,
 140.167027,   35.552703,        1.66,
 140.171532,   35.552703,        1.66,
 140.176036,   35.552703,        1.65,
 140.180541,   35.552703,        1.65,
 140.185045,   35.552703,        1.64,
 140.189550,   35.552703,        1.63,
 140.194054,   35.552703,        1.62,
 140.198559,   35.552703,        1.61,
 140.203063,   35.552703,        1.60,
 140.207568,   35.552703,        1.58,
 140.212072,   35.552703,        1.57,
 140.216577,   35.552703,        1.55,
 140.221081,   35.552703,        1.54,
 140.225586,   35.552703,        1.52,
 140.230090,   35.552703,        1.50,
 140.234595,   35.552703,        1.48,
 140.239099,   35.552703,        1.46,
 140.243604,   35.552703,        1.44,
 140.248108,   35.552703,        1.41,
 140.252613,   35.552703,        1.39,
 140.257117,   35.552703,        1.37,
 140.261622,   35.552703,        1.34,
 140.266126,   35.552703,        1.31,
 140.270631,   35.552703,        1.28,
 140.275135,   35.552703,        1.25,
 140.279640,   35.552703,        1.22,
 140.284144,   35.552703,        1.19,
 140.288649,   35.552703,        1.16,
 140.293153,   35.552703,        1.13,
 140.297658,   35.552703,        1.09,
 140.302162,   35.552703,        1.06,
 140.306667,   35.552703,        1.02,
 140.311171,   35.552703,        0.98,
 140.315676,   35.552703,        0.94,
 140.320180,   35.552703,        0.90,
 140.324685,   35.552703,        0.86,
 140.329189,   35.552703,        0.82,
 140.333694,   35.552703,        0.78,
 140.338198,   35.552703,        0.73,
 140.342703,   35.552703,        0.69,
 140.347207,   35.552703,        0.64,
 140.351712,   35.552703,        0.59,
 140.356216,   35.552703,        0.54,
 140.360721,   35.552703,        0.49,
 140.365225,   35.552703,        0.44,
 140.369730,   35.552703,        0.39,
 140.374234,   35.552703,        0.34,
 140.378739,   35.552703,        0.28,
 140.383243,   35.552703,        0.23,
 140.387748,   35.552703,        0.17,
 139.140000,   35.557207,       14.99,
 139.144505,   35.557207,       14.56,
 139.149009,   35.557207,       14.14,
 139.153514,   35.557207,       13.72,
 139.158018,   35.557207,       13.30,
 139.162523,   35.557207,       12.89,
 139.167027,   35.557207,       12.49,
 139.171532,   35.557207,       12.09,
 139.176036,   35.557207,       11.70,
 139.180541,   35.557207,       11.31,
 139.185045,   35.557207,       10.92,
 139.189550,   35.557207,       10.55,
 139.194054,   35.557207,       10.17,
 139.198559,   35.557207,        9.80,
 139.203063,   35.557207,        9.44,
 139.207568,   35.557207,        9.08,
 139.212072,   35.557207,        8.73,
 139.216577,   35.557207,        8.39,
 139.221081,   35.557207,        8.04,
 139.225586,   35.557207,        7.71,
 139.230090,   35.557207,        7.38,
 139.234595,   35.557207,        7.05,
 139.239099,   35.557207,        6.73,
 139.243604,   35.557207,        6.41,
 139.248108,   35.557207,        6.10,
 139.252613,   35.557207,        5.80,
 139.257117,   35.557207,        5.50,
 139.261622,   35.557207,        5.20,
 139.266126,   35.557207,        4.92,
 139.270631,   35.557207,        4.63,
 139.275135,   35.557207,        4.35,
 139.279640,   35.557207,        4.08,
 139.284144,   35.557207,        3.81,
 139.288649,   35.557207,        3.55,
 139.293153,   35.557207,        3.29,
 139.297658,   35.557207,        3.04,
 139.302162,   35.557207,        2.79,
 139.306667,   35.557207,        2.55,
 139.311171,   35.557207,        2.31,
 139.315676,   35.557207,        2.08,
 139.320180,   35.557207,        1.85,
 139.324685,   35.557207,        1.63,
 139.329189,   35.557207,        1.42,
 139.333694,   35.557207,        1.20,
 139.338198,   35.557207,        1.00,
 139.342703,   35.557207,        0.80,
 139.347207,   35.557207,        0.60,
 139.351712,   35.557207,        0.41,
 139.356216,   35.557207,        0.23,
 139.360721,   35.557207,        0.05,
 139.365225,   35.557207,       -0.12,
 139.369730,   35.557207,       -0.29,
 139.374234,   35.557207,       -0.46,
 139.378739,   35.557207,       -0.61,
 139.383243,   35.557207,       -0.77,
 139.387748,   35.557207,       -0.92,
 139.392252,   35.557207,       -1.06,
 139.396757,   35.557207,       -1.20,
 139.401261,   35.557207,       -1.33,
 139.405766,   35.557207,       -1.45,
 139.410270,   35.557207,       -1.58,
 139.414775,   35.557207,       -1.69,
 139.419279,   35.557207,       -1.80,
 139.423784,   35.557207,       -1.91,
 139.428288,   35.557207,       -2.01,
 139.432793,   35.557207,       -2.11,
 139.437297,   35.557207,       -2.20,
 139.441802,   35.557207,       -2.28,
 139.446306,   35.557207,       -2.36,
 139.450811,   35.557207,       -2.44,
 139.455315,   35.557207,       -2.50,
 139.459820,   35.557207,       -2.57,
 139.464324,   35.557207,       -2.63,
 139.468829,   35.557207,       -2.68,
 139.473333,   35.557207,       -2.73,
 139.477838,   35.557207,       -2.77,
 139.482342,   35.557207,       -2.81,
 139.486847,   35.557207,       -2.84,
 139.491351,   35.557207,       -2.87,
 139.495856,   35.557207,       -2.89,
 139.500360,   35.557207,       -2.91,
 139.504865,   35.557207,       -2.92,
 139.509369,   35.557207,       -2.93,
 139.513874,   35.557207,       -2.93,
 139.518378,   35.557207,       -2.92,
 139.522883,   35.557207,       -2.92,
 139.527387,   35.557207,       -2.90,
 139.531892,   35.557207,       -2.88,
 139.536396,   35.557207,       -2.86,
 139.540901,   35.557207,       -2.83,
 139.545405,   35.557207,       -2.79,
 139.549910,   35.557207,       -2.75,
 139.554414,   35.557207,       -2.70,
 139.558919,   35.557207,       -2.65,
 139.563423,   35.557207,       -2.60,
 139.567928,   35.557207,       -2.53,
 139.572432,   35.557207,       -2.47,
 139.576937,   35.557207,       -2.40,
 139.581441,   35.557207,       -2.32,
 139.585946,   35.557207,       -2.24,
 139.590450,   35.557207,       -2.15,
 139.594955,   35.557207,       -2.05,
 139.599459,   35.557207,       -1.96,
 139.603964,   35.557207,       -1.85,
 139.608468,   35.557207,       -1.74,
 139.612973,   35.557207,       -1.63,
 139.617477,   35.557207,       -1.51,
 139.621982,   35.557207,       -1.72,
 139.626486,   35.557207,       -2.02,
 139.630991,   35.557207,       -1.94,
 139.635495,   35.557207,       -1.80,
 139.640000,   35.557207,       -1.66,
 139.644505,   35.557207,       -1.51,
 139.649009,   35.557207,       -1.36,
 139.653514,   35.557207,       -1.20,
 139.658018,   35.557207,       -1.04,
 139.662523,   35.557207,       -0.87,
 139.667027,   35.557207,         NaN,
 139.671532,   35.557207,         NaN,
 139.676036,   35.557207,         NaN,
 139.680541,   35.557207,         NaN,
 139.685045,   35.557207,         NaN,
 139.689550,   35.557207,         NaN,
 139.694054,   35.557207,         NaN,
 139.698559,   35.557207,         NaN,
 139.703063,   35.557207,         NaN,
 139.707568,   35.557207,         NaN,
 139.712072,   35.557207,         NaN,
 139.716577,   35.557207,         NaN,
 139.721081,   35.557207,         NaN,
 139.725586,   35.557207,         NaN,
 139.730090,   35.557207,         NaN,
 139.734595,   35.557207,         NaN,
 139.739099,   35.557207,         NaN,
 139.743604,   35.557207,         NaN,
 139.748108,   35.557207,         NaN,
 139.752613,   35.557207,         NaN,
 139.757117,   35.557207,       -0.76,
 139.761622,   35.557207,        0.94,
 139.766126,   35.557207,        2.09,
 139.770631,   35.557207,        2.48,
 139.775135,   35.557207,        2.42,
 139.779640,   35.557207,        1.96,
 139.784144,   35.557207,        1.25,
 139.788649,   35.557207,        0.55,
 139.793153,   35.557207,       -0.11,
 139.797658,   35.557207,       -0.67,
 139.802162,   35.557207,       -0.77,
 139.806667,   35.557207,       -0.88,
 139.811171,   35.557207,       -0.98,
 139.815676,   35.557207,       -1.07,
 139.820180,   35.557207,       -1.15,
 139.824685,   35.557207,       -1.22,
 139.829189,   35.557207,       -1.26,
 139.833694,   35.557207,       -1.29,
 139.838198,   35.557207,       -1.30,
 139.842703,   35.557207,       -1.34,
 139.847207,   35.557207,       -1.40,
 139.851712,   35.557207,       -1.47,
 139.856216,   35.557207,       -1.52,
 139.860721,   35.557207,       -1.53,
 139.865225,   35.557207,       -1.51,
 139.869730,   35.557207,       -1.48,
 139.874234,   35.557207,       -1.41,
 139.878739,   35.557207,       -1.32,
 139.883243,   35.557207,       -1.23,
 139.887748,   35.557207,       -1.16,
 139.892252,   35.557207,       -1.11,
 139.896757,   35.557207,       -1.06,
 139.901261,   35.557207,       -1.02,
 139.905766,   35.557207,       -0.98,
 139.910270,   35.557207,       -0.94,
 139.914775,   35.557207,       -0.88,
 139.919279,   35.557207,       -0.82,
 139.923784,   35.557207,       -0.77,
 139.928288,   35.557207,       -0.71,
 139.932793,   35.557207,       -0.62,
 139.937297,   35.557207,       -0.53,
 139.941802,   35.557207,       -0.45,
 139.946306,   35.557207,       -0.39,
 139.950811,   35.557207,       -0.35,
 139.955315,   35.557207,       -0.31,
 139.959820,   35.557207,       -0.28,
 139.964324,   35.557207,       -0.27,
 139.968829,   35.557207,       -0.27,
 139.973333,   35.557207,       -0.26,
 139.977838,   35.557207,       -0.24,
 139.982342,   35.557207,       -0.20,
 139.986847,   35.557207,       -0.16,
 139.991351,   35.557207,       -0.11,
 139.995856,   35.557207,       -0.05,
 140.000360,   35.557207,        0.07,
 140.004865,   35.557207,        0.20,
 140.009369,   35.557207,        0.33,
 140.013874,   35.557207,        0.46,
 140.018378,   35.557207,        0.61,
 140.022883,   35.557207,        0.78,
 140.027387,   35.557207,        0.95,
 140.031892,   35.557207,        1.12,
 140.036396,   35.557207,        1.30,
 140.040901,   35.557207,        1.47,
 140.045405,   35.557207,        1.62,
 140.049910,   35.557207,        1.76,
 140.054414,   35.557207,        1.82,
 140.058919,   35.557207,        1.84,
 140.063423,   35.557207,        1.84,
 140.067928,   35.557207,        1.85,
 140.072432,   35.557207,        1.87,
 140.076937,   35.557207,        1.90,
 140.081441,   35.557207,        1.95,
 140.085946,   35.557207,        2.04,
 140.090450,   35.557207,        2.17,
 140.094955,   35.557207,        2.14,
 140.099459,   35.557207,        1.99,
 140.103964,   35.557207,        1.82,
 140.108468,   35.557207,        1.86,
 140.112973,   35.557207,        1.94,
 140.117477,   35.557207,        1.94,
 140.121982,   35.557207,        1.94,
 140.126486,   35.557207,        1.94,
 140.130991,   35.557207,        1.93,
 140.135495,   35.557207,        1.92,
 140.140000,   35.557207,        1.91,
 140.144505,   35.557207,        1.92,
 140.149009,   35.557207,        1.92,
 140.153514,   35.557207,        1.92,
 140.158018,   35.557207,        1.92,
 140.162523,   35.557207,        1.91,
 140.167027,   35.557207,        1.91,
 140.171532,   35.557207,        1.91,
 140.176036,   35.557207,        1.90,
 140.180541,   35.557207,        1.90,
 140.185045,   35.557207,        1.89,
 140.189550,   35.557207,        1.88,
 140.194054,   35.557207,        1.87,
 140.198559,   35.557207,        1.86,
 140.203063,   35.557207,        1.85,
 140.207568,   35.557207,        1.83,
 140.212072,   35.557207,        1.82,
 140.216577,   35.557207,        1.80,
 140.221081,   35.557207,        1.79,
 140.225586,   35.557207,        1.77,
 140.230090,   35.557207,        1.75,
 140.234595,   35.557207,        1.73,
 140.239099,   35.557207,        1.71,
 140.243604,   35.557207,        1.69,
 140.248108,   35.557207,        1.67,
 140.252613,   35.557207,        1.65,
 140.257117,   35.557207,        1.62,
 140.261622,   35.557207,        1.60,
 140.266126,   35.557207,        1.57,
 140.270631,   35.557207,        1.54,
 140.275135,   35.557207,        1.51,
 140.279640,   35.557207,        1.48,
 140.284144,   35.557207,        1.45,
 140.288649,   35.557207,        1.42,
 140.293153,   35.557207,        1.39,
 140.297658,   35.557207,        1.35,
 140.302162,   35.557207,        1.32,
 140.306667,   35.557207,        1.28,
 140.311171,   35.557207,        1.24,
 140.315676,   35.557207,        1.20,
 140.320180,   35.557207,        1.16,
 140.324685,   35.557207,        1.12,
 140.329189,   35.557207,        1.08,
 140.333694,   35.557207,        1.04,
 140.338198,   35.557207,        1.00,
 140.342703,   35.557207,        0.95,
 140.347207,   35.557207,        0.90,
 140.351712,   35.557207,        0.86,
 140.356216,   35.557207,        0.81,
 140.360721,   35.557207,        0.76,
 140.365225,   35.557207,        0.71,
 140.369730,   35.557207,        0.66,
 140.374234,   35.557207,        0.61,
 140.378739,   35.557207,        0.55,
 140.383243,   35.557207,        0.50,
 140.387748,   35.557207,        0.44,
 139.140000,   35.561712,       15.11,
 139.144505,   35.561712,       14.68,
 139.149009,   35.561712,       14.25,
 139.153514,   35.561712,       13.83,
 139.158018,   35.561712,       13.41,
 139.162523,   35.561712,       13.00,
 139.167027,   35.561712,       12.59,
 139.171532,   35.561712,       12.19,
 139.176036,   35.561712,       11.79,
 139.180541,   35.561712,       11.40,
 139.185045,   35.561712,       11.02,
 139.189550,   35.561712,       10.64,
 139.194054,   35.561712,       10.26,
 139.198559,   35.561712,        9.89,
 139.203063,   35.561712,        9.53,
 139.207568,   35.561712,        9.17,
 139.212072,   35.561712,        8.81,
 139.216577,   35.561712,        8.46,
 139.221081,   35.561712,        8.12,
 139.225586,   35.561712,        7.78,
 139.230090,   35.561712,        7.45,
 139.234595,   35.561712,        7.12,
 139.239099,   35.561712,        6.80,
 139.243604,   35.561712,        6.48,
 139.248108,   35.561712,        6.17,
 139.252613,   35.561712,        5.86,
 139.257117,   35.561712,        5.56,
 139.261622,   35.561712,        5.26,
 139.266126,   35.561712,        4.97,
 139.270631,   35.561712,        4.68,
 139.275135,   35.561712,        4.40,
 139.279640,   35.561712,        4.13,
 139.284144,   35.561712,        3.86,
 139.288649,   35.561712,        3.59,
 139.293153,   35.561712,        3.33,
 139.297658,   35.561712,        3.08,
 139.302162,   35.561712,        2.83,
 139.306667,   35.561712,        2.58,
 139.311171,   35.561712,        2.34,
 139.315676,   35.561712,        2.11,
 139.320180,   35.561712,        1.88,
 139.324685,   35.561712,        1.66,
 139.329189,   35.561712,        1.44,
 139.333694,   35.561712,        1.23,
 139.338198,   35.561712,        1.02,
 139.342703,   35.561712,        0.82,
 139.347207,   35.561712,        0.62,
 139.351712,   35.561712,        0.43,
 139.356216,   35.561712,        0.24,
 139.360721,   35.561712,        0.06,
 139.365225,   35.561712,       -0.12,
 139.369730,   35.561712,       -0.29,
 139.374234,   35.561712,       -0.46,
 139.378739,   35.561712,       -0.62,
 139.383243,   35.561712,       -0.77,
 139.387748,   35.561712,       -0.92,
 139.392252,   35.561712,       -1.07,
 139.396757,   35.561712,       -1.21,
 139.401261,   35.561712,       -1.34,
 139.405766,   35.561712,       -1.47,
 139.410270,   35.561712,       -1.59,
 139.414775,   35.561712,       -1.71,
 139.419279,   35.561712,       -1.82,
 139.423784,   35.561712,       -1.93,
 139.428288,   35.561712,       -2.04,
 139.432793,   35.561712,       -2.13,
 139.437297,   35.561712,       -2.23,
 139.441802,   35.561712,       -2.31,
 139.446306,   35.561712,       -2.40,
 139.450811,   35.561712,       -2.47,
 139.455315,   35.561712,       -2.54,
 139.459820,   35.561712,       -2.61,
 139.464324,   35.561712,       -2.67,
 139.468829,   35.561712,       -2.73,
 139.473333,   35.561712,       -2.78,
 139.477838,   35.561712,       -2.82,
 139.482342,   35.561712,       -2.86,
 139.486847,   35.561712,       -2.90,
 139.491351,   35.561712,       -2.93,
 139.495856,   35.561712,       -2.95,
 139.500360,   35.561712,       -2.97,
 139.504865,   35.561712,       -2.98,
 139.509369,   35.561712,       -2.99,
 139.513874,   35.561712,       -3.00,
 139.518378,   35.561712,       -2.99,
 139.522883,   35.561712,       -2.99,
 139.527387,   35.561712,       -2.98,
 139.531892,   35.561712,       -2.96,
 139.536396,   35.561712,       -2.93,
 139.540901,   35.561712,       -2.91,
 139.545405,   35.561712,       -2.87,
 139.549910,   35.561712,       -2.84,
 139.554414,   35.561712,       -2.79,
 139.558919,   35.561712,       -2.74,
 139.563423,   35.561712,       -2.69,
 139.567928,   35.561712,       -2.63,
 139.572432,   35.561712,       -2.56,
 139.576937,   35.561712,       -2.49,
 139.581441,   35.561712,       -2.42,
 139.585946,   35.561712,       -2.34,
 139.590450,   35.561712,       -2.25,
 139.594955,   35.561712,       -2.16,
 139.599459,   35.561712,       -2.07,
 139.603964,   35.561712,       -1.96,
 139.608468,   35.561712,       -1.86,
 139.612973,   35.561712,       -1.75,
 139.617477,   35.561712,       -1.63,
 139.621982,   35.561712,       -1.51,
 139.626486,   35.561712,       -1.39,
 139.630991,   35.561712,       -1.82,
 139.635495,   35.561712,       -1.90,
 139.640000,   35.561712,       -1.76,
 139.644505,   35.561712,       -1.62,
 139.649009,   35.561712,       -1.47,
 139.653514,   35.561712,       -1.32,
 139.658018,   35.561712,       -1.17,
 139.662523,   35.561712,       -1.01,
 139.667027,   35.561712,       -0.84,
 139.671532,   35.561712,         NaN,
 139.676036,   35.561712,         NaN,
 139.680541,   35.561712,         NaN,
 139.685045,   35.561712,         NaN,
 139.689550,   35.561712,         NaN,
 139.694054,   35.561712,         NaN,
 139.698559,   35.561712,         NaN,
 139.703063,   35.561712,         NaN,
 139.707568,   35.561712,         NaN,
 139.712072,   35.561712,         NaN,
 139.716577,   35.561712,         NaN,
 139.721081,   35.561712,         NaN,
 139.725586,   35.561712,         NaN,
 139.730090,   35.561712,         NaN,
 139.734595,   35.561712,         NaN,
 139.739099,   35.561712,         NaN,
 139.743604,   35.561712,         NaN,
 139.748108,   35.561712,         NaN,
 139.752613,   35.561712,       -1.87,
 139.757117,   35.561712,       -1.03,
 139.761622,   35.561712,        0.38,
 139.766126,   35.561712,        1.46,
 139.770631,   35.561712,        1.91,
 139.775135,   35.561712,        1.94,
 139.779640,   35.561712,        1.57,
 139.784144,   35.561712,        0.96,
 139.788649,   35.561712,        0.31,
 139.793153,   35.561712,       -0.32,
 139.797658,   35.561712,       -0.64,
 139.802162,   35.561712,       -0.75,
 139.806667,   35.561712,       -0.87,
 139.811171,   35.561712,       -0.99,
 139.815676,   35.561712,       -1.10,
 139.820180,   35.561712,       -1.19,
 139.824685,   35.561712,       -1.26,
 139.829189,   35.561712,       -1.32,
 139.833694,   35.561712,       -1.33,
 139.838198,   35.561712,       -1.33,
 139.842703,   35.561712,       -1.33,
 139.847207,   35.561712,       -1.36,
 139.851712,   35.561712,       -1.40,
 139.856216,   35.561712,       -1.43,
 139.860721,   35.561712,       -1.45,
 139.865225,   35.561712,       -1.45,
 139.869730,   35.561712,       -1.43,
 139.874234,   35.561712,       -1.34,
 139.878739,   35.561712,       -1.24,
 139.883243,   35.561712,       -1.15,
 139.887748,   35.561712,       -1.05,
 139.892252,   35.561712,       -0.99,
 139.896757,   35.561712,       -0.94,
 139.901261,   35.561712,       -0.90,
 139.905766,   35.561712,       -0.87,
 139.910270,   35.561712,       -0.81,
 139.914775,   35.561712,       -0.73,
 139.919279,   35.561712,       -0.66,
 139.923784,   35.561712,       -0.59,
 139.928288,   35.561712,       -0.52,
 139.932793,   35.561712,       -0.44,
 139.937297,   35.561712,       -0.36,
 139.941802,   35.561712,       -0.29,
 139.946306,   35.561712,       -0.23,
 139.950811,   35.561712,       -0.19,
 139.955315,   35.561712,       -0.15,
 139.959820,   35.561712,       -0.12,
 139.964324,   35.561712,       -0.12,
 139.968829,   35.561712,       -0.13,
 139.973333,   35.561712,       -0.14,
 139.977838,   35.561712,       -0.14,
 139.982342,   35.561712,       -0.09,
 139.986847,   35.561712,       -0.06,
 139.991351,   35.561712,       -0.02,
 139.995856,   35.561712,        0.02,
 140.000360,   35.561712,        0.13,
 140.004865,   35.561712,        0.26,
 140.009369,   35.561712,        0.39,
 140.013874,   35.561712,        0.51,
 140.018378,   35.561712,        0.67,
 140.022883,   35.561712,        0.83,
 140.027387,   35.561712,        0.99,
 140.031892,   35.561712,        1.16,
 140.036396,   35.561712,        1.34,
 140.040901,   35.561712,        1.51,
 140.045405,   35.561712,        1.66,
 140.049910,   35.561712,        1.80,
 140.054414,   35.561712,        1.87,
 140.058919,   35.561712,        1.89,
 140.063423,   35.561712,        1.92,
 140.067928,   35.561712,        1.94,
 140.072432,   35.561712,        1.96,
 140.076937,   35.561712,        2.00,
 140.081441,   35.561712,        2.05,
 140.085946,   35.561712,        2.14,
 140.090450,   35.561712,        2.26,
 140.094955,   35.561712,        2.44,
 140.099459,   35.561712,        2.45,
 140.103964,   35.561712,        1.99,
 140.108468,   35.561712,        2.03,
 140.112973,   35.561712,        2.14,
 140.117477,   35.561712,        2.16,
 140.121982,   35.561712,        2.16,
 140.126486,   35.561712,        2.16,
 140.130991,   35.561712,        2.16,
 140.135495,   35.561712,        2.16,
 140.140000,   35.561712,        2.16,
 140.144505,   35.561712,        2.16,
 140.149009,   35.561712,        2.17,
 140.153514,   35.561712,        2.17,
 140.158018,   35.561712,        2.16,
 140.162523,   35.561712,        2.16,
 140.167027,   35.561712,        2.16,
 140.171532,   35.561712,        2.16,
 140.176036,   35.561712,        2.15,
 140.180541,   35.561712,        2.15,
 140.185045,   35.561712,        2.14,
 140.189550,   35.561712,        2.13,
 140.194054,   35.561712,        2.12,
 140.198559,   35.561712,        2.11,
 140.203063,   35.561712,        2.10,
 140.207568,   35.561712,        2.09,
 140.212072,   35.561712,        2.07,
 140.216577,   35.561712,        2.06,
 140.221081,   35.561712,        2.04,
 140.225586,   35.561712,        2.03,
 140.230090,   35.561712,        2.01,
 140.234595,   35.561712,        1.99,
 140.239099,   35.561712,        1.97,
 140.243604,   35.561712,        1.95,
 140.248108,   35.561712,        1.93,
 140.252613,   35.561712,        1.90,
 140.257117,   35.561712,        1.88,
 140.261622,   35.561712,        1.85,
 140.266126,   35.561712,        1.83,
 140.270631,   35.561712,        1.80,
 140.275135,   35.561712,        1.77,
 140.279640,   35.561712,        1.74,
 140.284144,   35.561712,        1.71,
 140.288649,   35.561712,        1.68,
 140.293153,   35.561712,        1.65,
 140.297658,   35.561712,        1.61,
 140.302162,   35.561712,        1.58,
 140.306667,   35.561712,        1.54,
 140.311171,   35.561712,        1.51,
 140.315676,   35.561712,        1.47,
 140.320180,   35.561712,        1.43,
 140.324685,   35.561712,        1.39,
 140.329189,   35.561712,        1.35,
 140.333694,   35.561712,        1.30,
 140.338198,   35.561712,        1.26,
 140.342703,   35.561712,        1.22,
 140.347207,   35.561712,        1.17,
 140.351712,   35.561712,        1.12,
 140.356216,   35.561712,        1.08,
 140.360721,   35.561712,        1.03,
 140.365225,   35.561712,        0.98,
 140.369730,   35.561712,        0.93,
 140.374234,   35.561712,        0.87,
 140.378739,   35.561712,        0.82,
 140.383243,   35.561712,        0.77,
 140.387748,   35.561712,        0.71,
 139.140000,   35.566216,       15.22,
 139.144505,   35.566216,       14.79,
 139.149009,   35.566216,       14.36,
 139.153514,   35.566216,       13.93,
 139.158018,   35.566216,       13.51,
 139.162523,   35.566216,       13.10,
 139.167027,   35.566216,       12.69,
 139.171532,   35.566216,       12.29,
 139.176036,   35.566216,       11.89,
 139.180541,   35.566216,       11.49,
 139.185045,   35.566216,       11.11,
 139.189550,   35.566216,       10.72,
 139.194054,   35.566216,       10.35,
 139.198559,   35.566216,        9.97,
 139.203063,   35.566216,        9.61,
 139.207568,   35.566216,        9.24,
 139.212072,   35.566216,        8.89,
 139.216577,   35.566216,        8.54,
 139.221081,   35.566216,        8.19,
 139.225586,   35.566216,        7.85,
 139.230090,   35.566216,        7.51,
 139.234595,   35.566216,        7.18,
 139.239099,   35.566216,        6.86,
 139.243604,   35.566216,        6.54,
 139.248108,   35.566216,        6.22,
 139.252613,   35.566216,        5.91,
 139.257117,   35.566216,        5.61,
 139.261622,   35.566216,        5.31,
 139.266126,   35.566216,        5.02,
 139.270631,   35.566216,        4.73,
 139.275135,   35.566216,        4.45,
 139.279640,   35.566216,        4.17,
 139.284144,   35.566216,        3.90,
 139.288649,   35.566216,        3.63,
 139.293153,   35.566216,        3.37,
 139.297658,   35.566216,        3.11,
 139.302162,   35.566216,        2.86,
 139.306667,   35.566216,        2.61,
 139.311171,   35.566216,        2.37,
 139.315676,   35.566216,        2.13,
 139.320180,   35.566216,        1.90,
 139.324685,   35.566216,        1.68,
 139.329189,   35.566216,        1.46,
 139.333694,   35.566216,        1.24,
 139.338198,   35.566216,        1.03,
 139.342703,   35.566216,        0.83,
 139.347207,   35.566216,        0.63,
 139.351712,   35.566216,        0.43,
 139.356216,   35.566216,        0.24,
 139.360721,   35.566216,        0.06,
 139.365225,   35.566216,       -0.12,
 139.369730,   35.566216,       -0.29,
 139.374234,   35.566216,       -0.46,
 139.378739,   35.566216,       -0.62,
 139.383243,   35.566216,       -0.78,
 139.387748,   35.566216,       -0.93,
 139.392252,   35.566216,       -1.08,
 139.396757,   35.566216,       -1.22,
 139.401261,   35.566216,       -1.36,
 139.405766,   35.566216,       -1.49,
 139.410270,   35.566216,       -1.61,
 139.414775,   35.566216,       -1.74,
 139.419279,   35.566216,       -1.85,
 139.423784,   35.566216,       -1.96,
 139.428288,   35.566216,       -2.07,
 139.432793,   35.566216,       -2.17,
 139.437297,   35.566216,       -2.26,
 139.441802,   35.566216,       -2.35,
 139.446306,   35.566216,       -2.43,
 139.450811,   35.566216,       -2.51,
 139.455315,   35.566216,       -2.59,
 139.459820,   35.566216,       -2.66,
 139.464324,   35.566216,       -2.72,
 139.468829,   35.566216,       -2.78,
 139.473333,   35.566216,       -2.83,
 139.477838,   35.566216,       -2.88,
 139.482342,   35.566216,       -2.92,
 139.486847,   35.566216,       -2.96,
 139.491351,   35.566216,       -2.99,
 139.495856,   35.566216,       -3.02,
 139.500360,   35.566216,       -3.04,
 139.504865,   35.566216,       -3.05,
 139.509369,   35.566216,       -3.06,
 139.513874,   35.566216,       -3.07,
 139.518378,   35.566216,       -3.07,
 139.522883,   35.566216,       -3.06,
 139.527387,   35.566216,       -3.05,
 139.531892,   35.566216,       -3.04,
 139.536396,   35.566216,       -3.02,
 139.540901,   35.566216,       -2.99,
 139.545405,   35.566216,       -2.96,
 139.549910,   35.566216,       -2.93,
 139.554414,   35.566216,       -2.88,
 139.558919,   35.566216,       -2.84,
 139.563423,   35.566216,       -2.79,
 139.567928,   35.566216,       -2.73,
 139.572432,   35.566216,       -2.67,
 139.576937,   35.566216,       -2.60,
 139.581441,   35.566216,       -2.53,
 139.585946,   35.566216,       -2.45,
 139.590450,   35.566216,       -2.36,
 139.594955,   35.566216,       -2.27,
 139.599459,   35.566216,       -2.18,
 139.603964,   35.566216,       -2.08,
 139.608468,   35.566216,       -1.98,
 139.612973,   35.566216,       -1.87,
 139.617477,   35.566216,       -1.75,
 139.621982,   35.566216,       -1.63,
 139.626486,   35.566216,       -1.51,
 139.630991,   35.566216,       -1.38,
 139.635495,   35.566216,       -1.56,
 139.640000,   35.566216,       -1.83,
 139.644505,   35.566216,       -1.72,
 139.649009,   35.566216,       -1.58,
 139.653514,   35.566216,       -1.43,
 139.658018,   35.566216,       -1.28,
 139.662523,   35.566216,       -1.13,
 139.667027,   35.566216,       -0.98,
 139.671532,   35.566216,       -0.81,
 139.676036,   35.566216,         NaN,
 139.680541,   35.566216,         NaN,
 139.685045,   35.566216,         NaN,
 139.689550,   35.566216,         NaN,
 139.694054,   35.566216,         NaN,
 139.698559,   35.566216,         NaN,
 139.703063,   35.566216,         NaN,
 139.707568,   35.566216,         NaN,
 139.712072,   35.566216,         NaN,
 139.716577,   35.566216,         NaN,
 139.721081,   35.566216,         NaN,
 139.725586,   35.566216,         NaN,
 139.730090,   35.566216,         NaN,
 139.734595,   35.566216,         NaN,
 139.739099,   35.566216,         NaN,
 139.743604,   35.566216,         NaN,
 139.748108,   35.566216,       -2.52,
 139.752613,   35.566216,       -2.18,
 139.757117,   35.566216,       -1.32,
 139.761622,   35.566216,       -0.15,
 139.766126,   35.566216,        0.95,
 139.770631,   35.566216,        1.47,
 139.775135,   35.566216,        1.54,
 139.779640,   35.566216,        1.20,
 139.784144,   35.566216,        0.66,
 139.788649,   35.566216,        0.08,
 139.793153,   35.566216,       -0.38,
 139.797658,   35.566216,       -0.59,
 139.802162,   35.566216,       -0.71,
 139.806667,   35.566216,       -0.85,
 139.811171,   35.566216,       -0.99,
 139.815676,   35.566216,       -1.10,
 139.820180,   35.566216,       -1.20,
 139.824685,   35.566216,       -1.28,
 139.829189,   35.566216,       -1.34,
 139.833694,   35.566216,       -1.36,
 139.838198,   35.566216,       -1.39,
 139.842703,   35.566216,       -1.38,
 139.847207,   35.566216,       -1.35,
 139.851712,   35.566216,       -1.33,
 139.856216,   35.566216,       -1.38,
 139.860721,   35.566216,       -1.41,
 139.865225,   35.566216,       -1.42,
 139.869730,   35.566216,       -1.39,
 139.874234,   35.566216,       -1.27,
 139.878739,   35.566216,       -1.16,
 139.883243,   35.566216,       -1.06,
 139.887748,   35.566216,       -0.95,
 139.892252,   35.566216,       -0.87,
 139.896757,   35.566216,       -0.81,
 139.901261,   35.566216,       -0.76,
 139.905766,   35.566216,       -0.71,
 139.910270,   35.566216,       -0.63,
 139.914775,   35.566216,       -0.56,
 139.919279,   35.566216,       -0.48,
 139.923784,   35.566216,       -0.41,
 139.928288,   35.566216,       -0.34,
 139.932793,   35.566216,       -0.26,
 139.937297,   35.566216,       -0.18,
 139.941802,   35.566216,       -0.10,
 139.946306,   35.566216,       -0.06,
 139.950811,   35.566216,       -0.02,
 139.955315,   35.566216,        0.01,
 139.959820,   35.566216,        0.04,
 139.964324,   35.566216,        0.04,
 139.968829,   35.566216,        0.03,
 139.973333,   35.566216,        0.01,
 139.977838,   35.566216,       -0.01,
 139.982342,   35.566216,        0.02,
 139.986847,   35.566216,        0.06,
 139.991351,   35.566216,        0.09,
 139.995856,   35.566216,        0.13,
 140.000360,   35.566216,        0.21,
 140.004865,   35.566216,        0.33,
 140.009369,   35.566216,        0.45,
 140.013874,   35.566216,        0.57,
 140.018378,   35.566216,        0.72,
 140.022883,   35.566216,        0.88,
 140.027387,   35.566216,        1.03,
 140.031892,   35.566216,        1.20,
 140.036396,   35.566216,        1.37,
 140.040901,   35.566216,        1.54,
 140.045405,   35.566216,        1.70,
 140.049910,   35.566216,        1.82,
 140.054414,   35.566216,        1.91,
 140.058919,   35.566216,        1.96,
 140.063423,   35.566216,        2.01,
 140.067928,   35.566216,        2.04,
 140.072432,   35.566216,        2.06,
 140.076937,   35.566216,        2.10,
 140.081441,   35.566216,        2.17,
 140.085946,   35.566216,        2.26,
 140.090450,   35.566216,        2.36,
 140.094955,   35.566216,        2.53,
 140.099459,   35.566216,        2.51,
 140.103964,   35.566216,        2.20,
 140.108468,   35.566216,        2.19,
 140.112973,   35.566216,        2.37,
 140.117477,   35.566216,        2.38,
 140.121982,   35.566216,        2.39,
 140.126486,   35.566216,        2.40,
 140.130991,   35.566216,        2.40,
 140.135495,   35.566216,        2.40,
 140.140000,   35.566216,        2.41,
 140.144505,   35.566216,        2.41,
 140.149009,   35.566216,        2.41,
 140.153514,   35.566216,        2.41,
 140.158018,   35.566216,        2.41,
 140.162523,   35.566216,        2.41,
 140.167027,   35.566216,        2.41,
 140.171532,   35.566216,        2.41,
 140.176036,   35.566216,        2.40,
 140.180541,   35.566216,        2.40,
 140.185045,   35.566216,        2.39,
 140.189550,   35.566216,        2.38,
 140.194054,   35.566216,        2.37,
 140.198559,   35.566216,        2.36,
 140.203063,   35.566216,        2.35,
 140.207568,   35.566216,        2.34,
 140.212072,   35.566216,        2.33,
 140.216577,   35.566216,        2.31,
 140.221081,   35.566216,        2.30,
 140.225586,   35.566216,        2.28,
 140.230090,   35.566216,        2.26,
 140.234595,   35.566216,        2.25,
 140.239099,   35.566216,        2.23,
 140.243604,   35.566216,        2.21,
 140.248108,   35.566216,        2.18,
 140.252613,   35.566216,        2.16,
 140.257117,   35.566216,        2.14,
 140.261622,   35.566216,        2.11,
 140.266126,   35.566216,        2.09,
 140.270631,   35.566216,        2.06,
 140.275135,   35.566216,        2.03,
 140.279640,   35.566216,        2.00,
 140.284144,   35.566216,        1.97,
 140.288649,   35.566216,        1.94,
 140.293153,   35.566216,        1.91,
 140.297658,   35.566216,        1.88,
 140.302162,   35.566216,        1.84,
 140.306667,   35.566216,        1.81,
 140.311171,   35.566216,        1.77,
 140.315676,   35.566216,        1.73,
 140.320180,   35.566216,        1.69,
 140.324685,   35.566216,        1.65,
 140.329189,   35.566216,        1.61,
 140.333694,   35.566216,        1.57,
 140.338198,   35.566216,        1.53,
 140.342703,   35.566216,        1.48,
 140.347207,   35.566216,        1.44,
 140.351712,   35.566216,        1.39,
 140.356216,   35.566216,        1.34,
 140.360721,   35.566216,        1.30,
 140.365225,   35.566216,        1.25,
 140.369730,   35.566216,        1.20,
 140.374234,   35.566216,        1.14,
 140.378739,   35.566216,        1.09,
 140.383243,   35.566216,        1.04,
 140.387748,   35.566216,        0.98,
 139.140000,   35.570721,       15.33,
 139.144505,   35.570721,       14.89,
 139.149009,   35.570721,       14.46,
 139.153514,   35.570721,       14.03,
 139.158018,   35.570721,       13.61,
 139.162523,   35.570721,       13.19,
 139.167027,   35.570721,       12.78,
 139.171532,   35.570721,       12.37,
 139.176036,   35.570721,       11.97,
 139.180541,   35.570721,       11.58,
 139.185045,   35.570721,       11.19,
 139.189550,   35.570721,       10.80,
 139.194054,   35.570721,       10.42,
 139.198559,   35.570721,       10.05,
 139.203063,   35.570721,        9.68,
 139.207568,   35.570721,        9.32,
 139.212072,   35.570721,        8.96,
 139.216577,   35.570721,        8.60,
 139.221081,   35.570721,        8.26,
 139.225586,   35.570721,        7.91,
 139.230090,   35.570721,        7.58,
 139.234595,   35.570721,        7.24,
 139.239099,   35.570721,        6.92,
 139.243604,   35.570721,        6.59,
 139.248108,   35.570721,        6.28,
 139.252613,   35.570721,        5.96,
 139.257117,   35.570721,        5.66,
 139.261622,   35.570721,        5.36,
 139.266126,   35.570721,        5.06,
 139.270631,   35.570721,        4.77,
 139.275135,   35.570721,        4.49,
 139.279640,   35.570721,        4.20,
 139.284144,   35.570721,        3.93,
 139.288649,   35.570721,        3.66,
 139.293153,   35.570721,        3.40,
 139.297658,   35.570721,        3.14,
 139.302162,   35.570721,        2.88,
 139.306667,   35.570721,        2.63,
 139.311171,   35.570721,        2.39,
 139.315676,   35.570721,        2.15,
 139.320180,   35.570721,        1.92,
 139.324685,   35.570721,        1.69,
 139.329189,   35.570721,        1.47,
 139.333694,   35.570721,        1.25,
 139.338198,   35.570721,        1.04,
 139.342703,   35.570721,        0.83,
 139.347207,   35.570721,        0.63,
 139.351712,   35.570721,        0.43,
 139.356216,   35.570721,        0.24,
 139.360721,   35.570721,        0.06,
 139.365225,   35.570721,       -0.12,
 139.369730,   35.570721,       -0.30,
 139.374234,   35.570721,       -0.47,
 139.378739,   35.570721,       -0.63,
 139.383243,   35.570721,       -0.79,
 139.387748,   35.570721,       -0.95,
 139.392252,   35.570721,       -1.10,
 139.396757,   35.570721,       -1.24,
 139.401261,   35.570721,       -1.38,
 139.405766,   35.570721,       -1.51,
 139.410270,   35.570721,       -1.64,
 139.414775,   35.570721,       -1.77,
 139.419279,   35.570721,       -1.88,
 139.423784,   35.570721,       -2.00,
 139.428288,   35.570721,       -2.10,
 139.432793,   35.570721,       -2.21,
 139.437297,   35.570721,       -2.30,
 139.441802,   35.570721,       -2.39,
 139.446306,   35.570721,       -2.48,
 139.450811,   35.570721,       -2.56,
 139.455315,   35.570721,       -2.64,
 139.459820,   35.570721,       -2.71,
 139.464324,   35.570721,       -2.77,
 139.468829,   35.570721,       -2.83,
 139.473333,   35.570721,       -2.89,
 139.477838,   35.570721,       -2.94,
 139.482342,   35.570721,       -2.98,
 139.486847,   35.570721,       -3.02,
 139.491351,   35.570721,       -3.06,
 139.495856,   35.570721,       -3.08,
 139.500360,   35.570721,       -3.11,
 139.504865,   35.570721,       -3.13,
 139.509369,   35.570721,       -3.14,
 139.513874,   35.570721,       -3.15,
 139.518378,   35.570721,       -3.15,
 139.522883,   35.570721,       -3.15,
 139.527387,   35.570721,       -3.14,
 139.531892,   35.570721,       -3.13,
 139.536396,   35.570721,       -3.11,
 139.540901,   35.570721,       -3.08,
 139.545405,   35.570721,       -3.06,
 139.549910,   35.570721,       -3.02,
 139.554414,   35.570721,       -2.98,
 139.558919,   35.570721,       -2.94,
 139.563423,   35.570721,       -2.89,
 139.567928,   35.570721,       -2.83,
 139.572432,   35.570721,       -2.77,
 139.576937,   35.570721,       -2.71,
 139.581441,   35.570721,       -2.64,
 139.585946,   35.570721,       -2.56,
 139.590450,   35.570721,       -2.48,
 139.594955,   35.570721,       -2.39,
 139.599459,   35.570721,       -2.30,
 139.603964,   35.570721,       -2.20,
 139.608468,   35.570721,       -2.10,
 139.612973,   35.570721,       -1.99,
 139.617477,   35.570721,       -1.88,
 139.621982,   35.570721,       -1.76,
 139.626486,   35.570721,       -1.64,
 139.630991,   35.570721,       -1.51,
 139.635495,   35.570721,       -1.38,
 139.640000,   35.570721,       -1.24,
 139.644505,   35.570721,       -1.65,
 139.649009,   35.570721,       -1.68,
 139.653514,   35.570721,       -1.54,
 139.658018,   35.570721,       -1.40,
 139.662523,   35.570721,       -1.25,
 139.667027,   35.570721,       -1.10,
 139.671532,   35.570721,       -0.94,
 139.676036,   35.570721,       -0.78,
 139.680541,   35.570721,         NaN,
 139.685045,   35.570721,         NaN,
 139.689550,   35.570721,         NaN,
 139.694054,   35.570721,         NaN,
 139.698559,   35.570721,         NaN,
 139.703063,   35.570721,         NaN,
 139.707568,   35.570721,         NaN,
 139.712072,   35.570721,         NaN,
 139.716577,   35.570721,         NaN,
 139.721081,   35.570721,         NaN,
 139.725586,   35.570721,         NaN,
 139.730090,   35.570721,         NaN,
 139.734595,   35.570721,         NaN,
 139.739099,   35.570721,         NaN,
 139.743604,   35.570721,       -2.89,
 139.748108,   35.570721,       -2.79,
 139.752613,   35.570721,       -2.03,
 139.757117,   35.570721,       -1.29,
 139.761622,   35.570721,       -0.53,
 139.766126,   35.570721,        0.38,
 139.770631,   35.570721,        1.13,
 139.775135,   35.570721,        1.20,
 139.779640,   35.570721,        0.91,
 139.784144,   35.570721,        0.48,
 139.788649,   35.570721,       -0.04,
 139.793153,   35.570721,       -0.32,
 139.797658,   35.570721,       -0.54,
 139.802162,   35.570721,       -0.70,
 139.806667,   35.570721,       -0.86,
 139.811171,   35.570721,       -1.02,
 139.815676,   35.570721,       -1.15,
 139.820180,   35.570721,         NaN,
 139.824685,   35.570721,         NaN,
 139.829189,   35.570721,       -1.44,
 139.833694,   35.570721,       -1.49,
 139.838198,   35.570721,       -1.53,
 139.842703,   35.570721,       -1.51,
 139.847207,   35.570721,       -1.45,
 139.851712,   35.570721,       -1.37,
 139.856216,   35.570721,       -1.38,
 139.860721,   35.570721,       -1.41,
 139.865225,   35.570721,       -1.43,
 139.869730,   35.570721,       -1.36,
 139.874234,   35.570721,       -1.21,
 139.878739,   35.570721,       -1.08,
 139.883243,   35.570721,       -0.97,
 139.887748,   35.570721,       -0.85,
 139.892252,   35.570721,       -0.74,
 139.896757,   35.570721,       -0.67,
 139.901261,   35.570721,       -0.60,
 139.905766,   35.570721,       -0.53,
 139.910270,   35.570721,       -0.45,
 139.914775,   35.570721,       -0.38,
 139.919279,   35.570721,       -0.30,
 139.923784,   35.570721,       -0.22,
 139.928288,   35.570721,       -0.15,
 139.932793,   35.570721,       -0.06,
 139.937297,   35.570721,        0.02,
 139.941802,   35.570721,        0.09,
 139.946306,   35.570721,        0.13,
 139.950811,   35.570721,        0.15,
 139.955315,   35.570721,        0.18,
 139.959820,   35.570721,        0.21,
 139.964324,   35.570721,        0.20,
 139.968829,   35.570721,        0.17,
 139.973333,   35.570721,        0.15,
 139.977838,   35.570721,        0.13,
 139.982342,   35.570721,        0.13,
 139.986847,   35.570721,        0.17,
 139.991351,   35.570721,        0.21,
 139.995856,   35.570721,        0.24,
 140.000360,   35.570721,        0.31,
 140.004865,   35.570721,        0.41,
 140.009369,   35.570721,        0.53,
 140.013874,   35.570721,        0.65,
 140.018378,   35.570721,        0.77,
 140.022883,   35.570721,        0.92,
 140.027387,   35.570721,        1.08,
 140.031892,   35.570721,        1.23,
 140.036396,   35.570721,        1.39,
 140.040901,   35.570721,        1.56,
 140.045405,   35.570721,        1.71,
 140.049910,   35.570721,        1.82,
 140.054414,   35.570721,        1.92,
 140.058919,   35.570721,        2.00,
 140.063423,   35.570721,        2.06,
 140.067928,   35.570721,        2.12,
 140.072432,   35.570721,        2.14,
 140.076937,   35.570721,        2.18,
 140.081441,   35.570721,        2.28,
 140.085946,   35.570721,        2.39,
 140.090450,   35.570721,        2.49,
 140.094955,   35.570721,        2.54,
 140.099459,   35.570721,        2.54,
 140.103964,   35.570721,        2.38,
 140.108468,   35.570721,        2.25,
 140.112973,   35.570721,        2.61,
 140.117477,   35.570721,        2.63,
 140.121982,   35.570721,        2.64,
 140.126486,   35.570721,        2.64,
 140.130991,   35.570721,        2.65,
 140.135495,   35.570721,        2.65,
 140.140000,   35.570721,        2.66,
 140.144505,   35.570721,        2.66,
 140.149009,   35.570721,        2.66,
 140.153514,   35.570721,        2.66,
 140.158018,   35.570721,        2.66,
 140.162523,   35.570721,        2.66,
 140.167027,   35.570721,        2.66,
 140.171532,   35.570721,        2.66,
 140.176036,   35.570721,        2.65,
 140.180541,   35.570721,        2.65,
 140.185045,   35.570721,        2.64,
 140.189550,   35.570721,        2.64,
 140.194054,   35.570721,        2.63,
 140.198559,   35.570721,        2.62,
 140.203063,   35.570721,        2.61,
 140.207568,   35.570721,        2.60,
 140.212072,   35.570721,        2.58,
 140.216577,   35.570721,        2.57,
 140.221081,   35.570721,        2.55,
 140.225586,   35.570721,        2.54,
 140.230090,   35.570721,        2.52,
 140.234595,   35.570721,        2.50,
 140.239099,   35.570721,        2.48,
 140.243604,   35.570721,        2.46,
 140.248108,   35.570721,        2.44,
 140.252613,   35.570721,        2.42,
 140.257117,   35.570721,        2.40,
 140.261622,   35.570721,        2.37,
 140.266126,   35.570721,        2.35,
 140.270631,   35.570721,        2.32,
 140.275135,   35.570721,        2.29,
 140.279640,   35.570721,        2.26,
 140.284144,   35.570721,        2.23,
 140.288649,   35.570721,        2.20,
 140.293153,   35.570721,        2.17,
 140.297658,   35.570721,        2.14,
 140.302162,   35.570721,        2.10,
 140.306667,   35.570721,        2.07,
 140.311171,   35.570721,        2.03,
 140.315676,   35.570721,        2.00,
 140.320180,   35.570721,        1.96,
 140.324685,   35.570721,        1.92,
 140.329189,   35.570721,        1.88,
 140.333694,   35.570721,        1.84,
 140.338198,   35.570721,        1.79,
 140.342703,   35.570721,        1.75,
 140.347207,   35.570721,        1.70,
 140.351712,   35.570721,        1.66,
 140.356216,   35.570721,        1.61,
 140.360721,   35.570721,        1.56,
 140.365225,   35.570721,        1.52,
 140.369730,   35.570721,        1.47,
 140.374234,   35.570721,        1.41,
 140.378739,   35.570721,        1.36,
 140.383243,   35.570721,        1.31,
 140.387748,   35.570721,        1.25,
 139.140000,   35.575225,       15.43,
 139.144505,   35.575225,       14.99,
 139.149009,   35.575225,       14.55,
 139.153514,   35.575225,       14.12,
 139.158018,   35.575225,       13.70,
 139.162523,   35.575225,       13.28,
 139.167027,   35.575225,       12.87,
 139.171532,   35.575225,       12.46,
 139.176036,   35.575225,       12.06,
 139.180541,   35.575225,       11.66,
 139.185045,   35.575225,       11.27,
 139.189550,   35.575225,       10.88,
 139.194054,   35.575225,       10.50,
 139.198559,   35.575225,       10.12,
 139.203063,   35.575225,        9.75,
 139.207568,   35.575225,        9.38,
 139.212072,   35.575225,        9.02,
 139.216577,   35.575225,        8.67,
 139.221081,   35.575225,        8.32,
 139.225586,   35.575225,        7.97,
 139.230090,   35.575225,        7.63,
 139.234595,   35.575225,        7.30,
 139.239099,   35.575225,        6.97,
 139.243604,   35.575225,        6.64,
 139.248108,   35.575225,        6.32,
 139.252613,   35.575225,        6.01,
 139.257117,   35.575225,        5.70,
 139.261622,   35.575225,        5.40,
 139.266126,   35.575225,        5.10,
 139.270631,   35.575225,        4.81,
 139.275135,   35.575225,        4.52,
 139.279640,   35.575225,        4.24,
 139.284144,   35.575225,        3.96,
 139.288649,   35.575225,        3.69,
 139.293153,   35.575225,        3.42,
 139.297658,   35.575225,        3.16,
 139.302162,   35.575225,        2.90,
 139.306667,   35.575225,        2.65,
 139.311171,   35.575225,        2.41,
 139.315676,   35.575225,        2.17,
 139.320180,   35.575225,        1.93,
 139.324685,   35.575225,        1.70,
 139.329189,   35.575225,        1.48,
 139.333694,   35.575225,        1.26,
 139.338198,   35.575225,        1.04,
 139.342703,   35.575225,        0.83,
 139.347207,   35.575225,        0.63,
 139.351712,   35.575225,        0.43,
 139.356216,   35.575225,        0.24,
 139.360721,   35.575225,        0.05,
 139.365225,   35.575225,       -0.13,
 139.369730,   35.575225,       -0.31,
 139.374234,   35.575225,       -0.48,
 139.378739,   35.575225,       -0.65,
 139.383243,   35.575225,       -0.81,
 139.387748,   35.575225,       -0.97,
 139.392252,   35.575225,       -1.12,
 139.396757,   35.575225,       -1.27,
 139.401261,   35.575225,       -1.41,
 139.405766,   35.575225,       -1.54,
 139.410270,   35.575225,       -1.67,
 139.414775,   35.575225,       -1.80,
 139.419279,   35.575225,       -1.92,
 139.423784,   35.575225,       -2.03,
 139.428288,   35.575225,       -2.14,
 139.432793,   35.575225,       -2.25,
 139.437297,   35.575225,       -2.35,
 139.441802,   35.575225,       -2.44,
 139.446306,   35.575225,       -2.53,
 139.450811,   35.575225,       -2.61,
 139.455315,   35.575225,       -2.69,
 139.459820,   35.575225,       -2.76,
 139.464324,   35.575225,       -2.83,
 139.468829,   35.575225,       -2.89,
 139.473333,   35.575225,       -2.95,
 139.477838,   35.575225,       -3.00,
 139.482342,   35.575225,       -3.05,
 139.486847,   35.575225,       -3.09,
 139.491351,   35.575225,       -3.13,
 139.495856,   35.575225,       -3.16,
 139.500360,   35.575225,       -3.18,
 139.504865,   35.575225,       -3.21,
 139.509369,   35.575225,       -3.22,
 139.513874,   35.575225,       -3.23,
 139.518378,   35.575225,       -3.24,
 139.522883,   35.575225,       -3.24,
 139.527387,   35.575225,       -3.23,
 139.531892,   35.575225,       -3.22,
 139.536396,   35.575225,       -3.20,
 139.540901,   35.575225,       -3.18,
 139.545405,   35.575225,       -3.15,
 139.549910,   35.575225,       -3.12,
 139.554414,   35.575225,       -3.09,
 139.558919,   35.575225,       -3.04,
 139.563423,   35.575225,       -3.00,
 139.567928,   35.575225,       -2.94,
 139.572432,   35.575225,       -2.88,
 139.576937,   35.575225,       -2.82,
 139.581441,   35.575225,       -2.75,
 139.585946,   35.575225,       -2.68,
 139.590450,   35.575225,       -2.60,
 139.594955,   35.575225,       -2.52,
 139.599459,   35.575225,       -2.43,
 139.603964,   35.575225,       -2.33,
 139.608468,   35.575225,       -2.23,
 139.612973,   35.575225,       -2.13,
 139.617477,   35.575225,       -2.02,
 139.621982,   35.575225,       -1.90,
 139.626486,   35.575225,       -1.78,
 139.630991,   35.575225,       -1.65,
 139.635495,   35.575225,       -1.52,
 139.640000,   35.575225,       -1.39,
 139.644505,   35.575225,       -1.24,
 139.649009,   35.575225,       -1.40,
 139.653514,   35.575225,       -1.63,
 139.658018,   35.575225,       -1.50,
 139.662523,   35.575225,       -1.36,
 139.667027,   35.575225,       -1.21,
 139.671532,   35.575225,       -1.06,
 139.676036,   35.575225,       -0.91,
 139.680541,   35.575225,       -0.75,
 139.685045,   35.575225,       -0.59,
 139.689550,   35.575225,         NaN,
 139.694054,   35.575225,         NaN,
 139.698559,   35.575225,         NaN,
 139.703063,   35.575225,         NaN,
 139.707568,   35.575225,         NaN,
 139.712072,   35.575225,         NaN,
 139.716577,   35.575225,         NaN,
 139.721081,   35.575225,         NaN,
 139.725586,   35.575225,         NaN,
 139.730090,   35.575225,         NaN,
 139.734595,   35.575225,       -1.59,
 139.739099,   35.575225,       -2.08,
 139.743604,   35.575225,       -2.61,
 139.748108,   35.575225,       -2.53,
 139.752613,   35.575225,       -1.75,
 139.757117,   35.575225,       -1.00,
 139.761622,   35.575225,       -0.30,
 139.766126,   35.575225,        0.38,
 139.770631,   35.575225,        1.00,
 139.775135,   35.575225,        1.15,
 139.779640,   35.575225,        1.06,
 139.784144,   35.575225,        0.51,
 139.788649,   35.575225,       -0.04,
 139.793153,   35.575225,       -0.21,
 139.797658,   35.575225,       -0.41,
 139.802162,   35.575225,       -0.67,
 139.806667,   35.575225,       -0.94,
 139.811171,   35.575225,         NaN,
 139.815676,   35.575225,         NaN,
 139.820180,   35.575225,         NaN,
 139.824685,   35.575225,         NaN,
 139.829189,   35.575225,         NaN,
 139.833694,   35.575225,         NaN,
 139.838198,   35.575225,         NaN,
 139.842703,   35.575225,       -1.68,
 139.847207,   35.575225,       -1.55,
 139.851712,   35.575225,       -1.42,
 139.856216,   35.575225,       -1.42,
 139.860721,   35.575225,       -1.44,
 139.865225,   35.575225,       -1.46,
 139.869730,   35.575225,       -1.33,
 139.874234,   35.575225,       -1.18,
 139.878739,   35.575225,       -1.03,
 139.883243,   35.575225,       -0.86,
 139.887748,   35.575225,       -0.73,
 139.892252,   35.575225,       -0.62,
 139.896757,   35.575225,       -0.51,
 139.901261,   35.575225,       -0.43,
 139.905766,   35.575225,       -0.35,
 139.910270,   35.575225,       -0.27,
 139.914775,   35.575225,       -0.19,
 139.919279,   35.575225,       -0.11,
 139.923784,   35.575225,       -0.03,
 139.928288,   35.575225,        0.05,
 139.932793,   35.575225,        0.13,
 139.937297,   35.575225,        0.21,
 139.941802,   35.575225,        0.29,
 139.946306,   35.575225,        0.31,
 139.950811,   35.575225,        0.33,
 139.955315,   35.575225,        0.36,
 139.959820,   35.575225,        0.36,
 139.964324,   35.575225,        0.33,
 139.968829,   35.575225,        0.31,
 139.973333,   35.575225,        0.28,
 139.977838,   35.575225,        0.26,
 139.982342,   35.575225,        0.25,
 139.986847,   35.575225,        0.28,
 139.991351,   35.575225,        0.32,
 139.995856,   35.575225,        0.35,
 140.000360,   35.575225,        0.40,
 140.004865,   35.575225,        0.49,
 140.009369,   35.575225,        0.61,
 140.013874,   35.575225,        0.72,
 140.018378,   35.575225,        0.84,
 140.022883,   35.575225,        0.97,
 140.027387,   35.575225,        1.12,
 140.031892,   35.575225,        1.26,
 140.036396,   35.575225,        1.40,
 140.040901,   35.575225,        1.56,
 140.045405,   35.575225,        1.69,
 140.049910,   35.575225,        1.81,
 140.054414,   35.575225,        1.91,
 140.058919,   35.575225,        2.00,
 140.063423,   35.575225,        2.08,
 140.067928,   35.575225,        2.13,
 140.072432,   35.575225,        2.20,
 140.076937,   35.575225,        2.24,
 140.081441,   35.575225,        2.37,
 140.085946,   35.575225,        2.49,
 140.090450,   35.575225,        2.61,
 140.094955,   35.575225,        2.67,
 140.099459,   35.575225,        2.66,
 140.103964,   35.575225,        2.54,
 140.108468,   35.575225,        2.32,
 140.112973,   35.575225,        2.85,
 140.117477,   35.575225,        2.87,
 140.121982,   35.575225,        2.88,
 140.126486,   35.575225,        2.89,
 140.130991,   35.575225,        2.90,
 140.135495,   35.575225,        2.90,
 140.140000,   35.575225,        2.91,
 140.144505,   35.575225,        2.91,
 140.149009,   35.575225,        2.91,
 140.153514,   35.575225,        2.92,
 140.158018,   35.575225,        2.92,
 140.162523,   35.575225,        2.92,
 140.167027,   35.575225,        2.91,
 140.171532,   35.575225,        2.91,
 140.176036,   35.575225,        2.91,
 140.180541,   35.575225,        2.90,
 140.185045,   35.575225,        2.90,
 140.189550,   35.575225,        2.89,
 140.194054,   35.575225,        2.88,
 140.198559,   35.575225,        2.87,
 140.203063,   35.575225,        2.86,
 140.207568,   35.575225,        2.85,
 140.212072,   35.575225,        2.84,
 140.216577,   35.575225,        2.83,
 140.221081,   35.575225,        2.81,
 140.225586,   35.575225,        2.80,
 140.230090,   35.575225,        2.78,
 140.234595,   35.575225,        2.76,
 140.239099,   35.575225,        2.74,
 140.243604,   35.575225,        2.72,
 140.248108,   35.575225,        2.70,
 140.252613,   35.575225,        2.68,
 140.257117,   35.575225,        2.66,
 140.261622,   35.575225,        2.63,
 140.266126,   35.575225,        2.61,
 140.270631,   35.575225,        2.58,
 140.275135,   35.575225,        2.56,
 140.279640,   35.575225,        2.53,
 140.284144,   35.575225,        2.50,
 140.288649,   35.575225,        2.47,
 140.293153,   35.575225,        2.44,
 140.297658,   35.575225,        2.40,
 140.302162,   35.575225,        2.37,
 140.306667,   35.575225,        2.33,
 140.311171,   35.575225,        2.30,
 140.315676,   35.575225,        2.26,
 140.320180,   35.575225,        2.22,
 140.324685,   35.575225,        2.18,
 140.329189,   35.575225,        2.14,
 140.333694,   35.575225,        2.10,
 140.338198,   35.575225,        2.06,
 140.342703,   35.575225,        2.02,
 140.347207,   35.575225,        1.97,
 140.351712,   35.575225,        1.93,
 140.356216,   35.575225,        1.88,
 140.360721,   35.575225,        1.83,
 140.365225,   35.575225,        1.79,
 140.369730,   35.575225,        1.74,
 140.374234,   35.575225,        1.69,
 140.378739,   35.575225,        1.63,
 140.383243,   35.575225,        1.58,
 140.387748,   35.575225,        1.53,
 139.140000,   35.579730,       15.52,
 139.144505,   35.579730,       15.08,
 139.149009,   35.579730,       14.64,
 139.153514,   35.579730,       14.21,
 139.158018,   35.579730,       13.79,
 139.162523,   35.579730,       13.36,
 139.167027,   35.579730,       12.95,
 139.171532,   35.579730,       12.54,
 139.176036,   35.579730,       12.13,
 139.180541,   35.579730,       11.73,
 139.185045,   35.579730,       11.34,
 139.189550,   35.579730,       10.95,
 139.194054,   35.579730,       10.57,
 139.198559,   35.579730,       10.19,
 139.203063,   35.579730,        9.81,
 139.207568,   35.579730,        9.44,
 139.212072,   35.579730,        9.08,
 139.216577,   35.579730,        8.72,
 139.221081,   35.579730,        8.37,
 139.225586,   35.579730,        8.02,
 139.230090,   35.579730,        7.68,
 139.234595,   35.579730,        7.34,
 139.239099,   35.579730,        7.01,
 139.243604,   35.579730,        6.69,
 139.248108,   35.579730,        6.36,
 139.252613,   35.579730,        6.05,
 139.257117,   35.579730,        5.74,
 139.261622,   35.579730,        5.43,
 139.266126,   35.579730,        5.13,
 139.270631,   35.579730,        4.84,
 139.275135,   35.579730,        4.55,
 139.279640,   35.579730,        4.26,
 139.284144,   35.579730,        3.98,
 139.288649,   35.579730,        3.71,
 139.293153,   35.579730,        3.44,
 139.297658,   35.579730,        3.18,
 139.302162,   35.579730,        2.92,
 139.306667,   35.579730,        2.67,
 139.311171,   35.579730,        2.42,
 139.315676,   35.579730,        2.17,
 139.320180,   35.579730,        1.94,
 139.324685,   35.579730,        1.70,
 139.329189,   35.579730,        1.48,
 139.333694,   35.579730,        1.26,
 139.338198,   35.579730,        1.04,
 139.342703,   35.579730,        0.83,
 139.347207,   35.579730,        0.62,
 139.351712,   35.579730,        0.42,
 139.356216,   35.579730,        0.23,
 139.360721,   35.579730,        0.04,
 139.365225,   35.579730,       -0.15,
 139.369730,   35.579730,       -0.33,
 139.374234,   35.579730,       -0.50,
 139.378739,   35.579730,       -0.67,
 139.383243,   35.579730,       -0.84,
 139.387748,   35.579730,       -1.00,
 139.392252,   35.579730,       -1.15,
 139.396757,   35.579730,       -1.30,
 139.401261,   35.579730,       -1.44,
 139.405766,   35.579730,       -1.58,
 139.410270,   35.579730,       -1.71,
 139.414775,   35.579730,       -1.84,
 139.419279,   35.579730,       -1.96,
 139.423784,   35.579730,       -2.08,
 139.428288,   35.579730,       -2.19,
 139.432793,   35.579730,       -2.30,
 139.437297,   35.579730,       -2.40,
 139.441802,   35.579730,       -2.49,
 139.446306,   35.579730,       -2.59,
 139.450811,   35.579730,       -2.67,
 139.455315,   35.579730,       -2.75,
 139.459820,   35.579730,       -2.83,
 139.464324,   35.579730,       -2.90,
 139.468829,   35.579730,       -2.96,
 139.473333,   35.579730,       -3.02,
 139.477838,   35.579730,       -3.07,
 139.482342,   35.579730,       -3.12,
 139.486847,   35.579730,       -3.17,
 139.491351,   35.579730,       -3.21,
 139.495856,   35.579730,       -3.24,
 139.500360,   35.579730,       -3.27,
 139.504865,   35.579730,       -3.29,
 139.509369,   35.579730,       -3.31,
 139.513874,   35.579730,       -3.32,
 139.518378,   35.579730,       -3.33,
 139.522883,   35.579730,       -3.33,
 139.527387,   35.579730,       -3.32,
 139.531892,   35.579730,       -3.32,
 139.536396,   35.579730,       -3.30,
 139.540901,   35.579730,       -3.28,
 139.545405,   35.579730,       -3.26,
 139.549910,   35.579730,       -3.23,
 139.554414,   35.579730,       -3.19,
 139.558919,   35.579730,       -3.15,
 139.563423,   35.579730,       -3.11,
 139.567928,   35.579730,       -3.06,
 139.572432,   35.579730,       -3.00,
 139.576937,   35.579730,       -2.94,
 139.581441,   35.579730,       -2.87,
 139.585946,   35.579730,       -2.80,
 139.590450,   35.579730,       -2.73,
 139.594955,   35.579730,       -2.64,
 139.599459,   35.579730,       -2.56,
 139.603964,   35.579730,       -2.46,
 139.608468,   35.579730,       -2.37,
 139.612973,   35.579730,       -2.26,
 139.617477,   35.579730,       -2.16,
 139.621982,   35.579730,       -2.04,
 139.626486,   35.579730,       -1.92,
 139.630991,   35.579730,       -1.80,
 139.635495,   35.579730,       -1.67,
 139.640000,   35.579730,       -1.54,
 139.644505,   35.579730,       -1.40,
 139.649009,   35.579730,       -1.25,
 139.653514,   35.579730,       -1.10,
 139.658018,   35.579730,       -1.48,
 139.662523,   35.579730,       -1.46,
 139.667027,   35.579730,       -1.32,
 139.671532,   35.579730,       -1.17,
 139.676036,   35.579730,       -1.03,
 139.680541,   35.579730,       -0.88,
 139.685045,   35.579730,       -0.72,
 139.689550,   35.579730,       -0.56,
 139.694054,   35.579730,       -0.40,
 139.698559,   35.579730,         NaN,
 139.703063,   35.579730,         NaN,
 139.707568,   35.579730,         NaN,
 139.712072,   35.579730,         NaN,
 139.716577,   35.579730,         NaN,
 139.721081,   35.579730,       -0.24,
 139.725586,   35.579730,       -0.57,
 139.730090,   35.579730,       -0.92,
 139.734595,   35.579730,       -1.34,
 139.739099,   35.579730,       -1.80,
 139.743604,   35.579730,       -2.22,
 139.748108,   35.579730,       -2.42,
 139.752613,   35.579730,       -1.49,
 139.757117,   35.579730,       -0.72,
 139.761622,   35.579730,       -0.03,
 139.766126,   35.579730,        0.43,
 139.770631,   35.579730,        0.83,
 139.775135,   35.579730,        1.24,
 139.779640,   35.579730,        1.08,
 139.784144,   35.579730,        0.59,
 139.788649,   35.579730,        0.19,
 139.793153,   35.579730,       -0.21,
 139.797658,   35.579730,       -0.59,
 139.802162,   35.579730,         NaN,
 139.806667,   35.579730,         NaN,
 139.811171,   35.579730,         NaN,
 139.815676,   35.579730,         NaN,
 139.820180,   35.579730,         NaN,
 139.824685,   35.579730,         NaN,
 139.829189,   35.579730,         NaN,
 139.833694,   35.579730,         NaN,
 139.838198,   35.579730,         NaN,
 139.842703,   35.579730,         NaN,
 139.847207,   35.579730,       -1.66,
 139.851712,   35.579730,       -1.46,
 139.856216,   35.579730,       -1.45,
 139.860721,   35.579730,       -1.48,
 139.865225,   35.579730,       -1.45,
 139.869730,   35.579730,       -1.32,
 139.874234,   35.579730,       -1.17,
 139.878739,   35.579730,       -0.98,
 139.883243,   35.579730,       -0.75,
 139.887748,   35.579730,       -0.59,
 139.892252,   35.579730,       -0.46,
 139.896757,   35.579730,       -0.33,
 139.901261,   35.579730,       -0.23,
 139.905766,   35.579730,       -0.16,
 139.910270,   35.579730,       -0.08,
 139.914775,   35.579730,        0.01,
 139.919279,   35.579730,        0.09,
 139.923784,   35.579730,        0.17,
 139.928288,   35.579730,        0.25,
 139.932793,   35.579730,        0.32,
 139.937297,   35.579730,        0.40,
 139.941802,   35.579730,        0.46,
 139.946306,   35.579730,        0.49,
 139.950811,   35.579730,        0.51,
 139.955315,   35.579730,        0.52,
 139.959820,   35.579730,        0.50,
 139.964324,   35.579730,        0.47,
 139.968829,   35.579730,        0.44,
 139.973333,   35.579730,        0.42,
 139.977838,   35.579730,        0.39,
 139.982342,   35.579730,        0.38,
 139.986847,   35.579730,        0.39,
 139.991351,   35.579730,        0.42,
 139.995856,   35.579730,        0.46,
 140.000360,   35.579730,        0.50,
 140.004865,   35.579730,        0.57,
 140.009369,   35.579730,        0.69,
 140.013874,   35.579730,        0.80,
 140.018378,   35.579730,        0.90,
 140.022883,   35.579730,        1.02,
 140.027387,   35.579730,        1.15,
 140.031892,   35.579730,        1.28,
 140.036396,   35.579730,        1.41,
 140.040901,   35.579730,        1.54,
 140.045405,   35.579730,        1.65,
 140.049910,   35.579730,        1.77,
 140.054414,   35.579730,        1.88,
 140.058919,   35.579730,        1.98,
 140.063423,   35.579730,        2.06,
 140.067928,   35.579730,        2.13,
 140.072432,   35.579730,        2.21,
 140.076937,   35.579730,        2.31,
 140.081441,   35.579730,        2.44,
 140.085946,   35.579730,        2.57,
 140.090450,   35.579730,        2.74,
 140.094955,   35.579730,        2.83,
 140.099459,   35.579730,        2.86,
 140.103964,   35.579730,        2.79,
 140.108468,   35.579730,        2.64,
 140.112973,   35.579730,        3.10,
 140.117477,   35.579730,        3.12,
 140.121982,   35.579730,        3.13,
 140.126486,   35.579730,        3.14,
 140.130991,   35.579730,        3.15,
 140.135495,   35.579730,        3.15,
 140.140000,   35.579730,        3.16,
 140.144505,   35.579730,        3.16,
 140.149009,   35.579730,        3.17,
 140.153514,   35.579730,        3.17,
 140.158018,   35.579730,        3.17,
 140.162523,   35.579730,        3.17,
 140.167027,   35.579730,        3.17,
 140.171532,   35.579730,        3.16,
 140.176036,   35.579730,        3.16,
 140.180541,   35.579730,        3.16,
 140.185045,   35.579730,        3.15,
 140.189550,   35.579730,        3.15,
 140.194054,   35.579730,        3.14,
 140.198559,   35.579730,        3.13,
 140.203063,   35.579730,        3.12,
 140.207568,   35.579730,        3.11,
 140.212072,   35.579730,        3.10,
 140.216577,   35.579730,        3.08,
 140.221081,   35.579730,        3.07,
 140.225586,   35.579730,        3.05,
 140.230090,   35.579730,        3.04,
 140.234595,   35.579730,        3.02,
 140.239099,   35.579730,        3.00,
 140.243604,   35.579730,        2.98,
 140.248108,   35.579730,        2.96,
 140.252613,   35.579730,        2.94,
 140.257117,   35.579730,        2.92,
 140.261622,   35.579730,        2.90,
 140.266126,   35.579730,        2.87,
 140.270631,   35.579730,        2.85,
 140.275135,   35.579730,        2.82,
 140.279640,   35.579730,        2.79,
 140.284144,   35.579730,        2.76,
 140.288649,   35.579730,        2.73,
 140.293153,   35.579730,        2.70,
 140.297658,   35.579730,        2.67,
 140.302162,   35.579730,        2.64,
 140.306667,   35.579730,        2.60,
 140.311171,   35.579730,        2.57,
 140.315676,   35.579730,        2.53,
 140.320180,   35.579730,        2.49,
 140.324685,   35.579730,        2.45,
 140.329189,   35.579730,        2.41,
 140.333694,   35.579730,        2.37,
 140.338198,   35.579730,        2.33,
 140.342703,   35.579730,        2.29,
 140.347207,   35.579730,        2.24,
 140.351712,   35.579730,        2.20,
 140.356216,   35.579730,        2.15,
 140.360721,   35.579730,        2.11,
 140.365225,   35.579730,        2.06,
 140.369730,   35.579730,        2.01,
 140.374234,   35.579730,        1.96,
 140.378739,   35.579730,        1.91,
 140.383243,   35.579730,        1.85,
 140.387748,   35.579730,        1.80,
 139.140000,   35.584234,       15.61,
 139.144505,   35.584234,       15.17,
 139.149009,   35.584234,       14.73,
 139.153514,   35.584234,       14.29,
 139.158018,   35.584234,       13.87,
 139.162523,   35.584234,       13.44,
 139.167027,   35.584234,       13.03,
 139.171532,   35.584234,       12.61,
 139.176036,   35.584234,       12.21,
 139.180541,   35.584234,       11.80,
 139.185045,   35.584234,       11.41,
 139.189550,   35.584234,       11.02,
 139.194054,   35.584234,       10.63,
 139.198559,   35.584234,       10.25,
 139.203063,   35.584234,        9.87,
 139.207568,   35.584234,        9.50,
 139.212072,   35.584234,        9.14,
 139.216577,   35.584234,        8.78,
 139.221081,   35.584234,        8.42,
 139.225586,   35.584234,        8.07,
 139.230090,   35.584234,        7.73,
 139.234595,   35.584234,        7.39,
 139.239099,   35.584234,        7.05,
 139.243604,   35.584234,        6.72,
 139.248108,   35.584234,        6.40,
 139.252613,   35.584234,        6.08,
 139.257117,   35.584234,        5.77,
 139.261622,   35.584234,        5.46,
 139.266126,   35.584234,        5.16,
 139.270631,   35.584234,        4.86,
 139.275135,   35.584234,        4.57,
 139.279640,   35.584234,        4.28,
 139.284144,   35.584234,        4.00,
 139.288649,   35.584234,        3.73,
 139.293153,   35.584234,        3.45,
 139.297658,   35.584234,        3.19,
 139.302162,   35.584234,        2.93,
 139.306667,   35.584234,        2.67,
 139.311171,   35.584234,        2.42,
 139.315676,   35.584234,        2.18,
 139.320180,   35.584234,        1.94,
 139.324685,   35.584234,        1.70,
 139.329189,   35.584234,        1.47,
 139.333694,   35.584234,        1.25,
 139.338198,   35.584234,        1.03,
 139.342703,   35.584234,        0.82,
 139.347207,   35.584234,        0.61,
 139.351712,   35.584234,        0.41,
 139.356216,   35.584234,        0.21,
 139.360721,   35.584234,        0.02,
 139.365225,   35.584234,       -0.17,
 139.369730,   35.584234,       -0.35,
 139.374234,   35.584234,       -0.53,
 139.378739,   35.584234,       -0.70,
 139.383243,   35.584234,       -0.87,
 139.387748,   35.584234,       -1.03,
 139.392252,   35.584234,       -1.18,
 139.396757,   35.584234,       -1.34,
 139.401261,   35.584234,       -1.48,
 139.405766,   35.584234,       -1.62,
 139.410270,   35.584234,       -1.76,
 139.414775,   35.584234,       -1.89,
 139.419279,   35.584234,       -2.01,
 139.423784,   35.584234,       -2.13,
 139.428288,   35.584234,       -2.24,
 139.432793,   35.584234,       -2.35,
 139.437297,   35.584234,       -2.46,
 139.441802,   35.584234,       -2.55,
 139.446306,   35.584234,       -2.65,
 139.450811,   35.584234,       -2.73,
 139.455315,   35.584234,       -2.82,
 139.459820,   35.584234,       -2.89,
 139.464324,   35.584234,       -2.97,
 139.468829,   35.584234,       -3.03,
 139.473333,   35.584234,       -3.09,
 139.477838,   35.584234,       -3.15,
 139.482342,   35.584234,       -3.20,
 139.486847,   35.584234,       -3.25,
 139.491351,   35.584234,       -3.29,
 139.495856,   35.584234,       -3.32,
 139.500360,   35.584234,       -3.35,
 139.504865,   35.584234,       -3.38,
 139.509369,   35.584234,       -3.40,
 139.513874,   35.584234,       -3.41,
 139.518378,   35.584234,       -3.42,
 139.522883,   35.584234,       -3.43,
 139.527387,   35.584234,       -3.43,
 139.531892,   35.584234,       -3.42,
 139.536396,   35.584234,       -3.41,
 139.540901,   35.584234,       -3.39,
 139.545405,   35.584234,       -3.37,
 139.549910,   35.584234,       -3.34,
 139.554414,   35.584234,       -3.31,
 139.558919,   35.584234,       -3.27,
 139.563423,   35.584234,       -3.23,
 139.567928,   35.584234,       -3.18,
 139.572432,   35.584234,       -3.12,
 139.576937,   35.584234,       -3.07,
 139.581441,   35.584234,       -3.00,
 139.585946,   35.584234,       -2.93,
 139.590450,   35.584234,       -2.86,
 139.594955,   35.584234,       -2.78,
 139.599459,   35.584234,       -2.69,
 139.603964,   35.584234,       -2.60,
 139.608468,   35.584234,       -2.51,
 139.612973,   35.584234,       -2.41,
 139.617477,   35.584234,       -2.30,
 139.621982,   35.584234,       -2.19,
 139.626486,   35.584234,       -2.07,
 139.630991,   35.584234,       -1.95,
 139.635495,   35.584234,       -1.82,
 139.640000,   35.584234,       -1.69,
 139.644505,   35.584234,       -1.55,
 139.649009,   35.584234,       -1.41,
 139.653514,   35.584234,       -1.26,
 139.658018,   35.584234,       -1.11,
 139.662523,   35.584234,       -1.25,
 139.667027,   35.584234,       -1.42,
 139.671532,   35.584234,       -1.28,
 139.676036,   35.584234,       -1.14,
 139.680541,   35.584234,       -0.99,
 139.685045,   35.584234,       -0.84,
 139.689550,   35.584234,       -0.69,
 139.694054,   35.584234,       -0.54,
 139.698559,   35.584234,       -0.38,
 139.703063,   35.584234,       -0.23,
 139.707568,   35.584234,       -0.10,
 139.712072,   35.584234,        0.00,
 139.716577,   35.584234,        0.04,
 139.721081,   35.584234,       -0.06,
 139.725586,   35.584234,       -0.37,
 139.730090,   35.584234,       -0.71,
 139.734595,   35.584234,       -1.06,
 139.739099,   35.584234,       -1.47,
 139.743604,   35.584234,       -1.87,
 139.748108,   35.584234,       -2.15,
 139.752613,   35.584234,       -1.54,
 139.757117,   35.584234,       -0.92,
 139.761622,   35.584234,       -0.40,
 139.766126,   35.584234,       -0.05,
 139.770631,   35.584234,        0.22,
 139.775135,   35.584234,        0.61,
 139.779640,   35.584234,        0.54,
 139.784144,   35.584234,        0.22,
 139.788649,   35.584234,       -0.00,
 139.793153,   35.584234,       -0.52,
 139.797658,   35.584234,         NaN,
 139.802162,   35.584234,         NaN,
 139.806667,   35.584234,         NaN,
 139.811171,   35.584234,         NaN,
 139.815676,   35.584234,         NaN,
 139.820180,   35.584234,         NaN,
 139.824685,   35.584234,         NaN,
 139.829189,   35.584234,         NaN,
 139.833694,   35.584234,         NaN,
 139.838198,   35.584234,         NaN,
 139.842703,   35.584234,         NaN,
 139.847207,   35.584234,       -1.77,
 139.851712,   35.584234,       -1.45,
 139.856216,   35.584234,       -1.44,
 139.860721,   35.584234,       -1.50,
 139.865225,   35.584234,       -1.45,
 139.869730,   35.584234,       -1.31,
 139.874234,   35.584234,       -1.17,
 139.878739,   35.584234,       -0.91,
 139.883243,   35.584234,       -0.66,
 139.887748,   35.584234,       -0.43,
 139.892252,   35.584234,       -0.29,
 139.896757,   35.584234,       -0.15,
 139.901261,   35.584234,       -0.04,
 139.905766,   35.584234,        0.05,
 139.910270,   35.584234,        0.14,
 139.914775,   35.584234,        0.22,
 139.919279,   35.584234,        0.29,
 139.923784,   35.584234,        0.37,
 139.928288,   35.584234,        0.43,
 139.932793,   35.584234,        0.50,
 139.937297,   35.584234,        0.56,
 139.941802,   35.584234,        0.62,
 139.946306,   35.584234,        0.65,
 139.950811,   35.584234,        0.67,
 139.955315,   35.584234,        0.67,
 139.959820,   35.584234,        0.63,
 139.964324,   35.584234,        0.60,
 139.968829,   35.584234,        0.57,
 139.973333,   35.584234,        0.54,
 139.977838,   35.584234,        0.52,
 139.982342,   35.584234,        0.50,
 139.986847,   35.584234,        0.50,
 139.991351,   35.584234,        0.53,
 139.995856,   35.584234,        0.57,
 140.000360,   35.584234,        0.62,
 140.004865,   35.584234,        0.68,
 140.009369,   35.584234,        0.77,
 140.013874,   35.584234,        0.88,
 140.018378,   35.584234,        0.99,
 140.022883,   35.584234,        1.08,
 140.027387,   35.584234,        1.18,
 140.031892,   35.584234,        1.29,
 140.036396,   35.584234,        1.41,
 140.040901,   35.584234,        1.51,
 140.045405,   35.584234,        1.60,
 140.049910,   35.584234,        1.72,
 140.054414,   35.584234,        1.83,
 140.058919,   35.584234,        1.95,
 140.063423,   35.584234,        2.04,
 140.067928,   35.584234,        2.12,
 140.072432,   35.584234,        2.23,
 140.076937,   35.584234,        2.37,
 140.081441,   35.584234,        2.52,
 140.085946,   35.584234,        2.67,
 140.090450,   35.584234,        2.84,
 140.094955,   35.584234,        3.02,
 140.099459,   35.584234,        3.15,
 140.103964,   35.584234,        3.22,
 140.108468,   35.584234,        3.35,
 140.112973,   35.584234,        3.40,
 140.117477,   35.584234,        3.37,
 140.121982,   35.584234,        3.38,
 140.126486,   35.584234,        3.39,
 140.130991,   35.584234,        3.40,
 140.135495,   35.584234,        3.40,
 140.140000,   35.584234,        3.41,
 140.144505,   35.584234,        3.41,
 140.149009,   35.584234,        3.42,
 140.153514,   35.584234,        3.42,
 140.158018,   35.584234,        3.42,
 140.162523,   35.584234,        3.42,
 140.167027,   35.584234,        3.42,
 140.171532,   35.584234,        3.42,
 140.176036,   35.584234,        3.42,
 140.180541,   35.584234,        3.41,
 140.185045,   35.584234,        3.41,
 140.189550,   35.584234,        3.40,
 140.194054,   35.584234,        3.39,
 140.198559,   35.584234,        3.39,
 140.203063,   35.584234,        3.38,
 140.207568,   35.584234,        3.37,
 140.212072,   35.584234,        3.36,
 140.216577,   35.584234,        3.34,
 140.221081,   35.584234,        3.33,
 140.225586,   35.584234,        3.31,
 140.230090,   35.584234,        3.30,
 140.234595,   35.584234,        3.28,
 140.239099,   35.584234,        3.26,
 140.243604,   35.584234,        3.25,
 140.248108,   35.584234,        3.23,
 140.252613,   35.584234,        3.20,
 140.257117,   35.584234,        3.18,
 140.261622,   35.584234,        3.16,
 140.266126,   35.584234,        3.13,
 140.270631,   35.584234,        3.11,
 140.275135,   35.584234,        3.08,
 140.279640,   35.584234,        3.06,
 140.284144,   35.584234,        3.03,
 140.288649,   35.584234,        3.00,
 140.293153,   35.584234,        2.97,
 140.297658,   35.584234,        2.93,
 140.302162,   35.584234,        2.90,
 140.306667,   35.584234,        2.87,
 140.311171,   35.584234,        2.83,
 140.315676,   35.584234,        2.80,
 140.320180,   35.584234,        2.76,
 140.324685,   35.584234,        2.72,
 140.329189,   35.584234,        2.68,
 140.333694,   35.584234,        2.64,
 140.338198,   35.584234,        2.60,
 140.342703,   35.584234,        2.56,
 140.347207,   35.584234,        2.52,
 140.351712,   35.584234,        2.47,
 140.356216,   35.584234,        2.42,
 140.360721,   35.584234,        2.38,
 140.365225,   35.584234,        2.33,
 140.369730,   35.584234,        2.28,
 140.374234,   35.584234,        2.23,
 140.378739,   35.584234,        2.18,
 140.383243,   35.584234,        2.13,
 140.387748,   35.584234,        2.08,
 139.140000,   35.588739,       15.69,
 139.144505,   35.588739,       15.25,
 139.149009,   35.588739,       14.81,
 139.153514,   35.588739,       14.37,
 139.158018,   35.588739,       13.94,
 139.162523,   35.588739,       13.52,
 139.167027,   35.588739,       13.10,
 139.171532,   35.588739,       12.68,
 139.176036,   35.588739,       12.27,
 139.180541,   35.588739,       11.87,
 139.185045,   35.588739,       11.47,
 139.189550,   35.588739,       11.08,
 139.194054,   35.588739,       10.69,
 139.198559,   35.588739,       10.30,
 139.203063,   35.588739,        9.93,
 139.207568,   35.588739,        9.55,
 139.212072,   35.588739,        9.18,
 139.216577,   35.588739,        8.82,
 139.221081,   35.588739,        8.47,
 139.225586,   35.588739,        8.11,
 139.230090,   35.588739,        7.77,
 139.234595,   35.588739,        7.43,
 139.239099,   35.588739,        7.09,
 139.243604,   35.588739,        6.76,
 139.248108,   35.588739,        6.43,
 139.252613,   35.588739,        6.11,
 139.257117,   35.588739,        5.80,
 139.261622,   35.588739,        5.49,
 139.266126,   35.588739,        5.18,
 139.270631,   35.588739,        4.88,
 139.275135,   35.588739,        4.59,
 139.279640,   35.588739,        4.30,
 139.284144,   35.588739,        4.02,
 139.288649,   35.588739,        3.74,
 139.293153,   35.588739,        3.46,
 139.297658,   35.588739,        3.20,
 139.302162,   35.588739,        2.93,
 139.306667,   35.588739,        2.68,
 139.311171,   35.588739,        2.42,
 139.315676,   35.588739,        2.18,
 139.320180,   35.588739,        1.93,
 139.324685,   35.588739,        1.70,
 139.329189,   35.588739,        1.47,
 139.333694,   35.588739,        1.24,
 139.338198,   35.588739,        1.02,
 139.342703,   35.588739,        0.80,
 139.347207,   35.588739,        0.59,
 139.351712,   35.588739,        0.39,
 139.356216,   35.588739,        0.19,
 139.360721,   35.588739,       -0.01,
 139.365225,   35.588739,       -0.20,
 139.369730,   35.588739,       -0.38,
 139.374234,   35.588739,       -0.56,
 139.378739,   35.588739,       -0.73,
 139.383243,   35.588739,       -0.90,
 139.387748,   35.588739,       -1.07,
 139.392252,   35.588739,       -1.22,
 139.396757,   35.588739,       -1.38,
 139.401261,   35.588739,       -1.52,
 139.405766,   35.588739,       -1.67,
 139.410270,   35.588739,       -1.80,
 139.414775,   35.588739,       -1.94,
 139.419279,   35.588739,       -2.06,
 139.423784,   35.588739,       -2.18,
 139.428288,   35.588739,       -2.30,
 139.432793,   35.588739,       -2.41,
 139.437297,   35.588739,       -2.52,
 139.441802,   35.588739,       -2.62,
 139.446306,   35.588739,       -2.71,
 139.450811,   35.588739,       -2.80,
 139.455315,   35.588739,       -2.89,
 139.459820,   35.588739,       -2.97,
 139.464324,   35.588739,       -3.04,
 139.468829,   35.588739,       -3.11,
 139.473333,   35.588739,       -3.17,
 139.477838,   35.588739,       -3.23,
 139.482342,   35.588739,       -3.29,
 139.486847,   35.588739,       -3.33,
 139.491351,   35.588739,       -3.38,
 139.495856,   35.588739,       -3.41,
 139.500360,   35.588739,       -3.45,
 139.504865,   35.588739,       -3.47,
 139.509369,   35.588739,       -3.50,
 139.513874,   35.588739,       -3.51,
 139.518378,   35.588739,       -3.52,
 139.522883,   35.588739,       -3.53,
 139.527387,   35.588739,       -3.53,
 139.531892,   35.588739,       -3.53,
 139.536396,   35.588739,       -3.52,
 139.540901,   35.588739,       -3.50,
 139.545405,   35.588739,       -3.48,
 139.549910,   35.588739,       -3.46,
 139.554414,   35.588739,       -3.43,
 139.558919,   35.588739,       -3.39,
 139.563423,   35.588739,       -3.35,
 139.567928,   35.588739,       -3.30,
 139.572432,   35.588739,       -3.25,
 139.576937,   35.588739,       -3.20,
 139.581441,   35.588739,       -3.13,
 139.585946,   35.588739,       -3.07,
 139.590450,   35.588739,       -2.99,
 139.594955,   35.588739,       -2.92,
 139.599459,   35.588739,       -2.83,
 139.603964,   35.588739,       -2.75,
 139.608468,   35.588739,       -2.65,
 139.612973,   35.588739,       -2.55,
 139.617477,   35.588739,       -2.45,
 139.621982,   35.588739,       -2.34,
 139.626486,   35.588739,       -2.23,
 139.630991,   35.588739,       -2.11,
 139.635495,   35.588739,       -1.98,
 139.640000,   35.588739,       -1.85,
 139.644505,   35.588739,       -1.72,
 139.649009,   35.588739,       -1.58,
 139.653514,   35.588739,       -1.43,
 139.658018,   35.588739,       -1.28,
 139.662523,   35.588739,       -1.12,
 139.667027,   35.588739,       -0.96,
 139.671532,   35.588739,       -1.31,
 139.676036,   35.588739,       -1.24,
 139.680541,   35.588739,       -1.10,
 139.685045,   35.588739,       -0.95,
 139.689550,   35.588739,       -0.81,
 139.694054,   35.588739,       -0.66,
 139.698559,   35.588739,       -0.50,
 139.703063,   35.588739,       -0.35,
 139.707568,   35.588739,       -0.20,
 139.712072,   35.588739,       -0.08,
 139.716577,   35.588739,        0.00,
 139.721081,   35.588739,        0.01,
 139.725586,   35.588739,       -0.17,
 139.730090,   35.588739,       -0.48,
 139.734595,   35.588739,       -0.80,
 139.739099,   35.588739,       -1.15,
 139.743604,   35.588739,       -1.54,
 139.748108,   35.588739,       -1.84,
 139.752613,   35.588739,       -1.55,
 139.757117,   35.588739,       -1.05,
 139.761622,   35.588739,       -0.63,
 139.766126,   35.588739,       -0.32,
 139.770631,   35.588739,       -0.21,
 139.775135,   35.588739,       -0.12,
 139.779640,   35.588739,       -0.19,
 139.784144,   35.588739,       -0.29,
 139.788649,   35.588739,       -0.43,
 139.793153,   35.588739,       -0.70,
 139.797658,   35.588739,         NaN,
 139.802162,   35.588739,         NaN,
 139.806667,   35.588739,         NaN,
 139.811171,   35.588739,         NaN,
 139.815676,   35.588739,         NaN,
 139.820180,   35.588739,         NaN,
 139.824685,   35.588739,         NaN,
 139.829189,   35.588739,         NaN,
 139.833694,   35.588739,         NaN,
 139.838198,   35.588739,         NaN,
 139.842703,   35.588739,         NaN,
 139.847207,   35.588739,       -1.78,
 139.851712,   35.588739,       -1.35,
 139.856216,   35.588739,       -1.38,
 139.860721,   35.588739,       -1.46,
 139.865225,   35.588739,       -1.42,
 139.869730,   35.588739,       -1.30,
 139.874234,   35.588739,       -1.11,
 139.878739,   35.588739,       -0.83,
 139.883243,   35.588739,       -0.56,
 139.887748,   35.588739,       -0.31,
 139.892252,   35.588739,       -0.13,
 139.896757,   35.588739,        0.02,
 139.901261,   35.588739,        0.17,
 139.905766,   35.588739,        0.27,
 139.910270,   35.588739,        0.35,
 139.914775,   35.588739,        0.43,
 139.919279,   35.588739,        0.50,
 139.923784,   35.588739,        0.57,
 139.928288,   35.588739,        0.62,
 139.932793,   35.588739,        0.67,
 139.937297,   35.588739,        0.72,
 139.941802,   35.588739,        0.77,
 139.946306,   35.588739,        0.79,
 139.950811,   35.588739,        0.80,
 139.955315,   35.588739,        0.79,
 139.959820,   35.588739,        0.76,
 139.964324,   35.588739,        0.72,
 139.968829,   35.588739,        0.68,
 139.973333,   35.588739,        0.65,
 139.977838,   35.588739,        0.63,
 139.982342,   35.588739,        0.61,
 139.986847,   35.588739,        0.61,
 139.991351,   35.588739,        0.64,
 139.995856,   35.588739,        0.69,
 140.000360,   35.588739,        0.74,
 140.004865,   35.588739,        0.79,
 140.009369,   35.588739,        0.87,
 140.013874,   35.588739,        0.97,
 140.018378,   35.588739,        1.07,
 140.022883,   35.588739,        1.16,
 140.027387,   35.588739,        1.24,
 140.031892,   35.588739,        1.32,
 140.036396,   35.588739,        1.40,
 140.040901,   35.588739,        1.48,
 140.045405,   35.588739,        1.57,
 140.049910,   35.588739,        1.66,
 140.054414,   35.588739,        1.78,
 140.058919,   35.588739,        1.90,
 140.063423,   35.588739,        2.02,
 140.067928,   35.588739,        2.13,
 140.072432,   35.588739,        2.27,
 140.076937,   35.588739,        2.43,
 140.081441,   35.588739,        2.60,
 140.085946,   35.588739,        2.76,
 140.090450,   35.588739,        2.94,
 140.094955,   35.588739,        3.14,
 140.099459,   35.588739,        3.36,
 140.103964,   35.588739,        3.57,
 140.108468,   35.588739,        3.71,
 140.112973,   35.588739,        3.80,
 140.117477,   35.588739,        3.62,
 140.121982,   35.588739,        3.63,
 140.126486,   35.588739,        3.64,
 140.130991,   35.588739,        3.65,
 140.135495,   35.588739,        3.66,
 140.140000,   35.588739,        3.66,
 140.144505,   35.588739,        3.67,
 140.149009,   35.588739,        3.67,
 140.153514,   35.588739,        3.67,
 140.158018,   35.588739,        3.68,
 140.162523,   35.588739,        3.68,
 140.167027,   35.588739,        3.68,
 140.171532,   35.588739,        3.68,
 140.176036,   35.588739,        3.67,
 140.180541,   35.588739,        3.67,
 140.185045,   35.588739,        3.66,
 140.189550,   35.588739,        3.66,
 140.194054,   35.588739,        3.65,
 140.198559,   35.588739,        3.64,
 140.203063,   35.588739,        3.64,
 140.207568,   35.588739,        3.63,
 140.212072,   35.588739,        3.61,
 140.216577,   35.588739,        3.60,
 140.221081,   35.588739,        3.59,
 140.225586,   35.588739,        3.58,
 140.230090,   35.588739,        3.56,
 140.234595,   35.588739,        3.54,
 140.239099,   35.588739,        3.53,
 140.243604,   35.588739,        3.51,
 140.248108,   35.588739,        3.49,
 140.252613,   35.588739,        3.47,
 140.257117,   35.588739,        3.45,
 140.261622,   35.588739,        3.42,
 140.266126,   35.588739,        3.40,
 140.270631,   35.588739,        3.37,
 140.275135,   35.588739,        3.35,
 140.279640,   35.588739,        3.32,
 140.284144,   35.588739,        3.29,
 140.288649,   35.588739,        3.26,
 140.293153,   35.588739,        3.23,
 140.297658,   35.588739,        3.20,
 140.302162,   35.588739,        3.17,
 140.306667,   35.588739,        3.14,
 140.311171,   35.588739,        3.10,
 140.315676,   35.588739,        3.07,
 140.320180,   35.588739,        3.03,
 140.324685,   35.588739,        2.99,
 140.329189,   35.588739,        2.95,
 140.333694,   35.588739,        2.91,
 140.338198,   35.588739,        2.87,
 140.342703,   35.588739,        2.83,
 140.347207,   35.588739,        2.79,
 140.351712,   35.588739,        2.74,
 140.356216,   35.588739,        2.70,
 140.360721,   35.588739,        2.65,
 140.365225,   35.588739,        2.60,
 140.369730,   35.588739,        2.56,
 140.374234,   35.588739,        2.51,
 140.378739,   35.588739,        2.46,
 140.383243,   35.588739,        2.40,
 140.387748,   35.588739,        2.35,
 139.140000,   35.593243,       15.77,
 139.144505,   35.593243,       15.33,
 139.149009,   35.593243,       14.88,
 139.153514,   35.593243,       14.44,
 139.158018,   35.593243,       14.01,
 139.162523,   35.593243,       13.58,
 139.167027,   35.593243,       13.16,
 139.171532,   35.593243,       12.75,
 139.176036,   35.593243,       12.33,
 139.180541,   35.593243,       11.93,
 139.185045,   35.593243,       11.53,
 139.189550,   35.593243,       11.13,
 139.194054,   35.593243,       10.74,
 139.198559,   35.593243,       10.35,
 139.203063,   35.593243,        9.97,
 139.207568,   35.593243,        9.60,
 139.212072,   35.593243,        9.23,
 139.216577,   35.593243,        8.86,
 139.221081,   35.593243,        8.50,
 139.225586,   35.593243,        8.15,
 139.230090,   35.593243,        7.80,
 139.234595,   35.593243,        7.46,
 139.239099,   35.593243,        7.12,
 139.243604,   35.593243,        6.79,
 139.248108,   35.593243,        6.46,
 139.252613,   35.593243,        6.14,
 139.257117,   35.593243,        5.82,
 139.261622,   35.593243,        5.51,
 139.266126,   35.593243,        5.20,
 139.270631,   35.593243,        4.90,
 139.275135,   35.593243,        4.60,
 139.279640,   35.593243,        4.31,
 139.284144,   35.593243,        4.02,
 139.288649,   35.593243,        3.74,
 139.293153,   35.593243,        3.47,
 139.297658,   35.593243,        3.20,
 139.302162,   35.593243,        2.93,
 139.306667,   35.593243,        2.67,
 139.311171,   35.593243,        2.42,
 139.315676,   35.593243,        2.17,
 139.320180,   35.593243,        1.92,
 139.324685,   35.593243,        1.69,
 139.329189,   35.593243,        1.45,
 139.333694,   35.593243,        1.22,
 139.338198,   35.593243,        1.00,
 139.342703,   35.593243,        0.78,
 139.347207,   35.593243,        0.57,
 139.351712,   35.593243,        0.36,
 139.356216,   35.593243,        0.16,
 139.360721,   35.593243,       -0.04,
 139.365225,   35.593243,       -0.23,
 139.369730,   35.593243,       -0.41,
 139.374234,   35.593243,       -0.60,
 139.378739,   35.593243,       -0.77,
 139.383243,   35.593243,       -0.94,
 139.387748,   35.593243,       -1.11,
 139.392252,   35.593243,       -1.27,
 139.396757,   35.593243,       -1.42,
 139.401261,   35.593243,       -1.57,
 139.405766,   35.593243,       -1.72,
 139.410270,   35.593243,       -1.86,
 139.414775,   35.593243,       -1.99,
 139.419279,   35.593243,       -2.12,
 139.423784,   35.593243,       -2.24,
 139.428288,   35.593243,       -2.36,
 139.432793,   35.593243,       -2.48,
 139.437297,   35.593243,       -2.58,
 139.441802,   35.593243,       -2.69,
 139.446306,   35.593243,       -2.78,
 139.450811,   35.593243,       -2.88,
 139.455315,   35.593243,       -2.96,
 139.459820,   35.593243,       -3.04,
 139.464324,   35.593243,       -3.12,
 139.468829,   35.593243,       -3.19,
 139.473333,   35.593243,       -3.26,
 139.477838,   35.593243,       -3.32,
 139.482342,   35.593243,       -3.37,
 139.486847,   35.593243,       -3.42,
 139.491351,   35.593243,       -3.47,
 139.495856,   35.593243,       -3.51,
 139.500360,   35.593243,       -3.54,
 139.504865,   35.593243,       -3.57,
 139.509369,   35.593243,       -3.60,
 139.513874,   35.593243,       -3.62,
 139.518378,   35.593243,       -3.63,
 139.522883,   35.593243,       -3.64,
 139.527387,   35.593243,       -3.64,
 139.531892,   35.593243,       -3.64,
 139.536396,   35.593243,       -3.63,
 139.540901,   35.593243,       -3.62,
 139.545405,   35.593243,       -3.60,
 139.549910,   35.593243,       -3.58,
 139.554414,   35.593243,       -3.55,
 139.558919,   35.593243,       -3.52,
 139.563423,   35.593243,       -3.48,
 139.567928,   35.593243,       -3.43,
 139.572432,   35.593243,       -3.39,
 139.576937,   35.593243,       -3.33,
 139.581441,   35.593243,       -3.27,
 139.585946,   35.593243,       -3.21,
 139.590450,   35.593243,       -3.14,
 139.594955,   35.593243,       -3.06,
 139.599459,   35.593243,       -2.98,
 139.603964,   35.593243,       -2.89,
 139.608468,   35.593243,       -2.80,
 139.612973,   35.593243,       -2.71,
 139.617477,   35.593243,       -2.61,
 139.621982,   35.593243,       -2.50,
 139.626486,   35.593243,       -2.39,
 139.630991,   35.593243,       -2.27,
 139.635495,   35.593243,       -2.15,
 139.640000,   35.593243,       -2.02,
 139.644505,   35.593243,       -1.89,
 139.649009,   35.593243,       -1.75,
 139.653514,   35.593243,       -1.60,
 139.658018,   35.593243,       -1.46,
 139.662523,   35.593243,       -1.30,
 139.667027,   35.593243,       -1.14,
 139.671532,   35.593243,       -0.98,
 139.676036,   35.593243,       -1.09,
 139.680541,   35.593243,       -1.20,
 139.685045,   35.593243,       -1.06,
 139.689550,   35.593243,       -0.92,
 139.694054,   35.593243,       -0.77,
 139.698559,   35.593243,       -0.62,
 139.703063,   35.593243,       -0.47,
 139.707568,   35.593243,       -0.32,
 139.712072,   35.593243,       -0.18,
 139.716577,   35.593243,       -0.06,
 139.721081,   35.593243,        0.00,
 139.725586,   35.593243,       -0.03,
 139.730090,   35.593243,       -0.27,
 139.734595,   35.593243,       -0.56,
 139.739099,   35.593243,       -0.86,
 139.743604,   35.593243,       -1.22,
 139.748108,   35.593243,       -1.54,
 139.752613,   35.593243,       -1.53,
 139.757117,   35.593243,       -1.05,
 139.761622,   35.593243,       -0.71,
 139.766126,   35.593243,       -0.45,
 139.770631,   35.593243,       -0.34,
 139.775135,   35.593243,       -0.34,
 139.779640,   35.593243,       -0.26,
 139.784144,   35.593243,       -0.28,
 139.788649,   35.593243,       -0.34,
 139.793153,   35.593243,       -0.41,
 139.797658,   35.593243,       -0.50,
 139.802162,   35.593243,         NaN,
 139.806667,   35.593243,         NaN,
 139.811171,   35.593243,         NaN,
 139.815676,   35.593243,         NaN,
 139.820180,   35.593243,         NaN,
 139.824685,   35.593243,         NaN,
 139.829189,   35.593243,         NaN,
 139.833694,   35.593243,         NaN,
 139.838198,   35.593243,         NaN,
 139.842703,   35.593243,         NaN,
 139.847207,   35.593243,       -1.75,
 139.851712,   35.593243,       -1.25,
 139.856216,   35.593243,       -1.30,
 139.860721,   35.593243,       -1.36,
 139.865225,   35.593243,       -1.33,
 139.869730,   35.593243,       -1.26,
 139.874234,   35.593243,       -1.06,
 139.878739,   35.593243,       -0.75,
 139.883243,   35.593243,       -0.46,
 139.887748,   35.593243,       -0.18,
 139.892252,   35.593243,        0.03,
 139.896757,   35.593243,        0.21,
 139.901261,   35.593243,        0.38,
 139.905766,   35.593243,        0.49,
 139.910270,   35.593243,        0.58,
 139.914775,   35.593243,        0.66,
 139.919279,   35.593243,        0.71,
 139.923784,   35.593243,        0.76,
 139.928288,   35.593243,        0.81,
 139.932793,   35.593243,        0.86,
 139.937297,   35.593243,        0.90,
 139.941802,   35.593243,        0.92,
 139.946306,   35.593243,        0.92,
 139.950811,   35.593243,        0.92,
 139.955315,   35.593243,        0.90,
 139.959820,   35.593243,        0.86,
 139.964324,   35.593243,        0.81,
 139.968829,   35.593243,        0.77,
 139.973333,   35.593243,        0.75,
 139.977838,   35.593243,        0.73,
 139.982342,   35.593243,        0.72,
 139.986847,   35.593243,        0.71,
 139.991351,   35.593243,        0.75,
 139.995856,   35.593243,        0.81,
 140.000360,   35.593243,        0.86,
 140.004865,   35.593243,        0.92,
 140.009369,   35.593243,        0.97,
 140.013874,   35.593243,        1.06,
 140.018378,   35.593243,        1.15,
 140.022883,   35.593243,        1.23,
 140.027387,   35.593243,        1.31,
 140.031892,   35.593243,        1.36,
 140.036396,   35.593243,        1.39,
 140.040901,   35.593243,        1.46,
 140.045405,   35.593243,        1.55,
 140.049910,   35.593243,        1.63,
 140.054414,   35.593243,        1.74,
 140.058919,   35.593243,        1.88,
 140.063423,   35.593243,        2.02,
 140.067928,   35.593243,        2.16,
 140.072432,   35.593243,        2.31,
 140.076937,   35.593243,        2.46,
 140.081441,   35.593243,        2.66,
 140.085946,   35.593243,        2.85,
 140.090450,   35.593243,        3.01,
 140.094955,   35.593243,        3.21,
 140.099459,   35.593243,        3.41,
 140.103964,   35.593243,        3.59,
 140.108468,   35.593243,        3.75,
 140.112973,   35.593243,        3.88,
 140.117477,   35.593243,        3.87,
 140.121982,   35.593243,        3.88,
 140.126486,   35.593243,        3.89,
 140.130991,   35.593243,        3.90,
 140.135495,   35.593243,        3.91,
 140.140000,   35.593243,        3.92,
 140.144505,   35.593243,        3.92,
 140.149009,   35.593243,        3.93,
 140.153514,   35.593243,        3.93,
 140.158018,   35.593243,        3.93,
 140.162523,   35.593243,        3.93,
 140.167027,   35.593243,        3.93,
 140.171532,   35.593243,        3.93,
 140.176036,   35.593243,        3.93,
 140.180541,   35.593243,        3.93,
 140.185045,   35.593243,        3.92,
 140.189550,   35.593243,        3.92,
 140.194054,   35.593243,        3.91,
 140.198559,   35.593243,        3.90,
 140.203063,   35.593243,        3.90,
 140.207568,   35.593243,        3.89,
 140.212072,   35.593243,        3.88,
 140.216577,   35.593243,        3.86,
 140.221081,   35.593243,        3.85,
 140.225586,   35.593243,        3.84,
 140.230090,   35.593243,        3.82,
 140.234595,   35.593243,        3.81,
 140.239099,   35.593243,        3.79,
 140.243604,   35.593243,        3.77,
 140.248108,   35.593243,        3.75,
 140.252613,   35.593243,        3.73,
 140.257117,   35.593243,        3.71,
 140.261622,   35.593243,        3.69,
 140.266126,   35.593243,        3.67,
 140.270631,   35.593243,        3.64,
 140.275135,   35.593243,        3.62,
 140.279640,   35.593243,        3.59,
 140.284144,   35.593243,        3.56,
 140.288649,   35.593243,        3.53,
 140.293153,   35.593243,        3.50,
 140.297658,   35.593243,        3.47,
 140.302162,   35.593243,        3.44,
 140.306667,   35.593243,        3.41,
 140.311171,   35.593243,        3.37,
 140.315676,   35.593243,        3.34,
 140.320180,   35.593243,        3.30,
 140.324685,   35.593243,        3.26,
 140.329189,   35.593243,        3.22,
 140.333694,   35.593243,        3.19,
 140.338198,   35.593243,        3.14,
 140.342703,   35.593243,        3.10,
 140.347207,   35.593243,        3.06,
 140.351712,   35.593243,        3.02,
 140.356216,   35.593243,        2.97,
 140.360721,   35.593243,        2.93,
 140.365225,   35.593243,        2.88,
 140.369730,   35.593243,        2.83,
 140.374234,   35.593243,        2.78,
 140.378739,   35.593243,        2.73,
 140.383243,   35.593243,        2.68,
 140.387748,   35.593243,        2.63,
 139.140000,   35.597748,       15.85,
 139.144505,   35.597748,       15.40,
 139.149009,   35.597748,       14.95,
 139.153514,   35.597748,       14.51,
 139.158018,   35.597748,       14.08,
 139.162523,   35.597748,       13.65,
 139.167027,   35.597748,       13.22,
 139.171532,   35.597748,       12.80,
 139.176036,   35.597748,       12.39,
 139.180541,   35.597748,       11.98,
 139.185045,   35.597748,       11.58,
 139.189550,   35.597748,       11.18,
 139.194054,   35.597748,       10.79,
 139.198559,   35.597748,       10.40,
 139.203063,   35.597748,       10.02,
 139.207568,   35.597748,        9.64,
 139.212072,   35.597748,        9.27,
 139.216577,   35.597748,        8.90,
 139.221081,   35.597748,        8.54,
 139.225586,   35.597748,        8.18,
 139.230090,   35.597748,        7.83,
 139.234595,   35.597748,        7.49,
 139.239099,   35.597748,        7.15,
 139.243604,   35.597748,        6.81,
 139.248108,   35.597748,        6.48,
 139.252613,   35.597748,        6.15,
 139.257117,   35.597748,        5.84,
 139.261622,   35.597748,        5.52,
 139.266126,   35.597748,        5.21,
 139.270631,   35.597748,        4.91,
 139.275135,   35.597748,        4.61,
 139.279640,   35.597748,        4.32,
 139.284144,   35.597748,        4.03,
 139.288649,   35.597748,        3.74,
 139.293153,   35.597748,        3.47,
 139.297658,   35.597748,        3.19,
 139.302162,   35.597748,        2.93,
 139.306667,   35.597748,        2.66,
 139.311171,   35.597748,        2.41,
 139.315676,   35.597748,        2.16,
 139.320180,   35.597748,        1.91,
 139.324685,   35.597748,        1.67,
 139.329189,   35.597748,        1.43,
 139.333694,   35.597748,        1.20,
 139.338198,   35.597748,        0.98,
 139.342703,   35.597748,        0.76,
 139.347207,   35.597748,        0.54,
 139.351712,   35.597748,        0.33,
 139.356216,   35.597748,        0.13,
 139.360721,   35.597748,       -0.07,
 139.365225,   35.597748,       -0.26,
 139.369730,   35.597748,       -0.45,
 139.374234,   35.597748,       -0.64,
 139.378739,   35.597748,       -0.82,
 139.383243,   35.597748,       -0.99,
 139.387748,   35.597748,       -1.16,
 139.392252,   35.597748,       -1.32,
 139.396757,   35.597748,       -1.48,
 139.401261,   35.597748,       -1.63,
 139.405766,   35.597748,       -1.77,
 139.410270,   35.597748,       -1.92,
 139.414775,   35.597748,       -2.05,
 139.419279,   35.597748,       -2.18,
 139.423784,   35.597748,       -2.31,
 139.428288,   35.597748,       -2.43,
 139.432793,   35.597748,       -2.55,
 139.437297,   35.597748,       -2.66,
 139.441802,   35.597748,       -2.76,
 139.446306,   35.597748,       -2.86,
 139.450811,   35.597748,       -2.95,
 139.455315,   35.597748,       -3.04,
 139.459820,   35.597748,       -3.13,
 139.464324,   35.597748,       -3.21,
 139.468829,   35.597748,       -3.28,
 139.473333,   35.597748,       -3.35,
 139.477838,   35.597748,       -3.41,
 139.482342,   35.597748,       -3.47,
 139.486847,   35.597748,       -3.52,
 139.491351,   35.597748,       -3.57,
 139.495856,   35.597748,       -3.61,
 139.500360,   35.597748,       -3.65,
 139.504865,   35.597748,       -3.68,
 139.509369,   35.597748,       -3.71,
 139.513874,   35.597748,       -3.73,
 139.518378,   35.597748,       -3.74,
 139.522883,   35.597748,       -3.75,
 139.527387,   35.597748,       -3.76,
 139.531892,   35.597748,       -3.76,
 139.536396,   35.597748,       -3.75,
 139.540901,   35.597748,       -3.74,
 139.545405,   35.597748,       -3.73,
 139.549910,   35.597748,       -3.71,
 139.554414,   35.597748,       -3.68,
 139.558919,   35.597748,       -3.65,
 139.563423,   35.597748,       -3.61,
 139.567928,   35.597748,       -3.57,
 139.572432,   35.597748,       -3.52,
 139.576937,   35.597748,       -3.47,
 139.581441,   35.597748,       -3.41,
 139.585946,   35.597748,       -3.35,
 139.590450,   35.597748,       -3.28,
 139.594955,   35.597748,       -3.21,
 139.599459,   35.597748,       -3.13,
 139.603964,   35.597748,       -3.05,
 139.608468,   35.597748,       -2.96,
 139.612973,   35.597748,       -2.87,
 139.617477,   35.597748,       -2.77,
 139.621982,   35.597748,       -2.66,
 139.626486,   35.597748,       -2.55,
 139.630991,   35.597748,       -2.44,
 139.635495,   35.597748,       -2.32,
 139.640000,   35.597748,       -2.19,
 139.644505,   35.597748,       -2.06,
 139.649009,   35.597748,       -1.92,
 139.653514,   35.597748,       -1.78,
 139.658018,   35.597748,       -1.64,
 139.662523,   35.597748,       -1.48,
 139.667027,   35.597748,       -1.33,
 139.671532,   35.597748,       -1.16,
 139.676036,   35.597748,       -1.00,
 139.680541,   35.597748,       -0.82,
 139.685045,   35.597748,       -1.12,
 139.689550,   35.597748,       -1.02,
 139.694054,   35.597748,       -0.88,
 139.698559,   35.597748,       -0.73,
 139.703063,   35.597748,       -0.59,
 139.707568,   35.597748,       -0.44,
 139.712072,   35.597748,       -0.29,
 139.716577,   35.597748,       -0.15,
 139.721081,   35.597748,       -0.04,
 139.725586,   35.597748,        0.00,
 139.730090,   35.597748,       -0.08,
 139.734595,   35.597748,       -0.35,
 139.739099,   35.597748,       -0.62,
 139.743604,   35.597748,       -0.92,
 139.748108,   35.597748,       -1.25,
 139.752613,   35.597748,       -1.38,
 139.757117,   35.597748,       -0.96,
 139.761622,   35.597748,       -0.69,
 139.766126,   35.597748,       -0.47,
 139.770631,   35.597748,       -0.37,
 139.775135,   35.597748,       -0.38,
 139.779640,   35.597748,       -0.25,
 139.784144,   35.597748,       -0.11,
 139.788649,   35.597748,       -0.05,
 139.793153,   35.597748,       -0.03,
 139.797658,   35.597748,         NaN,
 139.802162,   35.597748,         NaN,
 139.806667,   35.597748,         NaN,
 139.811171,   35.597748,         NaN,
 139.815676,   35.597748,         NaN,
 139.820180,   35.597748,         NaN,
 139.824685,   35.597748,         NaN,
 139.829189,   35.597748,         NaN,
 139.833694,   35.597748,         NaN,
 139.838198,   35.597748,         NaN,
 139.842703,   35.597748,         NaN,
 139.847207,   35.597748,       -1.34,
 139.851712,   35.597748,       -1.14,
 139.856216,   35.597748,       -1.21,
 139.860721,   35.597748,       -1.26,
 139.865225,   35.597748,       -1.24,
 139.869730,   35.597748,       -1.17,
 139.874234,   35.597748,       -0.96,
 139.878739,   35.597748,       -0.66,
 139.883243,   35.597748,       -0.35,
 139.887748,   35.597748,       -0.05,
 139.892252,   35.597748,        0.22,
 139.896757,   35.597748,        0.41,
 139.901261,   35.597748,        0.59,
 139.905766,   35.597748,        0.73,
 139.910270,   35.597748,        0.83,
 139.914775,   35.597748,        0.91,
 139.919279,   35.597748,        0.95,
 139.923784,   35.597748,        0.99,
 139.928288,   35.597748,        1.01,
 139.932793,   35.597748,        1.05,
 139.937297,   35.597748,        1.08,
 139.941802,   35.597748,        1.07,
 139.946306,   35.597748,        1.06,
 139.950811,   35.597748,        1.05,
 139.955315,   35.597748,        1.02,
 139.959820,   35.597748,        0.96,
 139.964324,   35.597748,        0.90,
 139.968829,   35.597748,        0.85,
 139.973333,   35.597748,        0.83,
 139.977838,   35.597748,        0.82,
 139.982342,   35.597748,        0.80,
 139.986847,   35.597748,        0.81,
 139.991351,   35.597748,        0.86,
 139.995856,   35.597748,        0.93,
 140.000360,   35.597748,        0.99,
 140.004865,   35.597748,        1.04,
 140.009369,   35.597748,        1.10,
 140.013874,   35.597748,        1.16,
 140.018378,   35.597748,        1.24,
 140.022883,   35.597748,        1.31,
 140.027387,   35.597748,        1.35,
 140.031892,   35.597748,        1.37,
 140.036396,   35.597748,        1.40,
 140.040901,   35.597748,        1.44,
 140.045405,   35.597748,        1.53,
 140.049910,   35.597748,        1.61,
 140.054414,   35.597748,        1.76,
 140.058919,   35.597748,        1.92,
 140.063423,   35.597748,        2.06,
 140.067928,   35.597748,        2.21,
 140.072432,   35.597748,        2.35,
 140.076937,   35.597748,        2.49,
 140.081441,   35.597748,        2.67,
 140.085946,   35.597748,        2.91,
 140.090450,   35.597748,        3.21,
 140.094955,   35.597748,        3.36,
 140.099459,   35.597748,        3.48,
 140.103964,   35.597748,        3.64,
 140.108468,   35.597748,        3.81,
 140.112973,   35.597748,        3.94,
 140.117477,   35.597748,        4.10,
 140.121982,   35.597748,        4.14,
 140.126486,   35.597748,        4.15,
 140.130991,   35.597748,        4.16,
 140.135495,   35.597748,        4.16,
 140.140000,   35.597748,        4.17,
 140.144505,   35.597748,        4.18,
 140.149009,   35.597748,        4.18,
 140.153514,   35.597748,        4.19,
 140.158018,   35.597748,        4.19,
 140.162523,   35.597748,        4.19,
 140.167027,   35.597748,        4.19,
 140.171532,   35.597748,        4.19,
 140.176036,   35.597748,        4.19,
 140.180541,   35.597748,        4.19,
 140.185045,   35.597748,        4.18,
 140.189550,   35.597748,        4.18,
 140.194054,   35.597748,        4.17,
 140.198559,   35.597748,        4.16,
 140.203063,   35.597748,        4.16,
 140.207568,   35.597748,        4.15,
 140.212072,   35.597748,        4.14,
 140.216577,   35.597748,        4.13,
 140.221081,   35.597748,        4.11,
 140.225586,   35.597748,        4.10,
 140.230090,   35.597748,        4.09,
 140.234595,   35.597748,        4.07,
 140.239099,   35.597748,        4.05,
 140.243604,   35.597748,        4.04,
 140.248108,   35.597748,        4.02,
 140.252613,   35.597748,        4.00,
 140.257117,   35.597748,        3.98,
 140.261622,   35.597748,        3.95,
 140.266126,   35.597748,        3.93,
 140.270631,   35.597748,        3.91,
 140.275135,   35.597748,        3.88,
 140.279640,   35.597748,        3.86,
 140.284144,   35.597748,        3.83,
 140.288649,   35.597748,        3.80,
 140.293153,   35.597748,        3.77,
 140.297658,   35.597748,        3.74,
 140.302162,   35.597748,        3.71,
 140.306667,   35.597748,        3.68,
 140.311171,   35.597748,        3.64,
 140.315676,   35.597748,        3.61,
 140.320180,   35.597748,        3.57,
 140.324685,   35.597748,        3.54,
 140.329189,   35.597748,        3.50,
 140.333694,   35.597748,        3.46,
 140.338198,   35.597748,        3.42,
 140.342703,   35.597748,        3.38,
 140.347207,   35.597748,        3.34,
 140.351712,   35.597748,        3.29,
 140.356216,   35.597748,        3.25,
 140.360721,   35.597748,        3.20,
 140.365225,   35.597748,        3.16,
 140.369730,   35.597748,        3.11,
 140.374234,   35.597748,        3.06,
 140.378739,   35.597748,        3.01,
 140.383243,   35.597748,        2.96,
 140.387748,   35.597748,        2.91,
 139.140000,   35.602252,       15.92,
 139.144505,   35.602252,       15.46,
 139.149009,   35.602252,       15.02,
 139.153514,   35.602252,       14.57,
 139.158018,   35.602252,       14.14,
 139.162523,   35.602252,       13.70,
 139.167027,   35.602252,       13.28,
 139.171532,   35.602252,       12.86,
 139.176036,   35.602252,       12.44,
 139.180541,   35.602252,       12.03,
 139.185045,   35.602252,       11.62,
 139.189550,   35.602252,       11.22,
 139.194054,   35.602252,       10.83,
 139.198559,   35.602252,       10.44,
 139.203063,   35.602252,       10.05,
 139.207568,   35.602252,        9.67,
 139.212072,   35.602252,        9.30,
 139.216577,   35.602252,        8.93,
 139.221081,   35.602252,        8.57,
 139.225586,   35.602252,        8.21,
 139.230090,   35.602252,        7.86,
 139.234595,   35.602252,        7.51,
 139.239099,   35.602252,        7.16,
 139.243604,   35.602252,        6.83,
 139.248108,   35.602252,        6.50,
 139.252613,   35.602252,        6.17,
 139.257117,   35.602252,        5.85,
 139.261622,   35.602252,        5.53,
 139.266126,   35.602252,        5.22,
 139.270631,   35.602252,        4.91,
 139.275135,   35.602252,        4.61,
 139.279640,   35.602252,        4.32,
 139.284144,   35.602252,        4.03,
 139.288649,   35.602252,        3.74,
 139.293153,   35.602252,        3.46,
 139.297658,   35.602252,        3.19,
 139.302162,   35.602252,        2.92,
 139.306667,   35.602252,        2.65,
 139.311171,   35.602252,        2.39,
 139.315676,   35.602252,        2.14,
 139.320180,   35.602252,        1.89,
 139.324685,   35.602252,        1.65,
 139.329189,   35.602252,        1.41,
 139.333694,   35.602252,        1.18,
 139.338198,   35.602252,        0.95,
 139.342703,   35.602252,        0.73,
 139.347207,   35.602252,        0.51,
 139.351712,   35.602252,        0.30,
 139.356216,   35.602252,        0.09,
 139.360721,   35.602252,       -0.11,
 139.365225,   35.602252,       -0.31,
 139.369730,   35.602252,       -0.50,
 139.374234,   35.602252,       -0.68,
 139.378739,   35.602252,       -0.86,
 139.383243,   35.602252,       -1.04,
 139.387748,   35.602252,       -1.21,
 139.392252,   35.602252,       -1.37,
 139.396757,   35.602252,       -1.53,
 139.401261,   35.602252,       -1.69,
 139.405766,   35.602252,       -1.84,
 139.410270,   35.602252,       -1.98,
 139.414775,   35.602252,       -2.12,
 139.419279,   35.602252,       -2.25,
 139.423784,   35.602252,       -2.38,
 139.428288,   35.602252,       -2.50,
 139.432793,   35.602252,       -2.62,
 139.437297,   35.602252,       -2.73,
 139.441802,   35.602252,       -2.84,
 139.446306,   35.602252,       -2.94,
 139.450811,   35.602252,       -3.04,
 139.455315,   35.602252,       -3.13,
 139.459820,   35.602252,       -3.22,
 139.464324,   35.602252,       -3.30,
 139.468829,   35.602252,       -3.37,
 139.473333,   35.602252,       -3.44,
 139.477838,   35.602252,       -3.51,
 139.482342,   35.602252,       -3.57,
 139.486847,   35.602252,       -3.62,
 139.491351,   35.602252,       -3.67,
 139.495856,   35.602252,       -3.72,
 139.500360,   35.602252,       -3.76,
 139.504865,   35.602252,       -3.79,
 139.509369,   35.602252,       -3.82,
 139.513874,   35.602252,       -3.84,
 139.518378,   35.602252,       -3.86,
 139.522883,   35.602252,       -3.87,
 139.527387,   35.602252,       -3.88,
 139.531892,   35.602252,       -3.88,
 139.536396,   35.602252,       -3.88,
 139.540901,   35.602252,       -3.87,
 139.545405,   35.602252,       -3.86,
 139.549910,   35.602252,       -3.84,
 139.554414,   35.602252,       -3.82,
 139.558919,   35.602252,       -3.79,
 139.563423,   35.602252,       -3.75,
 139.567928,   35.602252,       -3.71,
 139.572432,   35.602252,       -3.67,
 139.576937,   35.602252,       -3.62,
 139.581441,   35.602252,       -3.56,
 139.585946,   35.602252,       -3.50,
 139.590450,   35.602252,       -3.44,
 139.594955,   35.602252,       -3.36,
 139.599459,   35.602252,       -3.29,
 139.603964,   35.602252,       -3.21,
 139.608468,   35.602252,       -3.12,
 139.612973,   35.602252,       -3.03,
 139.617477,   35.602252,       -2.93,
 139.621982,   35.602252,       -2.83,
 139.626486,   35.602252,       -2.72,
 139.630991,   35.602252,       -2.61,
 139.635495,   35.602252,       -2.49,
 139.640000,   35.602252,       -2.37,
 139.644505,   35.602252,       -2.24,
 139.649009,   35.602252,       -2.10,
 139.653514,   35.602252,       -1.97,
 139.658018,   35.602252,       -1.82,
 139.662523,   35.602252,       -1.67,
 139.667027,   35.602252,       -1.52,
 139.671532,   35.602252,       -1.36,
 139.676036,   35.602252,       -1.19,
 139.680541,   35.602252,       -1.02,
 139.685045,   35.602252,       -0.85,
 139.689550,   35.602252,       -0.94,
 139.694054,   35.602252,       -0.98,
 139.698559,   35.602252,       -0.84,
 139.703063,   35.602252,       -0.70,
 139.707568,   35.602252,       -0.55,
 139.712072,   35.602252,       -0.41,
 139.716577,   35.602252,       -0.26,
 139.721081,   35.602252,       -0.12,
 139.725586,   35.602252,       -0.02,
 139.730090,   35.602252,       -0.00,
 139.734595,   35.602252,       -0.16,
 139.739099,   35.602252,       -0.41,
 139.743604,   35.602252,       -0.65,
 139.748108,   35.602252,       -0.97,
 139.752613,   35.602252,       -1.16,
 139.757117,   35.602252,       -0.85,
 139.761622,   35.602252,       -0.62,
 139.766126,   35.602252,       -0.43,
 139.770631,   35.602252,       -0.38,
 139.775135,   35.602252,       -0.30,
 139.779640,   35.602252,       -0.17,
 139.784144,   35.602252,        0.03,
 139.788649,   35.602252,        0.23,
 139.793153,   35.602252,        0.39,
 139.797658,   35.602252,         NaN,
 139.802162,   35.602252,         NaN,
 139.806667,   35.602252,         NaN,
 139.811171,   35.602252,         NaN,
 139.815676,   35.602252,         NaN,
 139.820180,   35.602252,         NaN,
 139.824685,   35.602252,         NaN,
 139.829189,   35.602252,         NaN,
 139.833694,   35.602252,         NaN,
 139.838198,   35.602252,       -2.01,
 139.842703,   35.602252,       -1.47,
 139.847207,   35.602252,       -1.03,
 139.851712,   35.602252,       -1.05,
 139.856216,   35.602252,       -1.09,
 139.860721,   35.602252,       -1.13,
 139.865225,   35.602252,       -1.13,
 139.869730,   35.602252,       -1.03,
 139.874234,   35.602252,       -0.83,
 139.878739,   35.602252,       -0.54,
 139.883243,   35.602252,       -0.21,
 139.887748,   35.602252,        0.10,
 139.892252,   35.602252,        0.40,
 139.896757,   35.602252,        0.64,
 139.901261,   35.602252,        0.84,
 139.905766,   35.602252,        1.01,
 139.910270,   35.602252,        1.11,
 139.914775,   35.602252,        1.19,
 139.919279,   35.602252,        1.22,
 139.923784,   35.602252,        1.24,
 139.928288,   35.602252,        1.25,
 139.932793,   35.602252,        1.25,
 139.937297,   35.602252,        1.25,
 139.941802,   35.602252,        1.24,
 139.946306,   35.602252,        1.21,
 139.950811,   35.602252,        1.17,
 139.955315,   35.602252,        1.13,
 139.959820,   35.602252,        1.06,
 139.964324,   35.602252,        1.00,
 139.968829,   35.602252,        0.93,
 139.973333,   35.602252,        0.90,
 139.977838,   35.602252,        0.89,
 139.982342,   35.602252,        0.88,
 139.986847,   35.602252,        0.90,
 139.991351,   35.602252,        0.97,
 139.995856,   35.602252,        1.05,
 140.000360,   35.602252,        1.11,
 140.004865,   35.602252,        1.17,
 140.009369,   35.602252,        1.22,
 140.013874,   35.602252,        1.28,
 140.018378,   35.602252,        1.34,
 140.022883,   35.602252,        1.38,
 140.027387,   35.602252,        1.37,
 140.031892,   35.602252,        1.38,
 140.036396,   35.602252,        1.41,
 140.040901,   35.602252,        1.45,
 140.045405,   35.602252,        1.55,
 140.049910,   35.602252,        1.68,
 140.054414,   35.602252,        1.91,
 140.058919,   35.602252,        2.05,
 140.063423,   35.602252,        2.09,
 140.067928,   35.602252,        2.29,
 140.072432,   35.602252,        2.41,
 140.076937,   35.602252,        2.51,
 140.081441,   35.602252,        2.63,
 140.085946,   35.602252,        3.01,
 140.090450,   35.602252,        3.52,
 140.094955,   35.602252,        3.71,
 140.099459,   35.602252,        3.61,
 140.103964,   35.602252,        3.72,
 140.108468,   35.602252,        3.83,
 140.112973,   35.602252,        3.95,
 140.117477,   35.602252,        4.11,
 140.121982,   35.602252,        4.30,
 140.126486,   35.602252,        4.40,
 140.130991,   35.602252,        4.41,
 140.135495,   35.602252,        4.42,
 140.140000,   35.602252,        4.43,
 140.144505,   35.602252,        4.43,
 140.149009,   35.602252,        4.44,
 140.153514,   35.602252,        4.44,
 140.158018,   35.602252,        4.45,
 140.162523,   35.602252,        4.45,
 140.167027,   35.602252,        4.45,
 140.171532,   35.602252,        4.45,
 140.176036,   35.602252,        4.45,
 140.180541,   35.602252,        4.45,
 140.185045,   35.602252,        4.44,
 140.189550,   35.602252,        4.44,
 140.194054,   35.602252,        4.43,
 140.198559,   35.602252,        4.43,
 140.203063,   35.602252,        4.42,
 140.207568,   35.602252,        4.41,
 140.212072,   35.602252,        4.40,
 140.216577,   35.602252,        4.39,
 140.221081,   35.602252,        4.38,
 140.225586,   35.602252,        4.36,
 140.230090,   35.602252,        4.35,
 140.234595,   35.602252,        4.34,
 140.239099,   35.602252,        4.32,
 140.243604,   35.602252,        4.30,
 140.248108,   35.602252,        4.28,
 140.252613,   35.602252,        4.26,
 140.257117,   35.602252,        4.24,
 140.261622,   35.602252,        4.22,
 140.266126,   35.602252,        4.20,
 140.270631,   35.602252,        4.18,
 140.275135,   35.602252,        4.15,
 140.279640,   35.602252,        4.13,
 140.284144,   35.602252,        4.10,
 140.288649,   35.602252,        4.07,
 140.293153,   35.602252,        4.04,
 140.297658,   35.602252,        4.01,
 140.302162,   35.602252,        3.98,
 140.306667,   35.602252,        3.95,
 140.311171,   35.602252,        3.92,
 140.315676,   35.602252,        3.88,
 140.320180,   35.602252,        3.85,
 140.324685,   35.602252,        3.81,
 140.329189,   35.602252,        3.77,
 140.333694,   35.602252,        3.73,
 140.338198,   35.602252,        3.69,
 140.342703,   35.602252,        3.65,
 140.347207,   35.602252,        3.61,
 140.351712,   35.602252,        3.57,
 140.356216,   35.602252,        3.52,
 140.360721,   35.602252,        3.48,
 140.365225,   35.602252,        3.43,
 140.369730,   35.602252,        3.39,
 140.374234,   35.602252,        3.34,
 140.378739,   35.602252,        3.29,
 140.383243,   35.602252,        3.24,
 140.387748,   35.602252,        3.19,
 139.140000,   35.606757,       15.98,
 139.144505,   35.606757,       15.52,
 139.149009,   35.606757,       15.07,
 139.153514,   35.606757,       14.63,
 139.158018,   35.606757,       14.19,
 139.162523,   35.606757,       13.76,
 139.167027,   35.606757,       13.33,
 139.171532,   35.606757,       12.90,
 139.176036,   35.606757,       12.49,
 139.180541,   35.606757,       12.07,
 139.185045,   35.606757,       11.67,
 139.189550,   35.606757,       11.26,
 139.194054,   35.606757,       10.87,
 139.198559,   35.606757,       10.47,
 139.203063,   35.606757,       10.09,
 139.207568,   35.606757,        9.70,
 139.212072,   35.606757,        9.33,
 139.216577,   35.606757,        8.96,
 139.221081,   35.606757,        8.59,
 139.225586,   35.606757,        8.23,
 139.230090,   35.606757,        7.87,
 139.234595,   35.606757,        7.52,
 139.239099,   35.606757,        7.18,
 139.243604,   35.606757,        6.84,
 139.248108,   35.606757,        6.51,
 139.252613,   35.606757,        6.18,
 139.257117,   35.606757,        5.85,
 139.261622,   35.606757,        5.53,
 139.266126,   35.606757,        5.22,
 139.270631,   35.606757,        4.91,
 139.275135,   35.606757,        4.61,
 139.279640,   35.606757,        4.31,
 139.284144,   35.606757,        4.02,
 139.288649,   35.606757,        3.73,
 139.293153,   35.606757,        3.45,
 139.297658,   35.606757,        3.17,
 139.302162,   35.606757,        2.90,
 139.306667,   35.606757,        2.63,
 139.311171,   35.606757,        2.37,
 139.315676,   35.606757,        2.12,
 139.320180,   35.606757,        1.87,
 139.324685,   35.606757,        1.62,
 139.329189,   35.606757,        1.38,
 139.333694,   35.606757,        1.14,
 139.338198,   35.606757,        0.91,
 139.342703,   35.606757,        0.69,
 139.347207,   35.606757,        0.47,
 139.351712,   35.606757,        0.26,
 139.356216,   35.606757,        0.05,
 139.360721,   35.606757,       -0.16,
 139.365225,   35.606757,       -0.35,
 139.369730,   35.606757,       -0.55,
 139.374234,   35.606757,       -0.73,
 139.378739,   35.606757,       -0.92,
 139.383243,   35.606757,       -1.09,
 139.387748,   35.606757,       -1.27,
 139.392252,   35.606757,       -1.43,
 139.396757,   35.606757,       -1.60,
 139.401261,   35.606757,       -1.75,
 139.405766,   35.606757,       -1.90,
 139.410270,   35.606757,       -2.05,
 139.414775,   35.606757,       -2.19,
 139.419279,   35.606757,       -2.33,
 139.423784,   35.606757,       -2.46,
 139.428288,   35.606757,       -2.58,
 139.432793,   35.606757,       -2.70,
 139.437297,   35.606757,       -2.82,
 139.441802,   35.606757,       -2.92,
 139.446306,   35.606757,       -3.03,
 139.450811,   35.606757,       -3.13,
 139.455315,   35.606757,       -3.22,
 139.459820,   35.606757,       -3.31,
 139.464324,   35.606757,       -3.39,
 139.468829,   35.606757,       -3.47,
 139.473333,   35.606757,       -3.54,
 139.477838,   35.606757,       -3.61,
 139.482342,   35.606757,       -3.67,
 139.486847,   35.606757,       -3.73,
 139.491351,   35.606757,       -3.78,
 139.495856,   35.606757,       -3.83,
 139.500360,   35.606757,       -3.87,
 139.504865,   35.606757,       -3.90,
 139.509369,   35.606757,       -3.94,
 139.513874,   35.606757,       -3.96,
 139.518378,   35.606757,       -3.98,
 139.522883,   35.606757,       -4.00,
 139.527387,   35.606757,       -4.01,
 139.531892,   35.606757,       -4.01,
 139.536396,   35.606757,       -4.01,
 139.540901,   35.606757,       -4.00,
 139.545405,   35.606757,       -3.99,
 139.549910,   35.606757,       -3.98,
 139.554414,   35.606757,       -3.96,
 139.558919,   35.606757,       -3.93,
 139.563423,   35.606757,       -3.90,
 139.567928,   35.606757,       -3.86,
 139.572432,   35.606757,       -3.82,
 139.576937,   35.606757,       -3.77,
 139.581441,   35.606757,       -3.72,
 139.585946,   35.606757,       -3.66,
 139.590450,   35.606757,       -3.59,
 139.594955,   35.606757,       -3.52,
 139.599459,   35.606757,       -3.45,
 139.603964,   35.606757,       -3.37,
 139.608468,   35.606757,       -3.29,
 139.612973,   35.606757,       -3.20,
 139.617477,   35.606757,       -3.10,
 139.621982,   35.606757,       -3.00,
 139.626486,   35.606757,       -2.90,
 139.630991,   35.606757,       -2.79,
 139.635495,   35.606757,       -2.67,
 139.640000,   35.606757,       -2.55,
 139.644505,   35.606757,       -2.42,
 139.649009,   35.606757,       -2.29,
 139.653514,   35.606757,       -2.15,
 139.658018,   35.606757,       -2.01,
 139.662523,   35.606757,       -1.86,
 139.667027,   35.606757,       -1.71,
 139.671532,   35.606757,       -1.55,
 139.676036,   35.606757,       -1.39,
 139.680541,   35.606757,       -1.22,
 139.685045,   35.606757,       -1.05,
 139.689550,   35.606757,       -0.87,
 139.694054,   35.606757,       -0.69,
 139.698559,   35.606757,       -0.93,
 139.703063,   35.606757,       -0.80,
 139.707568,   35.606757,       -0.66,
 139.712072,   35.606757,       -0.51,
 139.716577,   35.606757,       -0.37,
 139.721081,   35.606757,       -0.22,
 139.725586,   35.606757,       -0.09,
 139.730090,   35.606757,       -0.00,
 139.734595,   35.606757,       -0.02,
 139.739099,   35.606757,       -0.23,
 139.743604,   35.606757,       -0.43,
 139.748108,   35.606757,       -0.69,
 139.752613,   35.606757,       -0.93,
 139.757117,   35.606757,       -0.74,
 139.761622,   35.606757,       -0.52,
 139.766126,   35.606757,       -0.35,
 139.770631,   35.606757,       -0.29,
 139.775135,   35.606757,       -0.22,
 139.779640,   35.606757,       -0.10,
 139.784144,   35.606757,        0.07,
 139.788649,   35.606757,        0.44,
 139.793153,   35.606757,        0.70,
 139.797658,   35.606757,         NaN,
 139.802162,   35.606757,         NaN,
 139.806667,   35.606757,         NaN,
 139.811171,   35.606757,         NaN,
 139.815676,   35.606757,         NaN,
 139.820180,   35.606757,         NaN,
 139.824685,   35.606757,         NaN,
 139.829189,   35.606757,         NaN,
 139.833694,   35.606757,       -1.64,
 139.838198,   35.606757,       -1.19,
 139.842703,   35.606757,       -0.91,
 139.847207,   35.606757,       -0.75,
 139.851712,   35.606757,       -0.78,
 139.856216,   35.606757,       -0.85,
 139.860721,   35.606757,       -0.89,
 139.865225,   35.606757,       -0.84,
 139.869730,   35.606757,       -0.80,
 139.874234,   35.606757,       -0.61,
 139.878739,   35.606757,       -0.38,
 139.883243,   35.606757,       -0.03,
 139.887748,   35.606757,        0.31,
 139.892252,   35.606757,        0.62,
 139.896757,   35.606757,        0.89,
 139.901261,   35.606757,        1.12,
 139.905766,   35.606757,        1.31,
 139.910270,   35.606757,        1.45,
 139.914775,   35.606757,        1.54,
 139.919279,   35.606757,        1.54,
 139.923784,   35.606757,        1.51,
 139.928288,   35.606757,        1.49,
 139.932793,   35.606757,        1.48,
 139.937297,   35.606757,        1.45,
 139.941802,   35.606757,        1.43,
 139.946306,   35.606757,        1.36,
 139.950811,   35.606757,        1.29,
 139.955315,   35.606757,        1.24,
 139.959820,   35.606757,        1.17,
 139.964324,   35.606757,        1.10,
 139.968829,   35.606757,        1.04,
 139.973333,   35.606757,        0.99,
 139.977838,   35.606757,        0.97,
 139.982342,   35.606757,        0.95,
 139.986847,   35.606757,        0.99,
 139.991351,   35.606757,        1.08,
 139.995856,   35.606757,        1.16,
 140.000360,   35.606757,        1.24,
 140.004865,   35.606757,        1.30,
 140.009369,   35.606757,        1.36,
 140.013874,   35.606757,        1.41,
 140.018378,   35.606757,        1.44,
 140.022883,   35.606757,        1.42,
 140.027387,   35.606757,        1.41,
 140.031892,   35.606757,        1.40,
 140.036396,   35.606757,        1.44,
 140.040901,   35.606757,        1.45,
 140.045405,   35.606757,        1.63,
 140.049910,   35.606757,        1.82,
 140.054414,   35.606757,        1.86,
 140.058919,   35.606757,        1.52,
 140.063423,   35.606757,        1.20,
 140.067928,   35.606757,        1.80,
 140.072432,   35.606757,        2.43,
 140.076937,   35.606757,        2.41,
 140.081441,   35.606757,        2.70,
 140.085946,   35.606757,        3.05,
 140.090450,   35.606757,        3.48,
 140.094955,   35.606757,        3.70,
 140.099459,   35.606757,        3.66,
 140.103964,   35.606757,        3.73,
 140.108468,   35.606757,        3.81,
 140.112973,   35.606757,        3.92,
 140.117477,   35.606757,        4.08,
 140.121982,   35.606757,        4.27,
 140.126486,   35.606757,        4.49,
 140.130991,   35.606757,        4.65,
 140.135495,   35.606757,        4.68,
 140.140000,   35.606757,        4.69,
 140.144505,   35.606757,        4.69,
 140.149009,   35.606757,        4.70,
 140.153514,   35.606757,        4.70,
 140.158018,   35.606757,        4.71,
 140.162523,   35.606757,        4.71,
 140.167027,   35.606757,        4.71,
 140.171532,   35.606757,        4.71,
 140.176036,   35.606757,        4.71,
 140.180541,   35.606757,        4.71,
 140.185045,   35.606757,        4.70,
 140.189550,   35.606757,        4.70,
 140.194054,   35.606757,        4.70,
 140.198559,   35.606757,        4.69,
 140.203063,   35.606757,        4.68,
 140.207568,   35.606757,        4.67,
 140.212072,   35.606757,        4.66,
 140.216577,   35.606757,        4.65,
 140.221081,   35.606757,        4.64,
 140.225586,   35.606757,        4.63,
 140.230090,   35.606757,        4.62,
 140.234595,   35.606757,        4.60,
 140.239099,   35.606757,        4.59,
 140.243604,   35.606757,        4.57,
 140.248108,   35.606757,        4.55,
 140.252613,   35.606757,        4.53,
 140.257117,   35.606757,        4.51,
 140.261622,   35.606757,        4.49,
 140.266126,   35.606757,        4.47,
 140.270631,   35.606757,        4.45,
 140.275135,   35.606757,        4.42,
 140.279640,   35.606757,        4.40,
 140.284144,   35.606757,        4.37,
 140.288649,   35.606757,        4.34,
 140.293153,   35.606757,        4.31,
 140.297658,   35.606757,        4.28,
 140.302162,   35.606757,        4.25,
 140.306667,   35.606757,        4.22,
 140.311171,   35.606757,        4.19,
 140.315676,   35.606757,        4.15,
 140.320180,   35.606757,        4.12,
 140.324685,   35.606757,        4.08,
 140.329189,   35.606757,        4.05,
 140.333694,   35.606757,        4.01,
 140.338198,   35.606757,        3.97,
 140.342703,   35.606757,        3.93,
 140.347207,   35.606757,        3.89,
 140.351712,   35.606757,        3.84,
 140.356216,   35.606757,        3.80,
 140.360721,   35.606757,        3.76,
 140.365225,   35.606757,        3.71,
 140.369730,   35.606757,        3.66,
 140.374234,   35.606757,        3.62,
 140.378739,   35.606757,        3.57,
 140.383243,   35.606757,        3.52,
 140.387748,   35.606757,        3.47,
 139.140000,   35.611261,       16.04,
 139.144505,   35.611261,       15.58,
 139.149009,   35.611261,       15.13,
 139.153514,   35.611261,       14.68,
 139.158018,   35.611261,       14.24,
 139.162523,   35.611261,       13.80,
 139.167027,   35.611261,       13.37,
 139.171532,   35.611261,       12.95,
 139.176036,   35.611261,       12.53,
 139.180541,   35.611261,       12.11,
 139.185045,   35.611261,       11.70,
 139.189550,   35.611261,       11.30,
 139.194054,   35.611261,       10.90,
 139.198559,   35.611261,       10.50,
 139.203063,   35.611261,       10.11,
 139.207568,   35.611261,        9.73,
 139.212072,   35.611261,        9.35,
 139.216577,   35.611261,        8.98,
 139.221081,   35.611261,        8.61,
 139.225586,   35.611261,        8.25,
 139.230090,   35.611261,        7.89,
 139.234595,   35.611261,        7.54,
 139.239099,   35.611261,        7.19,
 139.243604,   35.611261,        6.85,
 139.248108,   35.611261,        6.51,
 139.252613,   35.611261,        6.18,
 139.257117,   35.611261,        5.85,
 139.261622,   35.611261,        5.53,
 139.266126,   35.611261,        5.22,
 139.270631,   35.611261,        4.91,
 139.275135,   35.611261,        4.60,
 139.279640,   35.611261,        4.30,
 139.284144,   35.611261,        4.01,
 139.288649,   35.611261,        3.72,
 139.293153,   35.611261,        3.43,
 139.297658,   35.611261,        3.15,
 139.302162,   35.611261,        2.88,
 139.306667,   35.611261,        2.61,
 139.311171,   35.611261,        2.35,
 139.315676,   35.611261,        2.09,
 139.320180,   35.611261,        1.84,
 139.324685,   35.611261,        1.59,
 139.329189,   35.611261,        1.34,
 139.333694,   35.611261,        1.11,
 139.338198,   35.611261,        0.88,
 139.342703,   35.611261,        0.65,
 139.347207,   35.611261,        0.43,
 139.351712,   35.611261,        0.21,
 139.356216,   35.611261,        0.00,
 139.360721,   35.611261,       -0.21,
 139.365225,   35.611261,       -0.41,
 139.369730,   35.611261,       -0.60,
 139.374234,   35.611261,       -0.79,
 139.378739,   35.611261,       -0.98,
 139.383243,   35.611261,       -1.16,
 139.387748,   35.611261,       -1.33,
 139.392252,   35.611261,       -1.50,
 139.396757,   35.611261,       -1.66,
 139.401261,   35.611261,       -1.82,
 139.405766,   35.611261,       -1.98,
 139.410270,   35.611261,       -2.12,
 139.414775,   35.611261,       -2.27,
 139.419279,   35.611261,       -2.40,
 139.423784,   35.611261,       -2.54,
 139.428288,   35.611261,       -2.66,
 139.432793,   35.611261,       -2.79,
 139.437297,   35.611261,       -2.90,
 139.441802,   35.611261,       -3.01,
 139.446306,   35.611261,       -3.12,
 139.450811,   35.611261,       -3.22,
 139.455315,   35.611261,       -3.32,
 139.459820,   35.611261,       -3.41,
 139.464324,   35.611261,       -3.49,
 139.468829,   35.611261,       -3.57,
 139.473333,   35.611261,       -3.65,
 139.477838,   35.611261,       -3.72,
 139.482342,   35.611261,       -3.78,
 139.486847,   35.611261,       -3.84,
 139.491351,   35.611261,       -3.90,
 139.495856,   35.611261,       -3.94,
 139.500360,   35.611261,       -3.99,
 139.504865,   35.611261,       -4.03,
 139.509369,   35.611261,       -4.06,
 139.513874,   35.611261,       -4.09,
 139.518378,   35.611261,       -4.11,
 139.522883,   35.611261,       -4.13,
 139.527387,   35.611261,       -4.14,
 139.531892,   35.611261,       -4.14,
 139.536396,   35.611261,       -4.15,
 139.540901,   35.611261,       -4.14,
 139.545405,   35.611261,       -4.13,
 139.549910,   35.611261,       -4.12,
 139.554414,   35.611261,       -4.10,
 139.558919,   35.611261,       -4.08,
 139.563423,   35.611261,       -4.05,
 139.567928,   35.611261,       -4.01,
 139.572432,   35.611261,       -3.97,
 139.576937,   35.611261,       -3.92,
 139.581441,   35.611261,       -3.87,
 139.585946,   35.611261,       -3.82,
 139.590450,   35.611261,       -3.76,
 139.594955,   35.611261,       -3.69,
 139.599459,   35.611261,       -3.62,
 139.603964,   35.611261,       -3.54,
 139.608468,   35.611261,       -3.46,
 139.612973,   35.611261,       -3.37,
 139.617477,   35.611261,       -3.28,
 139.621982,   35.611261,       -3.18,
 139.626486,   35.611261,       -3.08,
 139.630991,   35.611261,       -2.97,
 139.635495,   35.611261,       -2.86,
 139.640000,   35.611261,       -2.74,
 139.644505,   35.611261,       -2.61,
 139.649009,   35.611261,       -2.48,
 139.653514,   35.611261,       -2.35,
 139.658018,   35.611261,       -2.21,
 139.662523,   35.611261,       -2.06,
 139.667027,   35.611261,       -1.91,
 139.671532,   35.611261,       -1.76,
 139.676036,   35.611261,       -1.60,
 139.680541,   35.611261,       -1.43,
 139.685045,   35.611261,       -1.26,
 139.689550,   35.611261,       -1.08,
 139.694054,   35.611261,       -0.90,
 139.698559,   35.611261,       -0.71,
 139.703063,   35.611261,       -0.78,
 139.707568,   35.611261,       -0.76,
 139.712072,   35.611261,       -0.62,
 139.716577,   35.611261,       -0.48,
 139.721081,   35.611261,       -0.33,
 139.725586,   35.611261,       -0.19,
 139.730090,   35.611261,       -0.06,
 139.734595,   35.611261,        0.01,
 139.739099,   35.611261,       -0.07,
 139.743604,   35.611261,       -0.26,
 139.748108,   35.611261,       -0.43,
 139.752613,   35.611261,       -0.70,
 139.757117,   35.611261,       -0.61,
 139.761622,   35.611261,       -0.39,
 139.766126,   35.611261,       -0.23,
 139.770631,   35.611261,       -0.19,
 139.775135,   35.611261,       -0.12,
 139.779640,   35.611261,        0.00,
 139.784144,   35.611261,        0.38,
 139.788649,   35.611261,        0.79,
 139.793153,   35.611261,        1.00,
 139.797658,   35.611261,        1.15,
 139.802162,   35.611261,         NaN,
 139.806667,   35.611261,         NaN,
 139.811171,   35.611261,         NaN,
 139.815676,   35.611261,         NaN,
 139.820180,   35.611261,         NaN,
 139.824685,   35.611261,         NaN,
 139.829189,   35.611261,       -0.71,
 139.833694,   35.611261,       -0.53,
 139.838198,   35.611261,       -0.46,
 139.842703,   35.611261,       -0.32,
 139.847207,   35.611261,       -0.27,
 139.851712,   35.611261,       -0.37,
 139.856216,   35.611261,       -0.41,
 139.860721,   35.611261,       -0.40,
 139.865225,   35.611261,       -0.39,
 139.869730,   35.611261,       -0.38,
 139.874234,   35.611261,       -0.33,
 139.878739,   35.611261,       -0.09,
 139.883243,   35.611261,        0.20,
 139.887748,   35.611261,        0.53,
 139.892252,   35.611261,        0.85,
 139.896757,   35.611261,        1.18,
 139.901261,   35.611261,        1.45,
 139.905766,   35.611261,        1.68,
 139.910270,   35.611261,        1.84,
 139.914775,   35.611261,        1.94,
 139.919279,   35.611261,        1.89,
 139.923784,   35.611261,        1.83,
 139.928288,   35.611261,        1.77,
 139.932793,   35.611261,        1.70,
 139.937297,   35.611261,        1.66,
 139.941802,   35.611261,        1.58,
 139.946306,   35.611261,        1.50,
 139.950811,   35.611261,        1.43,
 139.955315,   35.611261,        1.35,
 139.959820,   35.611261,        1.28,
 139.964324,   35.611261,        1.20,
 139.968829,   35.611261,        1.14,
 139.973333,   35.611261,        1.09,
 139.977838,   35.611261,        1.07,
 139.982342,   35.611261,        1.06,
 139.986847,   35.611261,        1.09,
 139.991351,   35.611261,        1.18,
 139.995856,   35.611261,        1.27,
 140.000360,   35.611261,        1.34,
 140.004865,   35.611261,        1.42,
 140.009369,   35.611261,        1.49,
 140.013874,   35.611261,        1.55,
 140.018378,   35.611261,        1.53,
 140.022883,   35.611261,        1.48,
 140.027387,   35.611261,        1.46,
 140.031892,   35.611261,        1.50,
 140.036396,   35.611261,        1.58,
 140.040901,   35.611261,        1.63,
 140.045405,   35.611261,        1.69,
 140.049910,   35.611261,        1.53,
 140.054414,   35.611261,        0.94,
 140.058919,   35.611261,        0.28,
 140.063423,   35.611261,       -0.25,
 140.067928,   35.611261,        0.83,
 140.072432,   35.611261,        2.07,
 140.076937,   35.611261,         NaN,
 140.081441,   35.611261,         NaN,
 140.085946,   35.611261,         NaN,
 140.090450,   35.611261,         NaN,
 140.094955,   35.611261,         NaN,
 140.099459,   35.611261,        3.62,
 140.103964,   35.611261,        3.67,
 140.108468,   35.611261,        3.75,
 140.112973,   35.611261,        3.86,
 140.117477,   35.611261,        4.01,
 140.121982,   35.611261,        4.20,
 140.126486,   35.611261,        4.42,
 140.130991,   35.611261,        4.68,
 140.135495,   35.611261,        4.85,
 140.140000,   35.611261,        4.94,
 140.144505,   35.611261,        4.95,
 140.149009,   35.611261,        4.96,
 140.153514,   35.611261,        4.96,
 140.158018,   35.611261,        4.97,
 140.162523,   35.611261,        4.97,
 140.167027,   35.611261,        4.97,
 140.171532,   35.611261,        4.97,
 140.176036,   35.611261,        4.97,
 140.180541,   35.611261,        4.97,
 140.185045,   35.611261,        4.97,
 140.189550,   35.611261,        4.96,
 140.194054,   35.611261,        4.96,
 140.198559,   35.611261,        4.95,
 140.203063,   35.611261,        4.95,
 140.207568,   35.611261,        4.94,
 140.212072,   35.611261,        4.93,
 140.216577,   35.611261,        4.92,
 140.221081,   35.611261,        4.91,
 140.225586,   35.611261,        4.90,
 140.230090,   35.611261,        4.88,
 140.234595,   35.611261,        4.87,
 140.239099,   35.611261,        4.85,
 140.243604,   35.611261,        4.84,
 140.248108,   35.611261,        4.82,
 140.252613,   35.611261,        4.80,
 140.257117,   35.611261,        4.78,
 140.261622,   35.611261,        4.76,
 140.266126,   35.611261,        4.74,
 140.270631,   35.611261,        4.72,
 140.275135,   35.611261,        4.69,
 140.279640,   35.611261,        4.67,
 140.284144,   35.611261,        4.64,
 140.288649,   35.611261,        4.61,
 140.293153,   35.611261,        4.59,
 140.297658,   35.611261,        4.56,
 140.302162,   35.611261,        4.53,
 140.306667,   35.611261,        4.49,
 140.311171,   35.611261,        4.46,
 140.315676,   35.611261,        4.43,
 140.320180,   35.611261,        4.39,
 140.324685,   35.611261,        4.36,
 140.329189,   35.611261,        4.32,
 140.333694,   35.611261,        4.28,
 140.338198,   35.611261,        4.25,
 140.342703,   35.611261,        4.21,
 140.347207,   35.611261,        4.16,
 140.351712,   35.611261,        4.12,
 140.356216,   35.611261,        4.08,
 140.360721,   35.611261,        4.04,
 140.365225,   35.611261,        3.99,
 140.369730,   35.611261,        3.94,
 140.374234,   35.611261,        3.90,
 140.378739,   35.611261,        3.85,
 140.383243,   35.611261,        3.80,
 140.387748,   35.611261,        3.75,
 139.140000,   35.615766,       16.09,
 139.144505,   35.615766,       15.63,
 139.149009,   35.615766,       15.18,
 139.153514,   35.615766,       14.73,
 139.158018,   35.615766,       14.28,
 139.162523,   35.615766,       13.85,
 139.167027,   35.615766,       13.41,
 139.171532,   35.615766,       12.98,
 139.176036,   35.615766,       12.56,
 139.180541,   35.615766,       12.14,
 139.185045,   35.615766,       11.73,
 139.189550,   35.615766,       11.33,
 139.194054,   35.615766,       10.92,
 139.198559,   35.615766,       10.53,
 139.203063,   35.615766,       10.14,
 139.207568,   35.615766,        9.75,
 139.212072,   35.615766,        9.37,
 139.216577,   35.615766,        8.99,
 139.221081,   35.615766,        8.62,
 139.225586,   35.615766,        8.26,
 139.230090,   35.615766,        7.90,
 139.234595,   35.615766,        7.54,
 139.239099,   35.615766,        7.19,
 139.243604,   35.615766,        6.85,
 139.248108,   35.615766,        6.51,
 139.252613,   35.615766,        6.18,
 139.257117,   35.615766,        5.85,
 139.261622,   35.615766,        5.52,
 139.266126,   35.615766,        5.21,
 139.270631,   35.615766,        4.89,
 139.275135,   35.615766,        4.59,
 139.279640,   35.615766,        4.28,
 139.284144,   35.615766,        3.99,
 139.288649,   35.615766,        3.70,
 139.293153,   35.615766,        3.41,
 139.297658,   35.615766,        3.13,
 139.302162,   35.615766,        2.85,
 139.306667,   35.615766,        2.58,
 139.311171,   35.615766,        2.32,
 139.315676,   35.615766,        2.05,
 139.320180,   35.615766,        1.80,
 139.324685,   35.615766,        1.55,
 139.329189,   35.615766,        1.31,
 139.333694,   35.615766,        1.07,
 139.338198,   35.615766,        0.83,
 139.342703,   35.615766,        0.60,
 139.347207,   35.615766,        0.38,
 139.351712,   35.615766,        0.16,
 139.356216,   35.615766,       -0.05,
 139.360721,   35.615766,       -0.26,
 139.365225,   35.615766,       -0.46,
 139.369730,   35.615766,       -0.66,
 139.374234,   35.615766,       -0.85,
 139.378739,   35.615766,       -1.04,
 139.383243,   35.615766,       -1.22,
 139.387748,   35.615766,       -1.40,
 139.392252,   35.615766,       -1.57,
 139.396757,   35.615766,       -1.74,
 139.401261,   35.615766,       -1.90,
 139.405766,   35.615766,       -2.05,
 139.410270,   35.615766,       -2.20,
 139.414775,   35.615766,       -2.35,
 139.419279,   35.615766,       -2.49,
 139.423784,   35.615766,       -2.62,
 139.428288,   35.615766,       -2.75,
 139.432793,   35.615766,       -2.88,
 139.437297,   35.615766,       -3.00,
 139.441802,   35.615766,       -3.11,
 139.446306,   35.615766,       -3.22,
 139.450811,   35.615766,       -3.32,
 139.455315,   35.615766,       -3.42,
 139.459820,   35.615766,       -3.51,
 139.464324,   35.615766,       -3.60,
 139.468829,   35.615766,       -3.68,
 139.473333,   35.615766,       -3.76,
 139.477838,   35.615766,       -3.83,
 139.482342,   35.615766,       -3.90,
 139.486847,   35.615766,       -3.96,
 139.491351,   35.615766,       -4.01,
 139.495856,   35.615766,       -4.07,
 139.500360,   35.615766,       -4.11,
 139.504865,   35.615766,       -4.15,
 139.509369,   35.615766,       -4.19,
 139.513874,   35.615766,       -4.22,
 139.518378,   35.615766,       -4.24,
 139.522883,   35.615766,       -4.26,
 139.527387,   35.615766,       -4.28,
 139.531892,   35.615766,       -4.28,
 139.536396,   35.615766,       -4.29,
 139.540901,   35.615766,       -4.29,
 139.545405,   35.615766,       -4.28,
 139.549910,   35.615766,       -4.27,
 139.554414,   35.615766,       -4.25,
 139.558919,   35.615766,       -4.23,
 139.563423,   35.615766,       -4.20,
 139.567928,   35.615766,       -4.17,
 139.572432,   35.615766,       -4.13,
 139.576937,   35.615766,       -4.09,
 139.581441,   35.615766,       -4.04,
 139.585946,   35.615766,       -3.98,
 139.590450,   35.615766,       -3.92,
 139.594955,   35.615766,       -3.86,
 139.599459,   35.615766,       -3.79,
 139.603964,   35.615766,       -3.72,
 139.608468,   35.615766,       -3.64,
 139.612973,   35.615766,       -3.55,
 139.617477,   35.615766,       -3.46,
 139.621982,   35.615766,       -3.36,
 139.626486,   35.615766,       -3.26,
 139.630991,   35.615766,       -3.16,
 139.635495,   35.615766,       -3.05,
 139.640000,   35.615766,       -2.93,
 139.644505,   35.615766,       -2.81,
 139.649009,   35.615766,       -2.68,
 139.653514,   35.615766,       -2.55,
 139.658018,   35.615766,       -2.41,
 139.662523,   35.615766,       -2.27,
 139.667027,   35.615766,       -2.12,
 139.671532,   35.615766,       -1.96,
 139.676036,   35.615766,       -1.81,
 139.680541,   35.615766,       -1.64,
 139.685045,   35.615766,       -1.47,
 139.689550,   35.615766,       -1.30,
 139.694054,   35.615766,       -1.12,
 139.698559,   35.615766,       -0.93,
 139.703063,   35.615766,       -0.74,
 139.707568,   35.615766,       -0.55,
 139.712072,   35.615766,       -0.72,
 139.716577,   35.615766,       -0.58,
 139.721081,   35.615766,       -0.44,
 139.725586,   35.615766,       -0.29,
 139.730090,   35.615766,       -0.15,
 139.734595,   35.615766,       -0.03,
 139.739099,   35.615766,        0.02,
 139.743604,   35.615766,       -0.11,
 139.748108,   35.615766,       -0.24,
 139.752613,   35.615766,       -0.46,
 139.757117,   35.615766,       -0.46,
 139.761622,   35.615766,       -0.28,
 139.766126,   35.615766,       -0.15,
 139.770631,   35.615766,       -0.08,
 139.775135,   35.615766,        0.01,
 139.779640,   35.615766,        0.33,
 139.784144,   35.615766,        1.11,
 139.788649,   35.615766,        1.53,
 139.793153,   35.615766,        1.44,
 139.797658,   35.615766,        1.57,
 139.802162,   35.615766,        1.53,
 139.806667,   35.615766,        1.33,
 139.811171,   35.615766,        1.20,
 139.815676,   35.615766,        1.15,
 139.820180,   35.615766,        0.95,
 139.824685,   35.615766,        0.61,
 139.829189,   35.615766,        0.54,
 139.833694,   35.615766,        0.32,
 139.838198,   35.615766,        0.21,
 139.842703,   35.615766,        0.32,
 139.847207,   35.615766,        0.40,
 139.851712,   35.615766,        0.36,
 139.856216,   35.615766,        0.31,
 139.860721,   35.615766,        0.24,
 139.865225,   35.615766,        0.11,
 139.869730,   35.615766,        0.06,
 139.874234,   35.615766,        0.07,
 139.878739,   35.615766,        0.24,
 139.883243,   35.615766,        0.52,
 139.887748,   35.615766,        0.79,
 139.892252,   35.615766,        1.07,
 139.896757,   35.615766,        1.42,
 139.901261,   35.615766,        1.76,
 139.905766,   35.615766,        2.01,
 139.910270,   35.615766,        2.24,
 139.914775,   35.615766,        2.40,
 139.919279,   35.615766,        2.29,
 139.923784,   35.615766,        2.16,
 139.928288,   35.615766,        2.04,
 139.932793,   35.615766,        1.93,
 139.937297,   35.615766,        1.84,
 139.941802,   35.615766,        1.72,
 139.946306,   35.615766,        1.63,
 139.950811,   35.615766,        1.54,
 139.955315,   35.615766,        1.45,
 139.959820,   35.615766,        1.37,
 139.964324,   35.615766,        1.30,
 139.968829,   35.615766,        1.23,
 139.973333,   35.615766,        1.19,
 139.977838,   35.615766,        1.19,
 139.982342,   35.615766,        1.20,
 139.986847,   35.615766,        1.22,
 139.991351,   35.615766,        1.29,
 139.995856,   35.615766,        1.36,
 140.000360,   35.615766,        1.42,
 140.004865,   35.615766,        1.49,
 140.009369,   35.615766,        1.59,
 140.013874,   35.615766,        1.70,
 140.018378,   35.615766,        1.45,
 140.022883,   35.615766,        1.40,
 140.027387,   35.615766,        1.32,
 140.031892,   35.615766,        1.27,
 140.036396,   35.615766,        1.53,
 140.040901,   35.615766,        1.33,
 140.045405,   35.615766,        0.99,
 140.049910,   35.615766,         NaN,
 140.054414,   35.615766,         NaN,
 140.058919,   35.615766,         NaN,
 140.063423,   35.615766,         NaN,
 140.067928,   35.615766,         NaN,
 140.072432,   35.615766,         NaN,
 140.076937,   35.615766,         NaN,
 140.081441,   35.615766,         NaN,
 140.085946,   35.615766,         NaN,
 140.090450,   35.615766,         NaN,
 140.094955,   35.615766,         NaN,
 140.099459,   35.615766,         NaN,
 140.103964,   35.615766,        3.58,
 140.108468,   35.615766,        3.65,
 140.112973,   35.615766,        3.77,
 140.117477,   35.615766,        3.91,
 140.121982,   35.615766,        4.10,
 140.126486,   35.615766,        4.32,
 140.130991,   35.615766,        4.57,
 140.135495,   35.615766,        4.86,
 140.140000,   35.615766,        5.05,
 140.144505,   35.615766,        5.20,
 140.149009,   35.615766,        5.22,
 140.153514,   35.615766,        5.22,
 140.158018,   35.615766,        5.23,
 140.162523,   35.615766,        5.23,
 140.167027,   35.615766,        5.23,
 140.171532,   35.615766,        5.23,
 140.176036,   35.615766,        5.23,
 140.180541,   35.615766,        5.23,
 140.185045,   35.615766,        5.23,
 140.189550,   35.615766,        5.23,
 140.194054,   35.615766,        5.22,
 140.198559,   35.615766,        5.22,
 140.203063,   35.615766,        5.21,
 140.207568,   35.615766,        5.20,
 140.212072,   35.615766,        5.20,
 140.216577,   35.615766,        5.19,
 140.221081,   35.615766,        5.17,
 140.225586,   35.615766,        5.16,
 140.230090,   35.615766,        5.15,
 140.234595,   35.615766,        5.14,
 140.239099,   35.615766,        5.12,
 140.243604,   35.615766,        5.11,
 140.248108,   35.615766,        5.09,
 140.252613,   35.615766,        5.07,
 140.257117,   35.615766,        5.05,
 140.261622,   35.615766,        5.03,
 140.266126,   35.615766,        5.01,
 140.270631,   35.615766,        4.99,
 140.275135,   35.615766,        4.96,
 140.279640,   35.615766,        4.94,
 140.284144,   35.615766,        4.91,
 140.288649,   35.615766,        4.89,
 140.293153,   35.615766,        4.86,
 140.297658,   35.615766,        4.83,
 140.302162,   35.615766,        4.80,
 140.306667,   35.615766,        4.77,
 140.311171,   35.615766,        4.74,
 140.315676,   35.615766,        4.70,
 140.320180,   35.615766,        4.67,
 140.324685,   35.615766,        4.64,
 140.329189,   35.615766,        4.60,
 140.333694,   35.615766,        4.56,
 140.338198,   35.615766,        4.52,
 140.342703,   35.615766,        4.48,
 140.347207,   35.615766,        4.44,
 140.351712,   35.615766,        4.40,
 140.356216,   35.615766,        4.36,
 140.360721,   35.615766,        4.32,
 140.365225,   35.615766,        4.27,
 140.369730,   35.615766,        4.22,
 140.374234,   35.615766,        4.18,
 140.378739,   35.615766,        4.13,
 140.383243,   35.615766,        4.08,
 140.387748,   35.615766,        4.03,
 139.140000,   35.620270,       16.14,
 139.144505,   35.620270,       15.68,
 139.149009,   35.620270,       15.22,
 139.153514,   35.620270,       14.77,
 139.158018,   35.620270,       14.32,
 139.162523,   35.620270,       13.88,
 139.167027,   35.620270,       13.45,
 139.171532,   35.620270,       13.02,
 139.176036,   35.620270,       12.59,
 139.180541,   35.620270,       12.17,
 139.185045,   35.620270,       11.76,
 139.189550,   35.620270,       11.35,
 139.194054,   35.620270,       10.94,
 139.198559,   35.620270,       10.55,
 139.203063,   35.620270,       10.15,
 139.207568,   35.620270,        9.76,
 139.212072,   35.620270,        9.38,
 139.216577,   35.620270,        9.00,
 139.221081,   35.620270,        8.63,
 139.225586,   35.620270,        8.26,
 139.230090,   35.620270,        7.90,
 139.234595,   35.620270,        7.54,
 139.239099,   35.620270,        7.19,
 139.243604,   35.620270,        6.85,
 139.248108,   35.620270,        6.50,
 139.252613,   35.620270,        6.17,
 139.257117,   35.620270,        5.84,
 139.261622,   35.620270,        5.51,
 139.266126,   35.620270,        5.19,
 139.270631,   35.620270,        4.88,
 139.275135,   35.620270,        4.57,
 139.279640,   35.620270,        4.26,
 139.284144,   35.620270,        3.96,
 139.288649,   35.620270,        3.67,
 139.293153,   35.620270,        3.38,
 139.297658,   35.620270,        3.10,
 139.302162,   35.620270,        2.82,
 139.306667,   35.620270,        2.55,
 139.311171,   35.620270,        2.28,
 139.315676,   35.620270,        2.02,
 139.320180,   35.620270,        1.76,
 139.324685,   35.620270,        1.51,
 139.329189,   35.620270,        1.26,
 139.333694,   35.620270,        1.02,
 139.338198,   35.620270,        0.78,
 139.342703,   35.620270,        0.55,
 139.347207,   35.620270,        0.32,
 139.351712,   35.620270,        0.10,
 139.356216,   35.620270,       -0.11,
 139.360721,   35.620270,       -0.32,
 139.365225,   35.620270,       -0.53,
 139.369730,   35.620270,       -0.73,
 139.374234,   35.620270,       -0.92,
 139.378739,   35.620270,       -1.11,
 139.383243,   35.620270,       -1.29,
 139.387748,   35.620270,       -1.47,
 139.392252,   35.620270,       -1.65,
 139.396757,   35.620270,       -1.81,
 139.401261,   35.620270,       -1.98,
 139.405766,   35.620270,       -2.14,
 139.410270,   35.620270,       -2.29,
 139.414775,   35.620270,       -2.44,
 139.419279,   35.620270,       -2.58,
 139.423784,   35.620270,       -2.71,
 139.428288,   35.620270,       -2.85,
 139.432793,   35.620270,       -2.97,
 139.437297,   35.620270,       -3.09,
 139.441802,   35.620270,       -3.21,
 139.446306,   35.620270,       -3.32,
 139.450811,   35.620270,       -3.43,
 139.455315,   35.620270,       -3.53,
 139.459820,   35.620270,       -3.62,
 139.464324,   35.620270,       -3.71,
 139.468829,   35.620270,       -3.80,
 139.473333,   35.620270,       -3.87,
 139.477838,   35.620270,       -3.95,
 139.482342,   35.620270,       -4.02,
 139.486847,   35.620270,       -4.08,
 139.491351,   35.620270,       -4.14,
 139.495856,   35.620270,       -4.19,
 139.500360,   35.620270,       -4.24,
 139.504865,   35.620270,       -4.28,
 139.509369,   35.620270,       -4.32,
 139.513874,   35.620270,       -4.35,
 139.518378,   35.620270,       -4.38,
 139.522883,   35.620270,       -4.40,
 139.527387,   35.620270,       -4.42,
 139.531892,   35.620270,       -4.43,
 139.536396,   35.620270,       -4.43,
 139.540901,   35.620270,       -4.44,
 139.545405,   35.620270,       -4.43,
 139.549910,   35.620270,       -4.42,
 139.554414,   35.620270,       -4.41,
 139.558919,   35.620270,       -4.39,
 139.563423,   35.620270,       -4.36,
 139.567928,   35.620270,       -4.33,
 139.572432,   35.620270,       -4.29,
 139.576937,   35.620270,       -4.25,
 139.581441,   35.620270,       -4.21,
 139.585946,   35.620270,       -4.15,
 139.590450,   35.620270,       -4.10,
 139.594955,   35.620270,       -4.04,
 139.599459,   35.620270,       -3.97,
 139.603964,   35.620270,       -3.90,
 139.608468,   35.620270,       -3.82,
 139.612973,   35.620270,       -3.73,
 139.617477,   35.620270,       -3.65,
 139.621982,   35.620270,       -3.55,
 139.626486,   35.620270,       -3.45,
 139.630991,   35.620270,       -3.35,
 139.635495,   35.620270,       -3.24,
 139.640000,   35.620270,       -3.13,
 139.644505,   35.620270,       -3.01,
 139.649009,   35.620270,       -2.88,
 139.653514,   35.620270,       -2.75,
 139.658018,   35.620270,       -2.62,
 139.662523,   35.620270,       -2.48,
 139.667027,   35.620270,       -2.33,
 139.671532,   35.620270,       -2.18,
 139.676036,   35.620270,       -2.02,
 139.680541,   35.620270,       -1.86,
 139.685045,   35.620270,       -1.69,
 139.689550,   35.620270,       -1.52,
 139.694054,   35.620270,       -1.34,
 139.698559,   35.620270,       -1.16,
 139.703063,   35.620270,       -0.97,
 139.707568,   35.620270,       -0.78,
 139.712072,   35.620270,       -0.58,
 139.716577,   35.620270,       -0.61,
 139.721081,   35.620270,       -0.54,
 139.725586,   35.620270,       -0.40,
 139.730090,   35.620270,       -0.25,
 139.734595,   35.620270,       -0.11,
 139.739099,   35.620270,        0.01,
 139.743604,   35.620270,        0.01,
 139.748108,   35.620270,       -0.10,
 139.752613,   35.620270,       -0.23,
 139.757117,   35.620270,       -0.31,
 139.761622,   35.620270,       -0.18,
 139.766126,   35.620270,       -0.08,
 139.770631,   35.620270,        0.03,
 139.775135,   35.620270,        0.51,
 139.779640,   35.620270,        1.17,
 139.784144,   35.620270,        1.94,
 139.788649,   35.620270,        2.32,
 139.793153,   35.620270,        2.22,
 139.797658,   35.620270,        2.21,
 139.802162,   35.620270,        1.97,
 139.806667,   35.620270,        1.72,
 139.811171,   35.620270,        1.54,
 139.815676,   35.620270,        1.34,
 139.820180,   35.620270,        1.04,
 139.824685,   35.620270,        0.83,
 139.829189,   35.620270,        0.72,
 139.833694,   35.620270,        0.73,
 139.838198,   35.620270,        1.09,
 139.842703,   35.620270,        1.25,
 139.847207,   35.620270,        1.30,
 139.851712,   35.620270,        1.23,
 139.856216,   35.620270,        1.10,
 139.860721,   35.620270,        1.00,
 139.865225,   35.620270,        0.74,
 139.869730,   35.620270,        0.53,
 139.874234,   35.620270,        0.54,
 139.878739,   35.620270,        0.63,
 139.883243,   35.620270,        0.82,
 139.887748,   35.620270,        1.06,
 139.892252,   35.620270,        1.31,
 139.896757,   35.620270,        1.65,
 139.901261,   35.620270,        2.02,
 139.905766,   35.620270,        2.33,
 139.910270,   35.620270,        2.50,
 139.914775,   35.620270,        2.64,
 139.919279,   35.620270,        2.59,
 139.923784,   35.620270,        2.47,
 139.928288,   35.620270,        2.31,
 139.932793,   35.620270,        2.15,
 139.937297,   35.620270,        2.01,
 139.941802,   35.620270,        1.89,
 139.946306,   35.620270,        1.76,
 139.950811,   35.620270,        1.65,
 139.955315,   35.620270,        1.54,
 139.959820,   35.620270,        1.47,
 139.964324,   35.620270,        1.41,
 139.968829,   35.620270,        1.34,
 139.973333,   35.620270,        1.31,
 139.977838,   35.620270,        1.32,
 139.982342,   35.620270,        1.33,
 139.986847,   35.620270,        1.35,
 139.991351,   35.620270,        1.38,
 139.995856,   35.620270,        1.43,
 140.000360,   35.620270,        1.48,
 140.004865,   35.620270,        1.55,
 140.009369,   35.620270,        1.47,
 140.013874,   35.620270,        1.10,
 140.018378,   35.620270,        0.77,
 140.022883,   35.620270,        0.62,
 140.027387,   35.620270,        0.47,
 140.031892,   35.620270,        0.46,
 140.036396,   35.620270,        0.59,
 140.040901,   35.620270,        0.46,
 140.045405,   35.620270,         NaN,
 140.049910,   35.620270,         NaN,
 140.054414,   35.620270,         NaN,
 140.058919,   35.620270,         NaN,
 140.063423,   35.620270,         NaN,
 140.067928,   35.620270,         NaN,
 140.072432,   35.620270,         NaN,
 140.076937,   35.620270,         NaN,
 140.081441,   35.620270,         NaN,
 140.085946,   35.620270,         NaN,
 140.090450,   35.620270,         NaN,
 140.094955,   35.620270,         NaN,
 140.099459,   35.620270,         NaN,
 140.103964,   35.620270,         NaN,
 140.108468,   35.620270,        3.53,
 140.112973,   35.620270,        3.63,
 140.117477,   35.620270,        3.78,
 140.121982,   35.620270,        3.96,
 140.126486,   35.620270,        4.17,
 140.130991,   35.620270,        4.43,
 140.135495,   35.620270,        4.71,
 140.140000,   35.620270,        5.04,
 140.144505,   35.620270,        5.24,
 140.149009,   35.620270,        5.40,
 140.153514,   35.620270,        5.48,
 140.158018,   35.620270,        5.49,
 140.162523,   35.620270,        5.49,
 140.167027,   35.620270,        5.49,
 140.171532,   35.620270,        5.50,
 140.176036,   35.620270,        5.50,
 140.180541,   35.620270,        5.50,
 140.185045,   35.620270,        5.49,
 140.189550,   35.620270,        5.49,
 140.194054,   35.620270,        5.49,
 140.198559,   35.620270,        5.48,
 140.203063,   35.620270,        5.48,
 140.207568,   35.620270,        5.47,
 140.212072,   35.620270,        5.46,
 140.216577,   35.620270,        5.45,
 140.221081,   35.620270,        5.44,
 140.225586,   35.620270,        5.43,
 140.230090,   35.620270,        5.42,
 140.234595,   35.620270,        5.41,
 140.239099,   35.620270,        5.39,
 140.243604,   35.620270,        5.38,
 140.248108,   35.620270,        5.36,
 140.252613,   35.620270,        5.34,
 140.257117,   35.620270,        5.32,
 140.261622,   35.620270,        5.30,
 140.266126,   35.620270,        5.28,
 140.270631,   35.620270,        5.26,
 140.275135,   35.620270,        5.24,
 140.279640,   35.620270,        5.21,
 140.284144,   35.620270,        5.19,
 140.288649,   35.620270,        5.16,
 140.293153,   35.620270,        5.13,
 140.297658,   35.620270,        5.11,
 140.302162,   35.620270,        5.08,
 140.306667,   35.620270,        5.05,
 140.311171,   35.620270,        5.01,
 140.315676,   35.620270,        4.98,
 140.320180,   35.620270,        4.95,
 140.324685,   35.620270,        4.91,
 140.329189,   35.620270,        4.88,
 140.333694,   35.620270,        4.84,
 140.338198,   35.620270,        4.80,
 140.342703,   35.620270,        4.76,
 140.347207,   35.620270,        4.72,
 140.351712,   35.620270,        4.68,
 140.356216,   35.620270,        4.64,
 140.360721,   35.620270,        4.60,
 140.365225,   35.620270,        4.55,
 140.369730,   35.620270,        4.51,
 140.374234,   35.620270,        4.46,
 140.378739,   35.620270,        4.41,
 140.383243,   35.620270,        4.36,
 140.387748,   35.620270,        4.31,
 139.140000,   35.624775,       16.18,
 139.144505,   35.624775,       15.72,
 139.149009,   35.624775,       15.26,
 139.153514,   35.624775,       14.80,
 139.158018,   35.624775,       14.36,
 139.162523,   35.624775,       13.91,
 139.167027,   35.624775,       13.48,
 139.171532,   35.624775,       13.04,
 139.176036,   35.624775,       12.62,
 139.180541,   35.624775,       12.19,
 139.185045,   35.624775,       11.78,
 139.189550,   35.624775,       11.37,
 139.194054,   35.624775,       10.96,
 139.198559,   35.624775,       10.56,
 139.203063,   35.624775,       10.16,
 139.207568,   35.624775,        9.77,
 139.212072,   35.624775,        9.39,
 139.216577,   35.624775,        9.01,
 139.221081,   35.624775,        8.63,
 139.225586,   35.624775,        8.26,
 139.230090,   35.624775,        7.90,
 139.234595,   35.624775,        7.54,
 139.239099,   35.624775,        7.19,
 139.243604,   35.624775,        6.84,
 139.248108,   35.624775,        6.49,
 139.252613,   35.624775,        6.16,
 139.257117,   35.624775,        5.82,
 139.261622,   35.624775,        5.50,
 139.266126,   35.624775,        5.17,
 139.270631,   35.624775,        4.86,
 139.275135,   35.624775,        4.54,
 139.279640,   35.624775,        4.24,
 139.284144,   35.624775,        3.94,
 139.288649,   35.624775,        3.64,
 139.293153,   35.624775,        3.35,
 139.297658,   35.624775,        3.06,
 139.302162,   35.624775,        2.78,
 139.306667,   35.624775,        2.51,
 139.311171,   35.624775,        2.24,
 139.315676,   35.624775,        1.97,
 139.320180,   35.624775,        1.71,
 139.324685,   35.624775,        1.46,
 139.329189,   35.624775,        1.21,
 139.333694,   35.624775,        0.97,
 139.338198,   35.624775,        0.73,
 139.342703,   35.624775,        0.49,
 139.347207,   35.624775,        0.27,
 139.351712,   35.624775,        0.04,
 139.356216,   35.624775,       -0.18,
 139.360721,   35.624775,       -0.39,
 139.365225,   35.624775,       -0.59,
 139.369730,   35.624775,       -0.80,
 139.374234,   35.624775,       -0.99,
 139.378739,   35.624775,       -1.18,
 139.383243,   35.624775,       -1.37,
 139.387748,   35.624775,       -1.55,
 139.392252,   35.624775,       -1.73,
 139.396757,   35.624775,       -1.90,
 139.401261,   35.624775,       -2.06,
 139.405766,   35.624775,       -2.22,
 139.410270,   35.624775,       -2.38,
 139.414775,   35.624775,       -2.53,
 139.419279,   35.624775,       -2.67,
 139.423784,   35.624775,       -2.81,
 139.428288,   35.624775,       -2.95,
 139.432793,   35.624775,       -3.07,
 139.437297,   35.624775,       -3.20,
 139.441802,   35.624775,       -3.32,
 139.446306,   35.624775,       -3.43,
 139.450811,   35.624775,       -3.54,
 139.455315,   35.624775,       -3.64,
 139.459820,   35.624775,       -3.74,
 139.464324,   35.624775,       -3.83,
 139.468829,   35.624775,       -3.91,
 139.473333,   35.624775,       -4.00,
 139.477838,   35.624775,       -4.07,
 139.482342,   35.624775,       -4.14,
 139.486847,   35.624775,       -4.21,
 139.491351,   35.624775,       -4.27,
 139.495856,   35.624775,       -4.32,
 139.500360,   35.624775,       -4.37,
 139.504865,   35.624775,       -4.42,
 139.509369,   35.624775,       -4.46,
 139.513874,   35.624775,       -4.49,
 139.518378,   35.624775,       -4.52,
 139.522883,   35.624775,       -4.55,
 139.527387,   35.624775,       -4.57,
 139.531892,   35.624775,       -4.58,
 139.536396,   35.624775,       -4.59,
 139.540901,   35.624775,       -4.59,
 139.545405,   35.624775,       -4.59,
 139.549910,   35.624775,       -4.58,
 139.554414,   35.624775,       -4.57,
 139.558919,   35.624775,       -4.55,
 139.563423,   35.624775,       -4.53,
 139.567928,   35.624775,       -4.50,
 139.572432,   35.624775,       -4.46,
 139.576937,   35.624775,       -4.42,
 139.581441,   35.624775,       -4.38,
 139.585946,   35.624775,       -4.33,
 139.590450,   35.624775,       -4.28,
 139.594955,   35.624775,       -4.22,
 139.599459,   35.624775,       -4.15,
 139.603964,   35.624775,       -4.08,
 139.608468,   35.624775,       -4.01,
 139.612973,   35.624775,       -3.92,
 139.617477,   35.624775,       -3.84,
 139.621982,   35.624775,       -3.75,
 139.626486,   35.624775,       -3.65,
 139.630991,   35.624775,       -3.55,
 139.635495,   35.624775,       -3.44,
 139.640000,   35.624775,       -3.33,
 139.644505,   35.624775,       -3.21,
 139.649009,   35.624775,       -3.09,
 139.653514,   35.624775,       -2.96,
 139.658018,   35.624775,       -2.83,
 139.662523,   35.624775,       -2.69,
 139.667027,   35.624775,       -2.55,
 139.671532,   35.624775,       -2.40,
 139.676036,   35.624775,       -2.24,
 139.680541,   35.624775,       -2.08,
 139.685045,   35.624775,       -1.92,
 139.689550,   35.624775,       -1.75,
 139.694054,   35.624775,       -1.57,
 139.698559,   35.624775,       -1.39,
 139.703063,   35.624775,       -1.21,
 139.707568,   35.624775,       -1.02,
 139.712072,   35.624775,       -0.82,
 139.716577,   35.624775,       -0.62,
 139.721081,   35.624775,       -0.41,
 139.725586,   35.624775,       -0.50,
 139.730090,   35.624775,       -0.36,
 139.734595,   35.624775,       -0.21,
 139.739099,   35.624775,       -0.06,
 139.743604,   35.624775,        0.04,
 139.748108,   35.624775,       -0.00,
 139.752613,   35.624775,       -0.01,
 139.757117,   35.624775,       -0.14,
 139.761622,   35.624775,       -0.02,
 139.766126,   35.624775,        0.08,
 139.770631,   35.624775,        0.36,
 139.775135,   35.624775,        1.07,
 139.779640,   35.624775,        1.96,
 139.784144,   35.624775,        2.72,
 139.788649,   35.624775,        2.92,
 139.793153,   35.624775,        2.90,
 139.797658,   35.624775,        2.74,
 139.802162,   35.624775,        2.47,
 139.806667,   35.624775,        2.12,
 139.811171,   35.624775,        1.88,
 139.815676,   35.624775,        1.66,
 139.820180,   35.624775,        1.38,
 139.824685,   35.624775,        1.13,
 139.829189,   35.624775,        1.04,
 139.833694,   35.624775,        1.57,
 139.838198,   35.624775,        2.28,
 139.842703,   35.624775,        2.46,
 139.847207,   35.624775,        2.45,
 139.851712,   35.624775,        2.36,
 139.856216,   35.624775,        2.21,
 139.860721,   35.624775,        1.95,
 139.865225,   35.624775,        1.53,
 139.869730,   35.624775,        0.99,
 139.874234,   35.624775,        0.92,
 139.878739,   35.624775,        0.95,
 139.883243,   35.624775,        1.10,
 139.887748,   35.624775,        1.32,
 139.892252,   35.624775,        1.54,
 139.896757,   35.624775,        1.86,
 139.901261,   35.624775,        2.13,
 139.905766,   35.624775,        2.38,
 139.910270,   35.624775,        2.64,
 139.914775,   35.624775,        2.88,
 139.919279,   35.624775,        2.81,
 139.923784,   35.624775,        2.71,
 139.928288,   35.624775,        2.57,
 139.932793,   35.624775,        2.38,
 139.937297,   35.624775,        2.21,
 139.941802,   35.624775,        2.07,
 139.946306,   35.624775,        1.93,
 139.950811,   35.624775,        1.81,
 139.955315,   35.624775,        1.68,
 139.959820,   35.624775,        1.59,
 139.964324,   35.624775,        1.52,
 139.968829,   35.624775,        1.47,
 139.973333,   35.624775,        1.44,
 139.977838,   35.624775,        1.44,
 139.982342,   35.624775,        1.45,
 139.986847,   35.624775,        1.45,
 139.991351,   35.624775,        1.46,
 139.995856,   35.624775,        1.50,
 140.000360,   35.624775,        1.55,
 140.004865,   35.624775,        1.56,
 140.009369,   35.624775,        1.23,
 140.013874,   35.624775,        0.71,
 140.018378,   35.624775,        0.04,
 140.022883,   35.624775,         NaN,
 140.027387,   35.624775,         NaN,
 140.031892,   35.624775,         NaN,
 140.036396,   35.624775,         NaN,
 140.040901,   35.624775,         NaN,
 140.045405,   35.624775,         NaN,
 140.049910,   35.624775,         NaN,
 140.054414,   35.624775,         NaN,
 140.058919,   35.624775,         NaN,
 140.063423,   35.624775,         NaN,
 140.067928,   35.624775,         NaN,
 140.072432,   35.624775,         NaN,
 140.076937,   35.624775,         NaN,
 140.081441,   35.624775,         NaN,
 140.085946,   35.624775,         NaN,
 140.090450,   35.624775,         NaN,
 140.094955,   35.624775,         NaN,
 140.099459,   35.624775,         NaN,
 140.103964,   35.624775,         NaN,
 140.108468,   35.624775,        3.42,
 140.112973,   35.624775,        3.49,
 140.117477,   35.624775,        3.61,
 140.121982,   35.624775,        3.78,
 140.126486,   35.624775,        4.00,
 140.130991,   35.624775,        4.25,
 140.135495,   35.624775,        4.53,
 140.140000,   35.624775,        4.85,
 140.144505,   35.624775,        5.21,
 140.149009,   35.624775,        5.44,
 140.153514,   35.624775,        5.60,
 140.158018,   35.624775,        5.75,
 140.162523,   35.624775,        5.76,
 140.167027,   35.624775,        5.76,
 140.171532,   35.624775,        5.76,
 140.176036,   35.624775,        5.76,
 140.180541,   35.624775,        5.76,
 140.185045,   35.624775,        5.76,
 140.189550,   35.624775,        5.76,
 140.194054,   35.624775,        5.75,
 140.198559,   35.624775,        5.75,
 140.203063,   35.624775,        5.74,
 140.207568,   35.624775,        5.74,
 140.212072,   35.624775,        5.73,
 140.216577,   35.624775,        5.72,
 140.221081,   35.624775,        5.71,
 140.225586,   35.624775,        5.70,
 140.230090,   35.624775,        5.69,
 140.234595,   35.624775,        5.68,
 140.239099,   35.624775,        5.66,
 140.243604,   35.624775,        5.65,
 140.248108,   35.624775,        5.63,
 140.252613,   35.624775,        5.61,
 140.257117,   35.624775,        5.60,
 140.261622,   35.624775,        5.58,
 140.266126,   35.624775,        5.56,
 140.270631,   35.624775,        5.53,
 140.275135,   35.624775,        5.51,
 140.279640,   35.624775,        5.49,
 140.284144,   35.624775,        5.46,
 140.288649,   35.624775,        5.44,
 140.293153,   35.624775,        5.41,
 140.297658,   35.624775,        5.38,
 140.302162,   35.624775,        5.35,
 140.306667,   35.624775,        5.32,
 140.311171,   35.624775,        5.29,
 140.315676,   35.624775,        5.26,
 140.320180,   35.624775,        5.23,
 140.324685,   35.624775,        5.19,
 140.329189,   35.624775,        5.16,
 140.333694,   35.624775,        5.12,
 140.338198,   35.624775,        5.08,
 140.342703,   35.624775,        5.04,
 140.347207,   35.624775,        5.00,
 140.351712,   35.624775,        4.96,
 140.356216,   35.624775,        4.92,
 140.360721,   35.624775,        4.88,
 140.365225,   35.624775,        4.83,
 140.369730,   35.624775,        4.79,
 140.374234,   35.624775,        4.74,
 140.378739,   35.624775,        4.70,
 140.383243,   35.624775,        4.65,
 140.387748,   35.624775,        4.60,
 139.140000,   35.629279,       16.22,
 139.144505,   35.629279,       15.75,
 139.149009,   35.629279,       15.29,
 139.153514,   35.629279,       14.84,
 139.158018,   35.629279,       14.39,
 139.162523,   35.629279,       13.94,
 139.167027,   35.629279,       13.50,
 139.171532,   35.629279,       13.07,
 139.176036,   35.629279,       12.64,
 139.180541,   35.629279,       12.21,
 139.185045,   35.629279,       11.79,
 139.189550,   35.629279,       11.38,
 139.194054,   35.629279,       10.97,
 139.198559,   35.629279,       10.57,
 139.203063,   35.629279,       10.17,
 139.207568,   35.629279,        9.78,
 139.212072,   35.629279,        9.39,
 139.216577,   35.629279,        9.01,
 139.221081,   35.629279,        8.63,
 139.225586,   35.629279,        8.26,
 139.230090,   35.629279,        7.89,
 139.234595,   35.629279,        7.53,
 139.239099,   35.629279,        7.17,
 139.243604,   35.629279,        6.82,
 139.248108,   35.629279,        6.48,
 139.252613,   35.629279,        6.14,
 139.257117,   35.629279,        5.80,
 139.261622,   35.629279,        5.47,
 139.266126,   35.629279,        5.15,
 139.270631,   35.629279,        4.83,
 139.275135,   35.629279,        4.52,
 139.279640,   35.629279,        4.21,
 139.284144,   35.629279,        3.90,
 139.288649,   35.629279,        3.60,
 139.293153,   35.629279,        3.31,
 139.297658,   35.629279,        3.02,
 139.302162,   35.629279,        2.74,
 139.306667,   35.629279,        2.46,
 139.311171,   35.629279,        2.19,
 139.315676,   35.629279,        1.92,
 139.320180,   35.629279,        1.66,
 139.324685,   35.629279,        1.41,
 139.329189,   35.629279,        1.15,
 139.333694,   35.629279,        0.91,
 139.338198,   35.629279,        0.67,
 139.342703,   35.629279,        0.43,
 139.347207,   35.629279,        0.20,
 139.351712,   35.629279,       -0.02,
 139.356216,   35.629279,       -0.24,
 139.360721,   35.629279,       -0.46,
 139.365225,   35.629279,       -0.67,
 139.369730,   35.629279,       -0.87,
 139.374234,   35.629279,       -1.07,
 139.378739,   35.629279,       -1.26,
 139.383243,   35.629279,       -1.45,
 139.387748,   35.629279,       -1.64,
 139.392252,   35.629279,       -1.81,
 139.396757,   35.629279,       -1.99,
 139.401261,   35.629279,       -2.15,
 139.405766,   35.629279,       -2.32,
 139.410270,   35.629279,       -2.47,
 139.414775,   35.629279,       -2.63,
 139.419279,   35.629279,       -2.77,
 139.423784,   35.629279,       -2.91,
 139.428288,   35.629279,       -3.05,
 139.432793,   35.629279,       -3.18,
 139.437297,   35.629279,       -3.31,
 139.441802,   35.629279,       -3.43,
 139.446306,   35.629279,       -3.54,
 139.450811,   35.629279,       -3.65,
 139.455315,   35.629279,       -3.76,
 139.459820,   35.629279,       -3.86,
 139.464324,   35.629279,       -3.95,
 139.468829,   35.629279,       -4.04,
 139.473333,   35.629279,       -4.12,
 139.477838,   35.629279,       -4.20,
 139.482342,   35.629279,       -4.27,
 139.486847,   35.629279,       -4.34,
 139.491351,   35.629279,       -4.40,
 139.495856,   35.629279,       -4.46,
 139.500360,   35.629279,       -4.51,
 139.504865,   35.629279,       -4.56,
 139.509369,   35.629279,       -4.60,
 139.513874,   35.629279,       -4.64,
 139.518378,   35.629279,       -4.67,
 139.522883,   35.629279,       -4.70,
 139.527387,   35.629279,       -4.72,
 139.531892,   35.629279,       -4.73,
 139.536396,   35.629279,       -4.74,
 139.540901,   35.629279,       -4.75,
 139.545405,   35.629279,       -4.75,
 139.549910,   35.629279,       -4.74,
 139.554414,   35.629279,       -4.73,
 139.558919,   35.629279,       -4.72,
 139.563423,   35.629279,       -4.70,
 139.567928,   35.629279,       -4.67,
 139.572432,   35.629279,       -4.64,
 139.576937,   35.629279,       -4.60,
 139.581441,   35.629279,       -4.56,
 139.585946,   35.629279,       -4.51,
 139.590450,   35.629279,       -4.46,
 139.594955,   35.629279,       -4.40,
 139.599459,   35.629279,       -4.34,
 139.603964,   35.629279,       -4.27,
 139.608468,   35.629279,       -4.20,
 139.612973,   35.629279,       -4.12,
 139.617477,   35.629279,       -4.04,
 139.621982,   35.629279,       -3.95,
 139.626486,   35.629279,       -3.85,
 139.630991,   35.629279,       -3.75,
 139.635495,   35.629279,       -3.65,
 139.640000,   35.629279,       -3.54,
 139.644505,   35.629279,       -3.42,
 139.649009,   35.629279,       -3.30,
 139.653514,   35.629279,       -3.18,
 139.658018,   35.629279,       -3.04,
 139.662523,   35.629279,       -2.91,
 139.667027,   35.629279,       -2.77,
 139.671532,   35.629279,       -2.62,
 139.676036,   35.629279,       -2.47,
 139.680541,   35.629279,       -2.31,
 139.685045,   35.629279,       -2.15,
 139.689550,   35.629279,       -1.98,
 139.694054,   35.629279,       -1.81,
 139.698559,   35.629279,       -1.63,
 139.703063,   35.629279,       -1.45,
 139.707568,   35.629279,       -1.26,
 139.712072,   35.629279,       -1.06,
 139.716577,   35.629279,       -0.86,
 139.721081,   35.629279,       -0.66,
 139.725586,   35.629279,       -0.45,
 139.730090,   35.629279,       -0.44,
 139.734595,   35.629279,       -0.31,
 139.739099,   35.629279,       -0.17,
 139.743604,   35.629279,       -0.02,
 139.748108,   35.629279,        0.07,
 139.752613,   35.629279,        0.08,
 139.757117,   35.629279,        0.04,
 139.761622,   35.629279,        0.25,
 139.766126,   35.629279,        0.32,
 139.770631,   35.629279,        0.53,
 139.775135,   35.629279,        1.20,
 139.779640,   35.629279,        2.23,
 139.784144,   35.629279,        3.15,
 139.788649,   35.629279,        3.25,
 139.793153,   35.629279,        3.19,
 139.797658,   35.629279,        3.11,
 139.802162,   35.629279,        2.90,
 139.806667,   35.629279,        2.52,
 139.811171,   35.629279,        2.25,
 139.815676,   35.629279,        2.06,
 139.820180,   35.629279,        1.80,
 139.824685,   35.629279,        1.60,
 139.829189,   35.629279,        1.89,
 139.833694,   35.629279,        2.81,
 139.838198,   35.629279,        3.76,
 139.842703,   35.629279,        4.07,
 139.847207,   35.629279,        4.02,
 139.851712,   35.629279,        3.70,
 139.856216,   35.629279,        3.47,
 139.860721,   35.629279,        2.99,
 139.865225,   35.629279,        2.29,
 139.869730,   35.629279,        1.53,
 139.874234,   35.629279,        1.15,
 139.878739,   35.629279,        1.02,
 139.883243,   35.629279,        1.09,
 139.887748,   35.629279,        1.29,
 139.892252,   35.629279,        1.51,
 139.896757,   35.629279,        1.73,
 139.901261,   35.629279,        1.96,
 139.905766,   35.629279,        2.21,
 139.910270,   35.629279,        2.49,
 139.914775,   35.629279,        2.81,
 139.919279,   35.629279,        2.99,
 139.923784,   35.629279,        2.91,
 139.928288,   35.629279,        2.82,
 139.932793,   35.629279,        2.68,
 139.937297,   35.629279,        2.49,
 139.941802,   35.629279,        2.29,
 139.946306,   35.629279,        2.12,
 139.950811,   35.629279,        2.00,
 139.955315,   35.629279,        1.88,
 139.959820,   35.629279,        1.76,
 139.964324,   35.629279,        1.65,
 139.968829,   35.629279,        1.60,
 139.973333,   35.629279,        1.58,
 139.977838,   35.629279,        1.56,
 139.982342,   35.629279,        1.55,
 139.986847,   35.629279,        1.54,
 139.991351,   35.629279,        1.54,
 139.995856,   35.629279,        1.56,
 140.000360,   35.629279,        1.58,
 140.004865,   35.629279,        1.56,
 140.009369,   35.629279,        1.26,
 140.013874,   35.629279,        0.67,
 140.018378,   35.629279,         NaN,
 140.022883,   35.629279,         NaN,
 140.027387,   35.629279,         NaN,
 140.031892,   35.629279,         NaN,
 140.036396,   35.629279,         NaN,
 140.040901,   35.629279,         NaN,
 140.045405,   35.629279,         NaN,
 140.049910,   35.629279,         NaN,
 140.054414,   35.629279,         NaN,
 140.058919,   35.629279,         NaN,
 140.063423,   35.629279,         NaN,
 140.067928,   35.629279,         NaN,
 140.072432,   35.629279,         NaN,
 140.076937,   35.629279,         NaN,
 140.081441,   35.629279,         NaN,
 140.085946,   35.629279,         NaN,
 140.090450,   35.629279,         NaN,
 140.094955,   35.629279,         NaN,
 140.099459,   35.629279,         NaN,
 140.103964,   35.629279,         NaN,
 140.108468,   35.629279,         NaN,
 140.112973,   35.629279,        3.38,
 140.117477,   35.629279,        3.45,
 140.121982,   35.629279,        3.57,
 140.126486,   35.629279,        3.79,
 140.130991,   35.629279,        4.03,
 140.135495,   35.629279,        4.31,
 140.140000,   35.629279,        4.63,
 140.144505,   35.629279,        4.98,
 140.149009,   35.629279,        5.37,
 140.153514,   35.629279,        5.64,
 140.158018,   35.629279,        5.80,
 140.162523,   35.629279,        5.95,
 140.167027,   35.629279,        6.02,
 140.171532,   35.629279,        6.03,
 140.176036,   35.629279,        6.03,
 140.180541,   35.629279,        6.03,
 140.185045,   35.629279,        6.03,
 140.189550,   35.629279,        6.03,
 140.194054,   35.629279,        6.02,
 140.198559,   35.629279,        6.02,
 140.203063,   35.629279,        6.01,
 140.207568,   35.629279,        6.01,
 140.212072,   35.629279,        6.00,
 140.216577,   35.629279,        5.99,
 140.221081,   35.629279,        5.98,
 140.225586,   35.629279,        5.97,
 140.230090,   35.629279,        5.96,
 140.234595,   35.629279,        5.95,
 140.239099,   35.629279,        5.93,
 140.243604,   35.629279,        5.92,
 140.248108,   35.629279,        5.90,
 140.252613,   35.629279,        5.89,
 140.257117,   35.629279,        5.87,
 140.261622,   35.629279,        5.85,
 140.266126,   35.629279,        5.83,
 140.270631,   35.629279,        5.81,
 140.275135,   35.629279,        5.79,
 140.279640,   35.629279,        5.76,
 140.284144,   35.629279,        5.74,
 140.288649,   35.629279,        5.71,
 140.293153,   35.629279,        5.69,
 140.297658,   35.629279,        5.66,
 140.302162,   35.629279,        5.63,
 140.306667,   35.629279,        5.60,
 140.311171,   35.629279,        5.57,
 140.315676,   35.629279,        5.54,
 140.320180,   35.629279,        5.51,
 140.324685,   35.629279,        5.47,
 140.329189,   35.629279,        5.44,
 140.333694,   35.629279,        5.40,
 140.338198,   35.629279,        5.36,
 140.342703,   35.629279,        5.32,
 140.347207,   35.629279,        5.29,
 140.351712,   35.629279,        5.25,
 140.356216,   35.629279,        5.20,
 140.360721,   35.629279,        5.16,
 140.365225,   35.629279,        5.12,
 140.369730,   35.629279,        5.07,
 140.374234,   35.629279,        5.03,
 140.378739,   35.629279,        4.98,
 140.383243,   35.629279,        4.93,
 140.387748,   35.629279,        4.88,
 139.140000,   35.633784,       16.25,
 139.144505,   35.633784,       15.78,
 139.149009,   35.633784,       15.32,
 139.153514,   35.633784,       14.86,
 139.158018,   35.633784,       14.41,
 139.162523,   35.633784,       13.96,
 139.167027,   35.633784,       13.52,
 139.171532,   35.633784,       13.08,
 139.176036,   35.633784,       12.65,
 139.180541,   35.633784,       12.22,
 139.185045,   35.633784,       11.80,
 139.189550,   35.633784,       11.39,
 139.194054,   35.633784,       10.98,
 139.198559,   35.633784,       10.57,
 139.203063,   35.633784,       10.17,
 139.207568,   35.633784,        9.78,
 139.212072,   35.633784,        9.39,
 139.216577,   35.633784,        9.00,
 139.221081,   35.633784,        8.62,
 139.225586,   35.633784,        8.25,
 139.230090,   35.633784,        7.88,
 139.234595,   35.633784,        7.52,
 139.239099,   35.633784,        7.16,
 139.243604,   35.633784,        6.81,
 139.248108,   35.633784,        6.46,
 139.252613,   35.633784,        6.11,
 139.257117,   35.633784,        5.78,
 139.261622,   35.633784,        5.45,
 139.266126,   35.633784,        5.12,
 139.270631,   35.633784,        4.80,
 139.275135,   35.633784,        4.48,
 139.279640,   35.633784,        4.17,
 139.284144,   35.633784,        3.86,
 139.288649,   35.633784,        3.56,
 139.293153,   35.633784,        3.27,
 139.297658,   35.633784,        2.98,
 139.302162,   35.633784,        2.69,
 139.306667,   35.633784,        2.41,
 139.311171,   35.633784,        2.14,
 139.315676,   35.633784,        1.87,
 139.320180,   35.633784,        1.61,
 139.324685,   35.633784,        1.35,
 139.329189,   35.633784,        1.09,
 139.333694,   35.633784,        0.84,
 139.338198,   35.633784,        0.60,
 139.342703,   35.633784,        0.36,
 139.347207,   35.633784,        0.13,
 139.351712,   35.633784,       -0.10,
 139.356216,   35.633784,       -0.32,
 139.360721,   35.633784,       -0.53,
 139.365225,   35.633784,       -0.75,
 139.369730,   35.633784,       -0.95,
 139.374234,   35.633784,       -1.15,
 139.378739,   35.633784,       -1.35,
 139.383243,   35.633784,       -1.54,
 139.387748,   35.633784,       -1.73,
 139.392252,   35.633784,       -1.91,
 139.396757,   35.633784,       -2.08,
 139.401261,   35.633784,       -2.25,
 139.405766,   35.633784,       -2.42,
 139.410270,   35.633784,       -2.57,
 139.414775,   35.633784,       -2.73,
 139.419279,   35.633784,       -2.88,
 139.423784,   35.633784,       -3.02,
 139.428288,   35.633784,       -3.16,
 139.432793,   35.633784,       -3.29,
 139.437297,   35.633784,       -3.42,
 139.441802,   35.633784,       -3.54,
 139.446306,   35.633784,       -3.66,
 139.450811,   35.633784,       -3.77,
 139.455315,   35.633784,       -3.88,
 139.459820,   35.633784,       -3.98,
 139.464324,   35.633784,       -4.08,
 139.468829,   35.633784,       -4.17,
 139.473333,   35.633784,       -4.25,
 139.477838,   35.633784,       -4.33,
 139.482342,   35.633784,       -4.41,
 139.486847,   35.633784,       -4.48,
 139.491351,   35.633784,       -4.55,
 139.495856,   35.633784,       -4.60,
 139.500360,   35.633784,       -4.66,
 139.504865,   35.633784,       -4.71,
 139.509369,   35.633784,       -4.75,
 139.513874,   35.633784,       -4.79,
 139.518378,   35.633784,       -4.82,
 139.522883,   35.633784,       -4.85,
 139.527387,   35.633784,       -4.88,
 139.531892,   35.633784,       -4.89,
 139.536396,   35.633784,       -4.91,
 139.540901,   35.633784,       -4.91,
 139.545405,   35.633784,       -4.92,
 139.549910,   35.633784,       -4.91,
 139.554414,   35.633784,       -4.90,
 139.558919,   35.633784,       -4.89,
 139.563423,   35.633784,       -4.87,
 139.567928,   35.633784,       -4.85,
 139.572432,   35.633784,       -4.82,
 139.576937,   35.633784,       -4.78,
 139.581441,   35.633784,       -4.74,
 139.585946,   35.633784,       -4.70,
 139.590450,   35.633784,       -4.65,
 139.594955,   35.633784,       -4.59,
 139.599459,   35.633784,       -4.53,
 139.603964,   35.633784,       -4.47,
 139.608468,   35.633784,       -4.40,
 139.612973,   35.633784,       -4.32,
 139.617477,   35.633784,       -4.24,
 139.621982,   35.633784,       -4.15,
 139.626486,   35.633784,       -4.06,
 139.630991,   35.633784,       -3.96,
 139.635495,   35.633784,       -3.86,
 139.640000,   35.633784,       -3.75,
 139.644505,   35.633784,       -3.64,
 139.649009,   35.633784,       -3.52,
 139.653514,   35.633784,       -3.40,
 139.658018,   35.633784,       -3.27,
 139.662523,   35.633784,       -3.13,
 139.667027,   35.633784,       -2.99,
 139.671532,   35.633784,       -2.85,
 139.676036,   35.633784,       -2.70,
 139.680541,   35.633784,       -2.54,
 139.685045,   35.633784,       -2.38,
 139.689550,   35.633784,       -2.22,
 139.694054,   35.633784,       -2.05,
 139.698559,   35.633784,       -1.87,
 139.703063,   35.633784,       -1.69,
 139.707568,   35.633784,       -1.50,
 139.712072,   35.633784,       -1.31,
 139.716577,   35.633784,       -1.12,
 139.721081,   35.633784,       -0.91,
 139.725586,   35.633784,       -0.71,
 139.730090,   35.633784,       -0.49,
 139.734595,   35.633784,       -0.28,
 139.739099,   35.633784,       -0.27,
 139.743604,   35.633784,       -0.12,
 139.748108,   35.633784,        0.03,
 139.752613,   35.633784,        0.11,
 139.757117,   35.633784,        0.23,
 139.761622,   35.633784,        0.41,
 139.766126,   35.633784,        0.47,
 139.770631,   35.633784,        0.52,
 139.775135,   35.633784,        0.75,
 139.779640,   35.633784,        1.46,
 139.784144,   35.633784,        2.34,
 139.788649,   35.633784,        3.00,
 139.793153,   35.633784,        3.29,
 139.797658,   35.633784,        3.31,
 139.802162,   35.633784,        3.16,
 139.806667,   35.633784,        2.90,
 139.811171,   35.633784,        2.67,
 139.815676,   35.633784,        2.49,
 139.820180,   35.633784,        2.36,
 139.824685,   35.633784,        2.27,
 139.829189,   35.633784,        2.78,
 139.833694,   35.633784,        4.24,
 139.838198,   35.633784,        5.64,
 139.842703,   35.633784,        6.00,
 139.847207,   35.633784,        5.89,
 139.851712,   35.633784,        5.36,
 139.856216,   35.633784,        5.02,
 139.860721,   35.633784,        4.09,
 139.865225,   35.633784,        3.04,
 139.869730,   35.633784,        2.01,
 139.874234,   35.633784,        1.08,
 139.878739,   35.633784,        0.71,
 139.883243,   35.633784,        0.82,
 139.887748,   35.633784,        1.02,
 139.892252,   35.633784,        1.25,
 139.896757,   35.633784,        1.47,
 139.901261,   35.633784,        1.71,
 139.905766,   35.633784,        1.96,
 139.910270,   35.633784,        2.24,
 139.914775,   35.633784,        2.55,
 139.919279,   35.633784,        2.91,
 139.923784,   35.633784,        3.05,
 139.928288,   35.633784,        2.92,
 139.932793,   35.633784,        2.82,
 139.937297,   35.633784,        2.70,
 139.941802,   35.633784,        2.51,
 139.946306,   35.633784,        2.34,
 139.950811,   35.633784,        2.19,
 139.955315,   35.633784,        2.07,
 139.959820,   35.633784,        1.95,
 139.964324,   35.633784,        1.83,
 139.968829,   35.633784,        1.76,
 139.973333,   35.633784,        1.73,
 139.977838,   35.633784,        1.69,
 139.982342,   35.633784,        1.65,
 139.986847,   35.633784,        1.64,
 139.991351,   35.633784,        1.62,
 139.995856,   35.633784,        1.61,
 140.000360,   35.633784,        1.60,
 140.004865,   35.633784,        1.57,
 140.009369,   35.633784,        1.46,
 140.013874,   35.633784,        0.85,
 140.018378,   35.633784,         NaN,
 140.022883,   35.633784,         NaN,
 140.027387,   35.633784,         NaN,
 140.031892,   35.633784,         NaN,
 140.036396,   35.633784,         NaN,
 140.040901,   35.633784,         NaN,
 140.045405,   35.633784,         NaN,
 140.049910,   35.633784,         NaN,
 140.054414,   35.633784,         NaN,
 140.058919,   35.633784,         NaN,
 140.063423,   35.633784,         NaN,
 140.067928,   35.633784,         NaN,
 140.072432,   35.633784,         NaN,
 140.076937,   35.633784,         NaN,
 140.081441,   35.633784,         NaN,
 140.085946,   35.633784,         NaN,
 140.090450,   35.633784,         NaN,
 140.094955,   35.633784,         NaN,
 140.099459,   35.633784,         NaN,
 140.103964,   35.633784,         NaN,
 140.108468,   35.633784,         NaN,
 140.112973,   35.633784,        3.27,
 140.117477,   35.633784,        3.34,
 140.121982,   35.633784,        3.40,
 140.126486,   35.633784,        3.54,
 140.130991,   35.633784,        3.78,
 140.135495,   35.633784,        4.06,
 140.140000,   35.633784,        4.37,
 140.144505,   35.633784,        4.73,
 140.149009,   35.633784,        5.11,
 140.153514,   35.633784,        5.53,
 140.158018,   35.633784,        5.84,
 140.162523,   35.633784,        6.00,
 140.167027,   35.633784,        6.15,
 140.171532,   35.633784,        6.29,
 140.176036,   35.633784,        6.29,
 140.180541,   35.633784,        6.30,
 140.185045,   35.633784,        6.29,
 140.189550,   35.633784,        6.29,
 140.194054,   35.633784,        6.29,
 140.198559,   35.633784,        6.29,
 140.203063,   35.633784,        6.28,
 140.207568,   35.633784,        6.28,
 140.212072,   35.633784,        6.27,
 140.216577,   35.633784,        6.26,
 140.221081,   35.633784,        6.25,
 140.225586,   35.633784,        6.24,
 140.230090,   35.633784,        6.23,
 140.234595,   35.633784,        6.22,
 140.239099,   35.633784,        6.21,
 140.243604,   35.633784,        6.19,
 140.248108,   35.633784,        6.18,
 140.252613,   35.633784,        6.16,
 140.257117,   35.633784,        6.14,
 140.261622,   35.633784,        6.12,
 140.266126,   35.633784,        6.10,
 140.270631,   35.633784,        6.08,
 140.275135,   35.633784,        6.06,
 140.279640,   35.633784,        6.04,
 140.284144,   35.633784,        6.02,
 140.288649,   35.633784,        5.99,
 140.293153,   35.633784,        5.96,
 140.297658,   35.633784,        5.94,
 140.302162,   35.633784,        5.91,
 140.306667,   35.633784,        5.88,
 140.311171,   35.633784,        5.85,
 140.315676,   35.633784,        5.82,
 140.320180,   35.633784,        5.79,
 140.324685,   35.633784,        5.75,
 140.329189,   35.633784,        5.72,
 140.333694,   35.633784,        5.68,
 140.338198,   35.633784,        5.65,
 140.342703,   35.633784,        5.61,
 140.347207,   35.633784,        5.57,
 140.351712,   35.633784,        5.53,
 140.356216,   35.633784,        5.49,
 140.360721,   35.633784,        5.45,
 140.365225,   35.633784,        5.40,
 140.369730,   35.633784,        5.36,
 140.374234,   35.633784,        5.31,
 140.378739,   35.633784,        5.27,
 140.383243,   35.633784,        5.22,
 140.387748,   35.633784,        5.17,
 139.140000,   35.638288,       16.28,
 139.144505,   35.638288,       15.81,
 139.149009,   35.638288,       15.34,
 139.153514,   35.638288,       14.88,
 139.158018,   35.638288,       14.43,
 139.162523,   35.638288,       13.98,
 139.167027,   35.638288,       13.53,
 139.171532,   35.638288,       13.09,
 139.176036,   35.638288,       12.66,
 139.180541,   35.638288,       12.23,
 139.185045,   35.638288,       11.81,
 139.189550,   35.638288,       11.39,
 139.194054,   35.638288,       10.98,
 139.198559,   35.638288,       10.57,
 139.203063,   35.638288,       10.17,
 139.207568,   35.638288,        9.77,
 139.212072,   35.638288,        9.38,
 139.216577,   35.638288,        8.99,
 139.221081,   35.638288,        8.61,
 139.225586,   35.638288,        8.23,
 139.230090,   35.638288,        7.86,
 139.234595,   35.638288,        7.50,
 139.239099,   35.638288,        7.14,
 139.243604,   35.638288,        6.78,
 139.248108,   35.638288,        6.43,
 139.252613,   35.638288,        6.09,
 139.257117,   35.638288,        5.75,
 139.261622,   35.638288,        5.41,
 139.266126,   35.638288,        5.08,
 139.270631,   35.638288,        4.76,
 139.275135,   35.638288,        4.44,
 139.279640,   35.638288,        4.13,
 139.284144,   35.638288,        3.82,
 139.288649,   35.638288,        3.52,
 139.293153,   35.638288,        3.22,
 139.297658,   35.638288,        2.93,
 139.302162,   35.638288,        2.64,
 139.306667,   35.638288,        2.36,
 139.311171,   35.638288,        2.08,
 139.315676,   35.638288,        1.81,
 139.320180,   35.638288,        1.54,
 139.324685,   35.638288,        1.28,
 139.329189,   35.638288,        1.03,
 139.333694,   35.638288,        0.78,
 139.338198,   35.638288,        0.53,
 139.342703,   35.638288,        0.29,
 139.347207,   35.638288,        0.06,
 139.351712,   35.638288,       -0.17,
 139.356216,   35.638288,       -0.40,
 139.360721,   35.638288,       -0.62,
 139.365225,   35.638288,       -0.83,
 139.369730,   35.638288,       -1.04,
 139.374234,   35.638288,       -1.24,
 139.378739,   35.638288,       -1.44,
 139.383243,   35.638288,       -1.63,
 139.387748,   35.638288,       -1.82,
 139.392252,   35.638288,       -2.00,
 139.396757,   35.638288,       -2.18,
 139.401261,   35.638288,       -2.35,
 139.405766,   35.638288,       -2.52,
 139.410270,   35.638288,       -2.68,
 139.414775,   35.638288,       -2.84,
 139.419279,   35.638288,       -2.99,
 139.423784,   35.638288,       -3.13,
 139.428288,   35.638288,       -3.27,
 139.432793,   35.638288,       -3.41,
 139.437297,   35.638288,       -3.54,
 139.441802,   35.638288,       -3.66,
 139.446306,   35.638288,       -3.78,
 139.450811,   35.638288,       -3.90,
 139.455315,   35.638288,       -4.01,
 139.459820,   35.638288,       -4.11,
 139.464324,   35.638288,       -4.21,
 139.468829,   35.638288,       -4.30,
 139.473333,   35.638288,       -4.39,
 139.477838,   35.638288,       -4.47,
 139.482342,   35.638288,       -4.55,
 139.486847,   35.638288,       -4.62,
 139.491351,   35.638288,       -4.69,
 139.495856,   35.638288,       -4.75,
 139.500360,   35.638288,       -4.81,
 139.504865,   35.638288,       -4.86,
 139.509369,   35.638288,       -4.91,
 139.513874,   35.638288,       -4.95,
 139.518378,   35.638288,       -4.98,
 139.522883,   35.638288,       -5.01,
 139.527387,   35.638288,       -5.04,
 139.531892,   35.638288,       -5.06,
 139.536396,   35.638288,       -5.07,
 139.540901,   35.638288,       -5.08,
 139.545405,   35.638288,       -5.09,
 139.549910,   35.638288,       -5.09,
 139.554414,   35.638288,       -5.08,
 139.558919,   35.638288,       -5.07,
 139.563423,   35.638288,       -5.05,
 139.567928,   35.638288,       -5.03,
 139.572432,   35.638288,       -5.00,
 139.576937,   35.638288,       -4.97,
 139.581441,   35.638288,       -4.93,
 139.585946,   35.638288,       -4.89,
 139.590450,   35.638288,       -4.84,
 139.594955,   35.638288,       -4.79,
 139.599459,   35.638288,       -4.73,
 139.603964,   35.638288,       -4.67,
 139.608468,   35.638288,       -4.60,
 139.612973,   35.638288,       -4.52,
 139.617477,   35.638288,       -4.45,
 139.621982,   35.638288,       -4.36,
 139.626486,   35.638288,       -4.27,
 139.630991,   35.638288,       -4.18,
 139.635495,   35.638288,       -4.07,
 139.640000,   35.638288,       -3.97,
 139.644505,   35.638288,       -3.86,
 139.649009,   35.638288,       -3.74,
 139.653514,   35.638288,       -3.62,
 139.658018,   35.638288,       -3.49,
 139.662523,   35.638288,       -3.36,
 139.667027,   35.638288,       -3.23,
 139.671532,   35.638288,       -3.08,
 139.676036,   35.638288,       -2.94,
 139.680541,   35.638288,       -2.78,
 139.685045,   35.638288,       -2.62,
 139.689550,   35.638288,       -2.46,
 139.694054,   35.638288,       -2.29,
 139.698559,   35.638288,       -2.12,
 139.703063,   35.638288,       -1.94,
 139.707568,   35.638288,       -1.76,
 139.712072,   35.638288,       -1.57,
 139.716577,   35.638288,       -1.37,
 139.721081,   35.638288,       -1.17,
 139.725586,   35.638288,       -0.97,
 139.730090,   35.638288,       -0.76,
 139.734595,   35.638288,       -0.54,
 139.739099,   35.638288,       -0.32,
 139.743604,   35.638288,       -0.23,
 139.748108,   35.638288,       -0.08,
 139.752613,   35.638288,        0.09,
 139.757117,   35.638288,        0.40,
 139.761622,   35.638288,        0.50,
 139.766126,   35.638288,        0.58,
 139.770631,   35.638288,        0.61,
 139.775135,   35.638288,        0.65,
 139.779640,   35.638288,        1.28,
 139.784144,   35.638288,        2.13,
 139.788649,   35.638288,        2.65,
 139.793153,   35.638288,        2.95,
 139.797658,   35.638288,        3.11,
 139.802162,   35.638288,        3.25,
 139.806667,   35.638288,        3.27,
 139.811171,   35.638288,        3.06,
 139.815676,   35.638288,        2.94,
 139.820180,   35.638288,        2.87,
 139.824685,   35.638288,        2.79,
 139.829189,   35.638288,        3.21,
 139.833694,   35.638288,        5.34,
 139.838198,   35.638288,        7.53,
 139.842703,   35.638288,        7.21,
 139.847207,   35.638288,        6.59,
 139.851712,   35.638288,        6.36,
 139.856216,   35.638288,        6.01,
 139.860721,   35.638288,        4.94,
 139.865225,   35.638288,        3.86,
 139.869730,   35.638288,        2.34,
 139.874234,   35.638288,        0.51,
 139.878739,   35.638288,        0.33,
 139.883243,   35.638288,        0.53,
 139.887748,   35.638288,        0.74,
 139.892252,   35.638288,        0.97,
 139.896757,   35.638288,        1.20,
 139.901261,   35.638288,        1.43,
 139.905766,   35.638288,        1.68,
 139.910270,   35.638288,        1.95,
 139.914775,   35.638288,        2.24,
 139.919279,   35.638288,        2.57,
 139.923784,   35.638288,        2.83,
 139.928288,   35.638288,        2.80,
 139.932793,   35.638288,        2.77,
 139.937297,   35.638288,        2.69,
 139.941802,   35.638288,        2.57,
 139.946306,   35.638288,        2.47,
 139.950811,   35.638288,        2.32,
 139.955315,   35.638288,        2.19,
 139.959820,   35.638288,        2.09,
 139.964324,   35.638288,        2.00,
 139.968829,   35.638288,        1.92,
 139.973333,   35.638288,        1.87,
 139.977838,   35.638288,        1.82,
 139.982342,   35.638288,        1.77,
 139.986847,   35.638288,        1.74,
 139.991351,   35.638288,        1.72,
 139.995856,   35.638288,        1.68,
 140.000360,   35.638288,        1.65,
 140.004865,   35.638288,        1.58,
 140.009369,   35.638288,        1.34,
 140.013874,   35.638288,        0.76,
 140.018378,   35.638288,        0.18,
 140.022883,   35.638288,         NaN,
 140.027387,   35.638288,         NaN,
 140.031892,   35.638288,         NaN,
 140.036396,   35.638288,         NaN,
 140.040901,   35.638288,         NaN,
 140.045405,   35.638288,         NaN,
 140.049910,   35.638288,         NaN,
 140.054414,   35.638288,         NaN,
 140.058919,   35.638288,         NaN,
 140.063423,   35.638288,         NaN,
 140.067928,   35.638288,         NaN,
 140.072432,   35.638288,         NaN,
 140.076937,   35.638288,         NaN,
 140.081441,   35.638288,         NaN,
 140.085946,   35.638288,         NaN,
 140.090450,   35.638288,         NaN,
 140.094955,   35.638288,         NaN,
 140.099459,   35.638288,         NaN,
 140.103964,   35.638288,         NaN,
 140.108468,   35.638288,         NaN,
 140.112973,   35.638288,         NaN,
 140.117477,   35.638288,        3.23,
 140.121982,   35.638288,        3.29,
 140.126486,   35.638288,        3.36,
 140.130991,   35.638288,        3.49,
 140.135495,   35.638288,        3.77,
 140.140000,   35.638288,        4.08,
 140.144505,   35.638288,        4.43,
 140.149009,   35.638288,        4.81,
 140.153514,   35.638288,        5.23,
 140.158018,   35.638288,        5.69,
 140.162523,   35.638288,        6.04,
 140.167027,   35.638288,        6.19,
 140.171532,   35.638288,        6.35,
 140.176036,   35.638288,        6.50,
 140.180541,   35.638288,        6.56,
 140.185045,   35.638288,        6.56,
 140.189550,   35.638288,        6.56,
 140.194054,   35.638288,        6.56,
 140.198559,   35.638288,        6.56,
 140.203063,   35.638288,        6.55,
 140.207568,   35.638288,        6.55,
 140.212072,   35.638288,        6.54,
 140.216577,   35.638288,        6.53,
 140.221081,   35.638288,        6.53,
 140.225586,   35.638288,        6.52,
 140.230090,   35.638288,        6.51,
 140.234595,   35.638288,        6.49,
 140.239099,   35.638288,        6.48,
 140.243604,   35.638288,        6.47,
 140.248108,   35.638288,        6.45,
 140.252613,   35.638288,        6.44,
 140.257117,   35.638288,        6.42,
 140.261622,   35.638288,        6.40,
 140.266126,   35.638288,        6.38,
 140.270631,   35.638288,        6.36,
 140.275135,   35.638288,        6.34,
 140.279640,   35.638288,        6.32,
 140.284144,   35.638288,        6.29,
 140.288649,   35.638288,        6.27,
 140.293153,   35.638288,        6.24,
 140.297658,   35.638288,        6.22,
 140.302162,   35.638288,        6.19,
 140.306667,   35.638288,        6.16,
 140.311171,   35.638288,        6.13,
 140.315676,   35.638288,        6.10,
 140.320180,   35.638288,        6.07,
 140.324685,   35.638288,        6.03,
 140.329189,   35.638288,        6.00,
 140.333694,   35.638288,        5.96,
 140.338198,   35.638288,        5.93,
 140.342703,   35.638288,        5.89,
 140.347207,   35.638288,        5.85,
 140.351712,   35.638288,        5.81,
 140.356216,   35.638288,        5.77,
 140.360721,   35.638288,        5.73,
 140.365225,   35.638288,        5.69,
 140.369730,   35.638288,        5.64,
 140.374234,   35.638288,        5.60,
 140.378739,   35.638288,        5.55,
 140.383243,   35.638288,        5.51,
 140.387748,   35.638288,        5.46,
 139.140000,   35.642793,       16.30,
 139.144505,   35.642793,       15.83,
 139.149009,   35.642793,       15.36,
 139.153514,   35.642793,       14.90,
 139.158018,   35.642793,       14.44,
 139.162523,   35.642793,       13.99,
 139.167027,   35.642793,       13.54,
 139.171532,   35.642793,       13.10,
 139.176036,   35.642793,       12.66,
 139.180541,   35.642793,       12.23,
 139.185045,   35.642793,       11.81,
 139.189550,   35.642793,       11.39,
 139.194054,   35.642793,       10.97,
 139.198559,   35.642793,       10.56,
 139.203063,   35.642793,       10.16,
 139.207568,   35.642793,        9.76,
 139.212072,   35.642793,        9.36,
 139.216577,   35.642793,        8.97,
 139.221081,   35.642793,        8.59,
 139.225586,   35.642793,        8.21,
 139.230090,   35.642793,        7.84,
 139.234595,   35.642793,        7.47,
 139.239099,   35.642793,        7.11,
 139.243604,   35.642793,        6.75,
 139.248108,   35.642793,        6.40,
 139.252613,   35.642793,        6.05,
 139.257117,   35.642793,        5.71,
 139.261622,   35.642793,        5.37,
 139.266126,   35.642793,        5.04,
 139.270631,   35.642793,        4.72,
 139.275135,   35.642793,        4.40,
 139.279640,   35.642793,        4.08,
 139.284144,   35.642793,        3.77,
 139.288649,   35.642793,        3.47,
 139.293153,   35.642793,        3.17,
 139.297658,   35.642793,        2.87,
 139.302162,   35.642793,        2.58,
 139.306667,   35.642793,        2.30,
 139.311171,   35.642793,        2.02,
 139.315676,   35.642793,        1.74,
 139.320180,   35.642793,        1.48,
 139.324685,   35.642793,        1.21,
 139.329189,   35.642793,        0.96,
 139.333694,   35.642793,        0.70,
 139.338198,   35.642793,        0.46,
 139.342703,   35.642793,        0.21,
 139.347207,   35.642793,       -0.02,
 139.351712,   35.642793,       -0.26,
 139.356216,   35.642793,       -0.48,
 139.360721,   35.642793,       -0.70,
 139.365225,   35.642793,       -0.92,
 139.369730,   35.642793,       -1.13,
 139.374234,   35.642793,       -1.34,
 139.378739,   35.642793,       -1.54,
 139.383243,   35.642793,       -1.73,
 139.387748,   35.642793,       -1.92,
 139.392252,   35.642793,       -2.11,
 139.396757,   35.642793,       -2.28,
 139.401261,   35.642793,       -2.46,
 139.405766,   35.642793,       -2.63,
 139.410270,   35.642793,       -2.79,
 139.414775,   35.642793,       -2.95,
 139.419279,   35.642793,       -3.10,
 139.423784,   35.642793,       -3.25,
 139.428288,   35.642793,       -3.39,
 139.432793,   35.642793,       -3.53,
 139.437297,   35.642793,       -3.66,
 139.441802,   35.642793,       -3.79,
 139.446306,   35.642793,       -3.91,
 139.450811,   35.642793,       -4.03,
 139.455315,   35.642793,       -4.14,
 139.459820,   35.642793,       -4.25,
 139.464324,   35.642793,       -4.35,
 139.468829,   35.642793,       -4.44,
 139.473333,   35.642793,       -4.53,
 139.477838,   35.642793,       -4.62,
 139.482342,   35.642793,       -4.70,
 139.486847,   35.642793,       -4.77,
 139.491351,   35.642793,       -4.84,
 139.495856,   35.642793,       -4.91,
 139.500360,   35.642793,       -4.96,
 139.504865,   35.642793,       -5.02,
 139.509369,   35.642793,       -5.07,
 139.513874,   35.642793,       -5.11,
 139.518378,   35.642793,       -5.15,
 139.522883,   35.642793,       -5.18,
 139.527387,   35.642793,       -5.21,
 139.531892,   35.642793,       -5.23,
 139.536396,   35.642793,       -5.25,
 139.540901,   35.642793,       -5.26,
 139.545405,   35.642793,       -5.27,
 139.549910,   35.642793,       -5.27,
 139.554414,   35.642793,       -5.26,
 139.558919,   35.642793,       -5.25,
 139.563423,   35.642793,       -5.24,
 139.567928,   35.642793,       -5.22,
 139.572432,   35.642793,       -5.19,
 139.576937,   35.642793,       -5.16,
 139.581441,   35.642793,       -5.13,
 139.585946,   35.642793,       -5.09,
 139.590450,   35.642793,       -5.04,
 139.594955,   35.642793,       -4.99,
 139.599459,   35.642793,       -4.94,
 139.603964,   35.642793,       -4.87,
 139.608468,   35.642793,       -4.81,
 139.612973,   35.642793,       -4.74,
 139.617477,   35.642793,       -4.66,
 139.621982,   35.642793,       -4.58,
 139.626486,   35.642793,       -4.49,
 139.630991,   35.642793,       -4.39,
 139.635495,   35.642793,       -4.30,
 139.640000,   35.642793,       -4.19,
 139.644505,   35.642793,       -4.08,
 139.649009,   35.642793,       -3.97,
 139.653514,   35.642793,       -3.85,
 139.658018,   35.642793,       -3.73,
 139.662523,   35.642793,       -3.60,
 139.667027,   35.642793,       -3.46,
 139.671532,   35.642793,       -3.32,
 139.676036,   35.642793,       -3.18,
 139.680541,   35.642793,       -3.03,
 139.685045,   35.642793,       -2.87,
 139.689550,   35.642793,       -2.71,
 139.694054,   35.642793,       -2.54,
 139.698559,   35.642793,       -2.37,
 139.703063,   35.642793,       -2.19,
 139.707568,   35.642793,       -2.01,
 139.712072,   35.642793,       -1.83,
 139.716577,   35.642793,       -1.63,
 139.721081,   35.642793,       -1.44,
 139.725586,   35.642793,       -1.23,
 139.730090,   35.642793,       -1.02,
 139.734595,   35.642793,       -0.81,
 139.739099,   35.642793,       -0.59,
 139.743604,   35.642793,       -0.37,
 139.748108,   35.642793,       -0.14,
 139.752613,   35.642793,       -0.03,
 139.757117,   35.642793,        0.29,
 139.761622,   35.642793,        0.53,
 139.766126,   35.642793,        0.70,
 139.770631,   35.642793,        0.64,
 139.775135,   35.642793,        0.74,
 139.779640,   35.642793,        1.39,
 139.784144,   35.642793,        2.05,
 139.788649,   35.642793,        2.42,
 139.793153,   35.642793,        2.67,
 139.797658,   35.642793,        2.86,
 139.802162,   35.642793,        3.04,
 139.806667,   35.642793,        3.22,
 139.811171,   35.642793,        3.38,
 139.815676,   35.642793,        3.28,
 139.820180,   35.642793,        3.21,
 139.824685,   35.642793,        3.15,
 139.829189,   35.642793,        3.91,
 139.833694,   35.642793,        5.90,
 139.838198,   35.642793,        7.89,
 139.842703,   35.642793,        8.22,
 139.847207,   35.642793,        7.34,
 139.851712,   35.642793,        6.99,
 139.856216,   35.642793,        6.52,
 139.860721,   35.642793,        5.58,
 139.865225,   35.642793,        4.59,
 139.869730,   35.642793,        2.45,
 139.874234,   35.642793,        0.81,
 139.878739,   35.642793,        0.54,
 139.883243,   35.642793,        0.50,
 139.887748,   35.642793,        0.58,
 139.892252,   35.642793,        0.76,
 139.896757,   35.642793,        0.96,
 139.901261,   35.642793,        1.16,
 139.905766,   35.642793,        1.39,
 139.910270,   35.642793,        1.64,
 139.914775,   35.642793,        1.91,
 139.919279,   35.642793,        2.19,
 139.923784,   35.642793,        2.45,
 139.928288,   35.642793,        2.52,
 139.932793,   35.642793,        2.57,
 139.937297,   35.642793,        2.64,
 139.941802,   35.642793,        2.52,
 139.946306,   35.642793,        2.47,
 139.950811,   35.642793,        2.40,
 139.955315,   35.642793,        2.29,
 139.959820,   35.642793,        2.21,
 139.964324,   35.642793,        2.13,
 139.968829,   35.642793,        2.06,
 139.973333,   35.642793,        2.01,
 139.977838,   35.642793,        1.95,
 139.982342,   35.642793,        1.89,
 139.986847,   35.642793,        1.85,
 139.991351,   35.642793,        1.81,
 139.995856,   35.642793,        1.77,
 140.000360,   35.642793,        1.72,
 140.004865,   35.642793,        1.46,
 140.009369,   35.642793,        0.93,
 140.013874,   35.642793,        0.36,
 140.018378,   35.642793,         NaN,
 140.022883,   35.642793,         NaN,
 140.027387,   35.642793,         NaN,
 140.031892,   35.642793,         NaN,
 140.036396,   35.642793,         NaN,
 140.040901,   35.642793,         NaN,
 140.045405,   35.642793,         NaN,
 140.049910,   35.642793,         NaN,
 140.054414,   35.642793,         NaN,
 140.058919,   35.642793,         NaN,
 140.063423,   35.642793,         NaN,
 140.067928,   35.642793,         NaN,
 140.072432,   35.642793,         NaN,
 140.076937,   35.642793,         NaN,
 140.081441,   35.642793,         NaN,
 140.085946,   35.642793,         NaN,
 140.090450,   35.642793,         NaN,
 140.094955,   35.642793,         NaN,
 140.099459,   35.642793,         NaN,
 140.103964,   35.642793,         NaN,
 140.108468,   35.642793,         NaN,
 140.112973,   35.642793,         NaN,
 140.117477,   35.642793,         NaN,
 140.121982,   35.642793,        3.19,
 140.126486,   35.642793,        3.25,
 140.130991,   35.642793,        3.32,
 140.135495,   35.642793,        3.45,
 140.140000,   35.642793,        3.76,
 140.144505,   35.642793,        4.10,
 140.149009,   35.642793,        4.48,
 140.153514,   35.642793,        4.90,
 140.158018,   35.642793,        5.35,
 140.162523,   35.642793,        5.84,
 140.167027,   35.642793,        6.24,
 140.171532,   35.642793,        6.39,
 140.176036,   35.642793,        6.55,
 140.180541,   35.642793,        6.70,
 140.185045,   35.642793,        6.83,
 140.189550,   35.642793,        6.83,
 140.194054,   35.642793,        6.83,
 140.198559,   35.642793,        6.83,
 140.203063,   35.642793,        6.82,
 140.207568,   35.642793,        6.82,
 140.212072,   35.642793,        6.81,
 140.216577,   35.642793,        6.81,
 140.221081,   35.642793,        6.80,
 140.225586,   35.642793,        6.79,
 140.230090,   35.642793,        6.78,
 140.234595,   35.642793,        6.77,
 140.239099,   35.642793,        6.76,
 140.243604,   35.642793,        6.74,
 140.248108,   35.642793,        6.73,
 140.252613,   35.642793,        6.71,
 140.257117,   35.642793,        6.70,
 140.261622,   35.642793,        6.68,
 140.266126,   35.642793,        6.66,
 140.270631,   35.642793,        6.64,
 140.275135,   35.642793,        6.62,
 140.279640,   35.642793,        6.60,
 140.284144,   35.642793,        6.57,
 140.288649,   35.642793,        6.55,
 140.293153,   35.642793,        6.52,
 140.297658,   35.642793,        6.50,
 140.302162,   35.642793,        6.47,
 140.306667,   35.642793,        6.44,
 140.311171,   35.642793,        6.41,
 140.315676,   35.642793,        6.38,
 140.320180,   35.642793,        6.35,
 140.324685,   35.642793,        6.32,
 140.329189,   35.642793,        6.28,
 140.333694,   35.642793,        6.25,
 140.338198,   35.642793,        6.21,
 140.342703,   35.642793,        6.18,
 140.347207,   35.642793,        6.14,
 140.351712,   35.642793,        6.10,
 140.356216,   35.642793,        6.06,
 140.360721,   35.642793,        6.02,
 140.365225,   35.642793,        5.97,
 140.369730,   35.642793,        5.93,
 140.374234,   35.642793,        5.89,
 140.378739,   35.642793,        5.84,
 140.383243,   35.642793,        5.79,
 140.387748,   35.642793,        5.75,
 139.140000,   35.647297,       16.31,
 139.144505,   35.647297,       15.84,
 139.149009,   35.647297,       15.37,
 139.153514,   35.647297,       14.91,
 139.158018,   35.647297,       14.45,
 139.162523,   35.647297,       13.99,
 139.167027,   35.647297,       13.54,
 139.171532,   35.647297,       13.10,
 139.176036,   35.647297,       12.66,
 139.180541,   35.647297,       12.23,
 139.185045,   35.647297,       11.80,
 139.189550,   35.647297,       11.38,
 139.194054,   35.647297,       10.96,
 139.198559,   35.647297,       10.55,
 139.203063,   35.647297,       10.14,
 139.207568,   35.647297,        9.74,
 139.212072,   35.647297,        9.34,
 139.216577,   35.647297,        8.95,
 139.221081,   35.647297,        8.57,
 139.225586,   35.647297,        8.19,
 139.230090,   35.647297,        7.81,
 139.234595,   35.647297,        7.44,
 139.239099,   35.647297,        7.08,
 139.243604,   35.647297,        6.72,
 139.248108,   35.647297,        6.36,
 139.252613,   35.647297,        6.01,
 139.257117,   35.647297,        5.67,
 139.261622,   35.647297,        5.33,
 139.266126,   35.647297,        5.00,
 139.270631,   35.647297,        4.67,
 139.275135,   35.647297,        4.35,
 139.279640,   35.647297,        4.03,
 139.284144,   35.647297,        3.72,
 139.288649,   35.647297,        3.41,
 139.293153,   35.647297,        3.11,
 139.297658,   35.647297,        2.81,
 139.302162,   35.647297,        2.52,
 139.306667,   35.647297,        2.23,
 139.311171,   35.647297,        1.95,
 139.315676,   35.647297,        1.68,
 139.320180,   35.647297,        1.40,
 139.324685,   35.647297,        1.14,
 139.329189,   35.647297,        0.88,
 139.333694,   35.647297,        0.62,
 139.338198,   35.647297,        0.37,
 139.342703,   35.647297,        0.13,
 139.347207,   35.647297,       -0.11,
 139.351712,   35.647297,       -0.34,
 139.356216,   35.647297,       -0.57,
 139.360721,   35.647297,       -0.80,
 139.365225,   35.647297,       -1.01,
 139.369730,   35.647297,       -1.23,
 139.374234,   35.647297,       -1.43,
 139.378739,   35.647297,       -1.64,
 139.383243,   35.647297,       -1.83,
 139.387748,   35.647297,       -2.03,
 139.392252,   35.647297,       -2.21,
 139.396757,   35.647297,       -2.39,
 139.401261,   35.647297,       -2.57,
 139.405766,   35.647297,       -2.74,
 139.410270,   35.647297,       -2.91,
 139.414775,   35.647297,       -3.07,
 139.419279,   35.647297,       -3.22,
 139.423784,   35.647297,       -3.37,
 139.428288,   35.647297,       -3.52,
 139.432793,   35.647297,       -3.66,
 139.437297,   35.647297,       -3.79,
 139.441802,   35.647297,       -3.92,
 139.446306,   35.647297,       -4.05,
 139.450811,   35.647297,       -4.16,
 139.455315,   35.647297,       -4.28,
 139.459820,   35.647297,       -4.39,
 139.464324,   35.647297,       -4.49,
 139.468829,   35.647297,       -4.59,
 139.473333,   35.647297,       -4.68,
 139.477838,   35.647297,       -4.77,
 139.482342,   35.647297,       -4.85,
 139.486847,   35.647297,       -4.93,
 139.491351,   35.647297,       -5.00,
 139.495856,   35.647297,       -5.06,
 139.500360,   35.647297,       -5.13,
 139.504865,   35.647297,       -5.18,
 139.509369,   35.647297,       -5.23,
 139.513874,   35.647297,       -5.28,
 139.518378,   35.647297,       -5.32,
 139.522883,   35.647297,       -5.35,
 139.527387,   35.647297,       -5.38,
 139.531892,   35.647297,       -5.41,
 139.536396,   35.647297,       -5.43,
 139.540901,   35.647297,       -5.44,
 139.545405,   35.647297,       -5.45,
 139.549910,   35.647297,       -5.45,
 139.554414,   35.647297,       -5.45,
 139.558919,   35.647297,       -5.44,
 139.563423,   35.647297,       -5.43,
 139.567928,   35.647297,       -5.41,
 139.572432,   35.647297,       -5.39,
 139.576937,   35.647297,       -5.36,
 139.581441,   35.647297,       -5.33,
 139.585946,   35.647297,       -5.29,
 139.590450,   35.647297,       -5.25,
 139.594955,   35.647297,       -5.20,
 139.599459,   35.647297,       -5.14,
 139.603964,   35.647297,       -5.09,
 139.608468,   35.647297,       -5.02,
 139.612973,   35.647297,       -4.95,
 139.617477,   35.647297,       -4.88,
 139.621982,   35.647297,       -4.80,
 139.626486,   35.647297,       -4.71,
 139.630991,   35.647297,       -4.62,
 139.635495,   35.647297,       -4.52,
 139.640000,   35.647297,       -4.42,
 139.644505,   35.647297,       -4.32,
 139.649009,   35.647297,       -4.20,
 139.653514,   35.647297,       -4.09,
 139.658018,   35.647297,       -3.96,
 139.662523,   35.647297,       -3.84,
 139.667027,   35.647297,       -3.70,
 139.671532,   35.647297,       -3.57,
 139.676036,   35.647297,       -3.42,
 139.680541,   35.647297,       -3.28,
 139.685045,   35.647297,       -3.12,
 139.689550,   35.647297,       -2.96,
 139.694054,   35.647297,       -2.80,
 139.698559,   35.647297,       -2.63,
 139.703063,   35.647297,       -2.45,
 139.707568,   35.647297,       -2.27,
 139.712072,   35.647297,       -2.09,
 139.716577,   35.647297,       -1.90,
 139.721081,   35.647297,       -1.70,
 139.725586,   35.647297,       -1.50,
 139.730090,   35.647297,       -1.30,
 139.734595,   35.647297,       -1.09,
 139.739099,   35.647297,       -0.87,
 139.743604,   35.647297,       -0.65,
 139.748108,   35.647297,       -0.42,
 139.752613,   35.647297,       -0.19,
 139.757117,   35.647297,        0.01,
 139.761622,   35.647297,        0.27,
 139.766126,   35.647297,        0.26,
 139.770631,   35.647297,        0.16,
 139.775135,   35.647297,        0.65,
 139.779640,   35.647297,        1.47,
 139.784144,   35.647297,        1.96,
 139.788649,   35.647297,        2.19,
 139.793153,   35.647297,        2.39,
 139.797658,   35.647297,        2.60,
 139.802162,   35.647297,        2.81,
 139.806667,   35.647297,        3.03,
 139.811171,   35.647297,        3.25,
 139.815676,   35.647297,        3.45,
 139.820180,   35.647297,        3.52,
 139.824685,   35.647297,        3.74,
 139.829189,   35.647297,        5.08,
 139.833694,   35.647297,        6.68,
 139.838198,   35.647297,        8.50,
 139.842703,   35.647297,        9.40,
 139.847207,   35.647297,        8.64,
 139.851712,   35.647297,        8.10,
 139.856216,   35.647297,        7.40,
 139.860721,   35.647297,        6.26,
 139.865225,   35.647297,        4.19,
 139.869730,   35.647297,        2.62,
 139.874234,   35.647297,        1.62,
 139.878739,   35.647297,        1.14,
 139.883243,   35.647297,        0.87,
 139.887748,   35.647297,        0.73,
 139.892252,   35.647297,        0.71,
 139.896757,   35.647297,        0.81,
 139.901261,   35.647297,        0.97,
 139.905766,   35.647297,        1.14,
 139.910270,   35.647297,        1.34,
 139.914775,   35.647297,        1.57,
 139.919279,   35.647297,        1.83,
 139.923784,   35.647297,        2.06,
 139.928288,   35.647297,        2.16,
 139.932793,   35.647297,        2.25,
 139.937297,   35.647297,        2.40,
 139.941802,   35.647297,        2.40,
 139.946306,   35.647297,        2.38,
 139.950811,   35.647297,        2.39,
 139.955315,   35.647297,        2.37,
 139.959820,   35.647297,        2.31,
 139.964324,   35.647297,        2.24,
 139.968829,   35.647297,        2.18,
 139.973333,   35.647297,        2.14,
 139.977838,   35.647297,        2.08,
 139.982342,   35.647297,        2.01,
 139.986847,   35.647297,        1.95,
 139.991351,   35.647297,        1.90,
 139.995856,   35.647297,        1.81,
 140.000360,   35.647297,        1.57,
 140.004865,   35.647297,        1.02,
 140.009369,   35.647297,        0.46,
 140.013874,   35.647297,         NaN,
 140.018378,   35.647297,         NaN,
 140.022883,   35.647297,         NaN,
 140.027387,   35.647297,         NaN,
 140.031892,   35.647297,         NaN,
 140.036396,   35.647297,         NaN,
 140.040901,   35.647297,         NaN,
 140.045405,   35.647297,         NaN,
 140.049910,   35.647297,         NaN,
 140.054414,   35.647297,         NaN,
 140.058919,   35.647297,         NaN,
 140.063423,   35.647297,         NaN,
 140.067928,   35.647297,         NaN,
 140.072432,   35.647297,         NaN,
 140.076937,   35.647297,         NaN,
 140.081441,   35.647297,         NaN,
 140.085946,   35.647297,         NaN,
 140.090450,   35.647297,         NaN,
 140.094955,   35.647297,         NaN,
 140.099459,   35.647297,         NaN,
 140.103964,   35.647297,         NaN,
 140.108468,   35.647297,         NaN,
 140.112973,   35.647297,         NaN,
 140.117477,   35.647297,         NaN,
 140.121982,   35.647297,        3.08,
 140.126486,   35.647297,        3.14,
 140.130991,   35.647297,        3.21,
 140.135495,   35.647297,        3.27,
 140.140000,   35.647297,        3.39,
 140.144505,   35.647297,        3.73,
 140.149009,   35.647297,        4.11,
 140.153514,   35.647297,        4.53,
 140.158018,   35.647297,        4.98,
 140.162523,   35.647297,        5.46,
 140.167027,   35.647297,        5.98,
 140.171532,   35.647297,        6.44,
 140.176036,   35.647297,        6.59,
 140.180541,   35.647297,        6.75,
 140.185045,   35.647297,        6.90,
 140.189550,   35.647297,        7.05,
 140.194054,   35.647297,        7.10,
 140.198559,   35.647297,        7.10,
 140.203063,   35.647297,        7.10,
 140.207568,   35.647297,        7.09,
 140.212072,   35.647297,        7.09,
 140.216577,   35.647297,        7.08,
 140.221081,   35.647297,        7.07,
 140.225586,   35.647297,        7.06,
 140.230090,   35.647297,        7.05,
 140.234595,   35.647297,        7.04,
 140.239099,   35.647297,        7.03,
 140.243604,   35.647297,        7.02,
 140.248108,   35.647297,        7.00,
 140.252613,   35.647297,        6.99,
 140.257117,   35.647297,        6.97,
 140.261622,   35.647297,        6.96,
 140.266126,   35.647297,        6.94,
 140.270631,   35.647297,        6.92,
 140.275135,   35.647297,        6.90,
 140.279640,   35.647297,        6.88,
 140.284144,   35.647297,        6.85,
 140.288649,   35.647297,        6.83,
 140.293153,   35.647297,        6.80,
 140.297658,   35.647297,        6.78,
 140.302162,   35.647297,        6.75,
 140.306667,   35.647297,        6.72,
 140.311171,   35.647297,        6.69,
 140.315676,   35.647297,        6.66,
 140.320180,   35.647297,        6.63,
 140.324685,   35.647297,        6.60,
 140.329189,   35.647297,        6.57,
 140.333694,   35.647297,        6.53,
 140.338198,   35.647297,        6.50,
 140.342703,   35.647297,        6.46,
 140.347207,   35.647297,        6.42,
 140.351712,   35.647297,        6.38,
 140.356216,   35.647297,        6.35,
 140.360721,   35.647297,        6.30,
 140.365225,   35.647297,        6.26,
 140.369730,   35.647297,        6.22,
 140.374234,   35.647297,        6.18,
 140.378739,   35.647297,        6.13,
 140.383243,   35.647297,        6.08,
 140.387748,   35.647297,        6.04,
 139.140000,   35.651802,       16.32,
 139.144505,   35.651802,       15.85,
 139.149009,   35.651802,       15.38,
 139.153514,   35.651802,       14.91,
 139.158018,   35.651802,       14.45,
 139.162523,   35.651802,       13.99,
 139.167027,   35.651802,       13.54,
 139.171532,   35.651802,       13.10,
 139.176036,   35.651802,       12.65,
 139.180541,   35.651802,       12.22,
 139.185045,   35.651802,       11.79,
 139.189550,   35.651802,       11.37,
 139.194054,   35.651802,       10.95,
 139.198559,   35.651802,       10.53,
 139.203063,   35.651802,       10.12,
 139.207568,   35.651802,        9.72,
 139.212072,   35.651802,        9.32,
 139.216577,   35.651802,        8.93,
 139.221081,   35.651802,        8.54,
 139.225586,   35.651802,        8.16,
 139.230090,   35.651802,        7.78,
 139.234595,   35.651802,        7.41,
 139.239099,   35.651802,        7.04,
 139.243604,   35.651802,        6.68,
 139.248108,   35.651802,        6.32,
 139.252613,   35.651802,        5.97,
 139.257117,   35.651802,        5.62,
 139.261622,   35.651802,        5.28,
 139.266126,   35.651802,        4.95,
 139.270631,   35.651802,        4.62,
 139.275135,   35.651802,        4.29,
 139.279640,   35.651802,        3.97,
 139.284144,   35.651802,        3.66,
 139.288649,   35.651802,        3.35,
 139.293153,   35.651802,        3.04,
 139.297658,   35.651802,        2.74,
 139.302162,   35.651802,        2.45,
 139.306667,   35.651802,        2.16,
 139.311171,   35.651802,        1.88,
 139.315676,   35.651802,        1.60,
 139.320180,   35.651802,        1.33,
 139.324685,   35.651802,        1.06,
 139.329189,   35.651802,        0.80,
 139.333694,   35.651802,        0.54,
 139.338198,   35.651802,        0.29,
 139.342703,   35.651802,        0.04,
 139.347207,   35.651802,       -0.20,
 139.351712,   35.651802,       -0.44,
 139.356216,   35.651802,       -0.67,
 139.360721,   35.651802,       -0.89,
 139.365225,   35.651802,       -1.11,
 139.369730,   35.651802,       -1.33,
 139.374234,   35.651802,       -1.54,
 139.378739,   35.651802,       -1.74,
 139.383243,   35.651802,       -1.94,
 139.387748,   35.651802,       -2.14,
 139.392252,   35.651802,       -2.33,
 139.396757,   35.651802,       -2.51,
 139.401261,   35.651802,       -2.69,
 139.405766,   35.651802,       -2.86,
 139.410270,   35.651802,       -3.03,
 139.414775,   35.651802,       -3.19,
 139.419279,   35.651802,       -3.35,
 139.423784,   35.651802,       -3.50,
 139.428288,   35.651802,       -3.65,
 139.432793,   35.651802,       -3.79,
 139.437297,   35.651802,       -3.93,
 139.441802,   35.651802,       -4.06,
 139.446306,   35.651802,       -4.19,
 139.450811,   35.651802,       -4.31,
 139.455315,   35.651802,       -4.42,
 139.459820,   35.651802,       -4.53,
 139.464324,   35.651802,       -4.64,
 139.468829,   35.651802,       -4.74,
 139.473333,   35.651802,       -4.83,
 139.477838,   35.651802,       -4.92,
 139.482342,   35.651802,       -5.01,
 139.486847,   35.651802,       -5.09,
 139.491351,   35.651802,       -5.16,
 139.495856,   35.651802,       -5.23,
 139.500360,   35.651802,       -5.29,
 139.504865,   35.651802,       -5.35,
 139.509369,   35.651802,       -5.40,
 139.513874,   35.651802,       -5.45,
 139.518378,   35.651802,       -5.49,
 139.522883,   35.651802,       -5.53,
 139.527387,   35.651802,       -5.56,
 139.531892,   35.651802,       -5.59,
 139.536396,   35.651802,       -5.61,
 139.540901,   35.651802,       -5.63,
 139.545405,   35.651802,       -5.64,
 139.549910,   35.651802,       -5.64,
 139.554414,   35.651802,       -5.64,
 139.558919,   35.651802,       -5.64,
 139.563423,   35.651802,       -5.63,
 139.567928,   35.651802,       -5.61,
 139.572432,   35.651802,       -5.59,
 139.576937,   35.651802,       -5.57,
 139.581441,   35.651802,       -5.54,
 139.585946,   35.651802,       -5.50,
 139.590450,   35.651802,       -5.46,
 139.594955,   35.651802,       -5.41,
 139.599459,   35.651802,       -5.36,
 139.603964,   35.651802,       -5.30,
 139.608468,   35.651802,       -5.24,
 139.612973,   35.651802,       -5.17,
 139.617477,   35.651802,       -5.10,
 139.621982,   35.651802,       -5.02,
 139.626486,   35.651802,       -4.94,
 139.630991,   35.651802,       -4.85,
 139.635495,   35.651802,       -4.76,
 139.640000,   35.651802,       -4.66,
 139.644505,   35.651802,       -4.55,
 139.649009,   35.651802,       -4.44,
 139.653514,   35.651802,       -4.33,
 139.658018,   35.651802,       -4.21,
 139.662523,   35.651802,       -4.08,
 139.667027,   35.651802,       -3.95,
 139.671532,   35.651802,       -3.82,
 139.676036,   35.651802,       -3.68,
 139.680541,   35.651802,       -3.53,
 139.685045,   35.651802,       -3.38,
 139.689550,   35.651802,       -3.22,
 139.694054,   35.651802,       -3.06,
 139.698559,   35.651802,       -2.89,
 139.703063,   35.651802,       -2.72,
 139.707568,   35.651802,       -2.54,
 139.712072,   35.651802,       -2.36,
 139.716577,   35.651802,       -2.17,
 139.721081,   35.651802,       -1.98,
 139.725586,   35.651802,       -1.78,
 139.730090,   35.651802,       -1.58,
 139.734595,   35.651802,       -1.37,
 139.739099,   35.651802,       -1.15,
 139.743604,   35.651802,       -0.93,
 139.748108,   35.651802,       -0.71,
 139.752613,   35.651802,       -0.48,
 139.757117,   35.651802,       -0.24,
 139.761622,   35.651802,       -0.06,
 139.766126,   35.651802,       -0.23,
 139.770631,   35.651802,       -0.28,
 139.775135,   35.651802,        0.01,
 139.779640,   35.651802,        0.65,
 139.784144,   35.651802,        1.09,
 139.788649,   35.651802,        1.44,
 139.793153,   35.651802,        1.77,
 139.797658,   35.651802,        2.08,
 139.802162,   35.651802,        2.37,
 139.806667,   35.651802,        2.63,
 139.811171,   35.651802,        2.91,
 139.815676,   35.651802,        3.24,
 139.820180,   35.651802,        3.64,
 139.824685,   35.651802,        4.20,
 139.829189,   35.651802,        5.02,
 139.833694,   35.651802,        6.82,
 139.838198,   35.651802,        8.69,
 139.842703,   35.651802,        9.85,
 139.847207,   35.651802,        9.55,
 139.851712,   35.651802,        9.24,
 139.856216,   35.651802,        8.26,
 139.860721,   35.651802,        5.97,
 139.865225,   35.651802,        4.19,
 139.869730,   35.651802,        2.93,
 139.874234,   35.651802,        2.05,
 139.878739,   35.651802,        1.50,
 139.883243,   35.651802,        1.14,
 139.887748,   35.651802,        0.91,
 139.892252,   35.651802,        0.78,
 139.896757,   35.651802,        0.75,
 139.901261,   35.651802,        0.82,
 139.905766,   35.651802,        0.95,
 139.910270,   35.651802,        1.10,
 139.914775,   35.651802,        1.26,
 139.919279,   35.651802,        1.47,
 139.923784,   35.651802,        1.69,
 139.928288,   35.651802,        1.79,
 139.932793,   35.651802,        1.94,
 139.937297,   35.651802,        2.11,
 139.941802,   35.651802,        2.24,
 139.946306,   35.651802,        2.28,
 139.950811,   35.651802,        2.32,
 139.955315,   35.651802,        2.36,
 139.959820,   35.651802,        2.37,
 139.964324,   35.651802,        2.34,
 139.968829,   35.651802,        2.30,
 139.973333,   35.651802,        2.26,
 139.977838,   35.651802,        2.21,
 139.982342,   35.651802,        2.14,
 139.986847,   35.651802,        2.07,
 139.991351,   35.651802,        2.00,
 139.995856,   35.651802,        1.53,
 140.000360,   35.651802,        0.48,
 140.004865,   35.651802,        0.24,
 140.009369,   35.651802,         NaN,
 140.013874,   35.651802,         NaN,
 140.018378,   35.651802,         NaN,
 140.022883,   35.651802,         NaN,
 140.027387,   35.651802,         NaN,
 140.031892,   35.651802,         NaN,
 140.036396,   35.651802,         NaN,
 140.040901,   35.651802,         NaN,
 140.045405,   35.651802,         NaN,
 140.049910,   35.651802,         NaN,
 140.054414,   35.651802,         NaN,
 140.058919,   35.651802,         NaN,
 140.063423,   35.651802,         NaN,
 140.067928,   35.651802,         NaN,
 140.072432,   35.651802,         NaN,
 140.076937,   35.651802,         NaN,
 140.081441,   35.651802,         NaN,
 140.085946,   35.651802,         NaN,
 140.090450,   35.651802,         NaN,
 140.094955,   35.651802,         NaN,
 140.099459,   35.651802,         NaN,
 140.103964,   35.651802,         NaN,
 140.108468,   35.651802,         NaN,
 140.112973,   35.651802,         NaN,
 140.117477,   35.651802,         NaN,
 140.121982,   35.651802,         NaN,
 140.126486,   35.651802,        3.03,
 140.130991,   35.651802,        3.10,
 140.135495,   35.651802,        3.16,
 140.140000,   35.651802,        3.23,
 140.144505,   35.651802,        3.33,
 140.149009,   35.651802,        3.71,
 140.153514,   35.651802,        4.12,
 140.158018,   35.651802,        4.57,
 140.162523,   35.651802,        5.05,
 140.167027,   35.651802,        5.57,
 140.171532,   35.651802,        6.12,
 140.176036,   35.651802,        6.64,
 140.180541,   35.651802,        6.79,
 140.185045,   35.651802,        6.94,
 140.189550,   35.651802,        7.10,
 140.194054,   35.651802,        7.25,
 140.198559,   35.651802,        7.37,
 140.203063,   35.651802,        7.37,
 140.207568,   35.651802,        7.37,
 140.212072,   35.651802,        7.36,
 140.216577,   35.651802,        7.36,
 140.221081,   35.651802,        7.35,
 140.225586,   35.651802,        7.34,
 140.230090,   35.651802,        7.33,
 140.234595,   35.651802,        7.32,
 140.239099,   35.651802,        7.31,
 140.243604,   35.651802,        7.30,
 140.248108,   35.651802,        7.28,
 140.252613,   35.651802,        7.27,
 140.257117,   35.651802,        7.25,
 140.261622,   35.651802,        7.23,
 140.266126,   35.651802,        7.22,
 140.270631,   35.651802,        7.20,
 140.275135,   35.651802,        7.18,
 140.279640,   35.651802,        7.16,
 140.284144,   35.651802,        7.13,
 140.288649,   35.651802,        7.11,
 140.293153,   35.651802,        7.09,
 140.297658,   35.651802,        7.06,
 140.302162,   35.651802,        7.03,
 140.306667,   35.651802,        7.01,
 140.311171,   35.651802,        6.98,
 140.315676,   35.651802,        6.95,
 140.320180,   35.651802,        6.92,
 140.324685,   35.651802,        6.89,
 140.329189,   35.651802,        6.85,
 140.333694,   35.651802,        6.82,
 140.338198,   35.651802,        6.78,
 140.342703,   35.651802,        6.75,
 140.347207,   35.651802,        6.71,
 140.351712,   35.651802,        6.67,
 140.356216,   35.651802,        6.63,
 140.360721,   35.651802,        6.59,
 140.365225,   35.651802,        6.55,
 140.369730,   35.651802,        6.51,
 140.374234,   35.651802,        6.46,
 140.378739,   35.651802,        6.42,
 140.383243,   35.651802,        6.37,
 140.387748,   35.651802,        6.33,
 139.140000,   35.656306,       16.33,
 139.144505,   35.656306,       15.85,
 139.149009,   35.656306,       15.38,
 139.153514,   35.656306,       14.91,
 139.158018,   35.656306,       14.44,
 139.162523,   35.656306,       13.99,
 139.167027,   35.656306,       13.53,
 139.171532,   35.656306,       13.09,
 139.176036,   35.656306,       12.64,
 139.180541,   35.656306,       12.21,
 139.185045,   35.656306,       11.77,
 139.189550,   35.656306,       11.35,
 139.194054,   35.656306,       10.92,
 139.198559,   35.656306,       10.51,
 139.203063,   35.656306,       10.10,
 139.207568,   35.656306,        9.69,
 139.212072,   35.656306,        9.29,
 139.216577,   35.656306,        8.90,
 139.221081,   35.656306,        8.50,
 139.225586,   35.656306,        8.12,
 139.230090,   35.656306,        7.74,
 139.234595,   35.656306,        7.37,
 139.239099,   35.656306,        7.00,
 139.243604,   35.656306,        6.63,
 139.248108,   35.656306,        6.27,
 139.252613,   35.656306,        5.92,
 139.257117,   35.656306,        5.57,
 139.261622,   35.656306,        5.23,
 139.266126,   35.656306,        4.89,
 139.270631,   35.656306,        4.56,
 139.275135,   35.656306,        4.23,
 139.279640,   35.656306,        3.91,
 139.284144,   35.656306,        3.59,
 139.288649,   35.656306,        3.28,
 139.293153,   35.656306,        2.97,
 139.297658,   35.656306,        2.67,
 139.302162,   35.656306,        2.38,
 139.306667,   35.656306,        2.09,
 139.311171,   35.656306,        1.80,
 139.315676,   35.656306,        1.52,
 139.320180,   35.656306,        1.24,
 139.324685,   35.656306,        0.97,
 139.329189,   35.656306,        0.71,
 139.333694,   35.656306,        0.45,
 139.338198,   35.656306,        0.20,
 139.342703,   35.656306,       -0.05,
 139.347207,   35.656306,       -0.30,
 139.351712,   35.656306,       -0.53,
 139.356216,   35.656306,       -0.77,
 139.360721,   35.656306,       -1.00,
 139.365225,   35.656306,       -1.22,
 139.369730,   35.656306,       -1.44,
 139.374234,   35.656306,       -1.65,
 139.378739,   35.656306,       -1.85,
 139.383243,   35.656306,       -2.06,
 139.387748,   35.656306,       -2.25,
 139.392252,   35.656306,       -2.44,
 139.396757,   35.656306,       -2.63,
 139.401261,   35.656306,       -2.81,
 139.405766,   35.656306,       -2.99,
 139.410270,   35.656306,       -3.16,
 139.414775,   35.656306,       -3.32,
 139.419279,   35.656306,       -3.48,
 139.423784,   35.656306,       -3.64,
 139.428288,   35.656306,       -3.79,
 139.432793,   35.656306,       -3.93,
 139.437297,   35.656306,       -4.07,
 139.441802,   35.656306,       -4.20,
 139.446306,   35.656306,       -4.33,
 139.450811,   35.656306,       -4.45,
 139.455315,   35.656306,       -4.57,
 139.459820,   35.656306,       -4.68,
 139.464324,   35.656306,       -4.79,
 139.468829,   35.656306,       -4.89,
 139.473333,   35.656306,       -4.99,
 139.477838,   35.656306,       -5.08,
 139.482342,   35.656306,       -5.17,
 139.486847,   35.656306,       -5.25,
 139.491351,   35.656306,       -5.33,
 139.495856,   35.656306,       -5.40,
 139.500360,   35.656306,       -5.46,
 139.504865,   35.656306,       -5.52,
 139.509369,   35.656306,       -5.58,
 139.513874,   35.656306,       -5.63,
 139.518378,   35.656306,       -5.67,
 139.522883,   35.656306,       -5.71,
 139.527387,   35.656306,       -5.75,
 139.531892,   35.656306,       -5.77,
 139.536396,   35.656306,       -5.80,
 139.540901,   35.656306,       -5.82,
 139.545405,   35.656306,       -5.83,
 139.549910,   35.656306,       -5.84,
 139.554414,   35.656306,       -5.84,
 139.558919,   35.656306,       -5.84,
 139.563423,   35.656306,       -5.83,
 139.567928,   35.656306,       -5.82,
 139.572432,   35.656306,       -5.80,
 139.576937,   35.656306,       -5.77,
 139.581441,   35.656306,       -5.75,
 139.585946,   35.656306,       -5.71,
 139.590450,   35.656306,       -5.67,
 139.594955,   35.656306,       -5.63,
 139.599459,   35.656306,       -5.58,
 139.603964,   35.656306,       -5.52,
 139.608468,   35.656306,       -5.46,
 139.612973,   35.656306,       -5.40,
 139.617477,   35.656306,       -5.33,
 139.621982,   35.656306,       -5.25,
 139.626486,   35.656306,       -5.17,
 139.630991,   35.656306,       -5.08,
 139.635495,   35.656306,       -4.99,
 139.640000,   35.656306,       -4.90,
 139.644505,   35.656306,       -4.79,
 139.649009,   35.656306,       -4.69,
 139.653514,   35.656306,       -4.57,
 139.658018,   35.656306,       -4.46,
 139.662523,   35.656306,       -4.33,
 139.667027,   35.656306,       -4.20,
 139.671532,   35.656306,       -4.07,
 139.676036,   35.656306,       -3.93,
 139.680541,   35.656306,       -3.79,
 139.685045,   35.656306,       -3.64,
 139.689550,   35.656306,       -3.48,
 139.694054,   35.656306,       -3.33,
 139.698559,   35.656306,       -3.16,
 139.703063,   35.656306,       -2.99,
 139.707568,   35.656306,       -2.81,
 139.712072,   35.656306,       -2.63,
 139.716577,   35.656306,       -2.45,
 139.721081,   35.656306,       -2.26,
 139.725586,   35.656306,       -2.06,
 139.730090,   35.656306,       -1.86,
 139.734595,   35.656306,       -1.65,
 139.739099,   35.656306,       -1.44,
 139.743604,   35.656306,       -1.22,
 139.748108,   35.656306,       -1.00,
 139.752613,   35.656306,       -0.77,
 139.757117,   35.656306,       -0.54,
 139.761622,   35.656306,       -0.38,
 139.766126,   35.656306,       -0.23,
 139.770631,   35.656306,       -0.09,
 139.775135,   35.656306,       -0.38,
 139.779640,   35.656306,       -0.22,
 139.784144,   35.656306,        0.00,
 139.788649,   35.656306,        0.28,
 139.793153,   35.656306,        0.64,
 139.797658,   35.656306,        1.08,
 139.802162,   35.656306,        1.51,
 139.806667,   35.656306,        1.93,
 139.811171,   35.656306,        2.36,
 139.815676,   35.656306,        2.78,
 139.820180,   35.656306,        3.27,
 139.824685,   35.656306,        3.93,
 139.829189,   35.656306,        4.82,
 139.833694,   35.656306,        6.04,
 139.838198,   35.656306,        8.18,
 139.842703,   35.656306,       10.05,
 139.847207,   35.656306,       10.47,
 139.851712,   35.656306,       10.48,
 139.856216,   35.656306,        8.10,
 139.860721,   35.656306,        5.76,
 139.865225,   35.656306,        4.18,
 139.869730,   35.656306,        3.05,
 139.874234,   35.656306,        2.23,
 139.878739,   35.656306,        1.67,
 139.883243,   35.656306,        1.27,
 139.887748,   35.656306,        1.00,
 139.892252,   35.656306,        0.83,
 139.896757,   35.656306,        0.74,
 139.901261,   35.656306,        0.74,
 139.905766,   35.656306,        0.81,
 139.910270,   35.656306,        0.91,
 139.914775,   35.656306,        1.02,
 139.919279,   35.656306,        1.15,
 139.923784,   35.656306,        1.32,
 139.928288,   35.656306,        1.47,
 139.932793,   35.656306,        1.60,
 139.937297,   35.656306,        1.80,
 139.941802,   35.656306,        2.03,
 139.946306,   35.656306,        2.15,
 139.950811,   35.656306,        2.26,
 139.955315,   35.656306,        2.31,
 139.959820,   35.656306,        2.35,
 139.964324,   35.656306,        2.40,
 139.968829,   35.656306,        2.40,
 139.973333,   35.656306,        2.37,
 139.977838,   35.656306,        2.33,
 139.982342,   35.656306,        2.27,
 139.986847,   35.656306,        2.18,
 139.991351,   35.656306,        2.09,
 139.995856,   35.656306,        1.64,
 140.000360,   35.656306,        0.16,
 140.004865,   35.656306,       -0.37,
 140.009369,   35.656306,         NaN,
 140.013874,   35.656306,         NaN,
 140.018378,   35.656306,         NaN,
 140.022883,   35.656306,         NaN,
 140.027387,   35.656306,         NaN,
 140.031892,   35.656306,         NaN,
 140.036396,   35.656306,         NaN,
 140.040901,   35.656306,         NaN,
 140.045405,   35.656306,         NaN,
 140.049910,   35.656306,         NaN,
 140.054414,   35.656306,         NaN,
 140.058919,   35.656306,         NaN,
 140.063423,   35.656306,         NaN,
 140.067928,   35.656306,         NaN,
 140.072432,   35.656306,         NaN,
 140.076937,   35.656306,         NaN,
 140.081441,   35.656306,         NaN,
 140.085946,   35.656306,         NaN,
 140.090450,   35.656306,         NaN,
 140.094955,   35.656306,         NaN,
 140.099459,   35.656306,         NaN,
 140.103964,   35.656306,         NaN,
 140.108468,   35.656306,         NaN,
 140.112973,   35.656306,         NaN,
 140.117477,   35.656306,         NaN,
 140.121982,   35.656306,         NaN,
 140.126486,   35.656306,        2.92,
 140.130991,   35.656306,        2.99,
 140.135495,   35.656306,        3.06,
 140.140000,   35.656306,        3.12,
 140.144505,   35.656306,        3.19,
 140.149009,   35.656306,        3.27,
 140.153514,   35.656306,        3.68,
 140.158018,   35.656306,        4.12,
 140.162523,   35.656306,        4.60,
 140.167027,   35.656306,        5.12,
 140.171532,   35.656306,        5.67,
 140.176036,   35.656306,        6.25,
 140.180541,   35.656306,        6.84,
 140.185045,   35.656306,        6.99,
 140.189550,   35.656306,        7.14,
 140.194054,   35.656306,        7.30,
 140.198559,   35.656306,        7.45,
 140.203063,   35.656306,        7.60,
 140.207568,   35.656306,        7.64,
 140.212072,   35.656306,        7.64,
 140.216577,   35.656306,        7.63,
 140.221081,   35.656306,        7.63,
 140.225586,   35.656306,        7.62,
 140.230090,   35.656306,        7.61,
 140.234595,   35.656306,        7.60,
 140.239099,   35.656306,        7.59,
 140.243604,   35.656306,        7.57,
 140.248108,   35.656306,        7.56,
 140.252613,   35.656306,        7.55,
 140.257117,   35.656306,        7.53,
 140.261622,   35.656306,        7.52,
 140.266126,   35.656306,        7.50,
 140.270631,   35.656306,        7.48,
 140.275135,   35.656306,        7.46,
 140.279640,   35.656306,        7.44,
 140.284144,   35.656306,        7.42,
 140.288649,   35.656306,        7.39,
 140.293153,   35.656306,        7.37,
 140.297658,   35.656306,        7.34,
 140.302162,   35.656306,        7.32,
 140.306667,   35.656306,        7.29,
 140.311171,   35.656306,        7.26,
 140.315676,   35.656306,        7.23,
 140.320180,   35.656306,        7.20,
 140.324685,   35.656306,        7.17,
 140.329189,   35.656306,        7.14,
 140.333694,   35.656306,        7.11,
 140.338198,   35.656306,        7.07,
 140.342703,   35.656306,        7.04,
 140.347207,   35.656306,        7.00,
 140.351712,   35.656306,        6.96,
 140.356216,   35.656306,        6.92,
 140.360721,   35.656306,        6.88,
 140.365225,   35.656306,        6.84,
 140.369730,   35.656306,        6.80,
 140.374234,   35.656306,        6.76,
 140.378739,   35.656306,        6.71,
 140.383243,   35.656306,        6.67,
 140.387748,   35.656306,        6.62,
 139.140000,   35.660811,       16.33,
 139.144505,   35.660811,       15.85,
 139.149009,   35.660811,       15.37,
 139.153514,   35.660811,       14.90,
 139.158018,   35.660811,       14.44,
 139.162523,   35.660811,       13.98,
 139.167027,   35.660811,       13.52,
 139.171532,   35.660811,       13.07,
 139.176036,   35.660811,       12.63,
 139.180541,   35.660811,       12.19,
 139.185045,   35.660811,       11.75,
 139.189550,   35.660811,       11.32,
 139.194054,   35.660811,       10.90,
 139.198559,   35.660811,       10.48,
 139.203063,   35.660811,       10.07,
 139.207568,   35.660811,        9.66,
 139.212072,   35.660811,        9.26,
 139.216577,   35.660811,        8.86,
 139.221081,   35.660811,        8.47,
 139.225586,   35.660811,        8.08,
 139.230090,   35.660811,        7.70,
 139.234595,   35.660811,        7.32,
 139.239099,   35.660811,        6.95,
 139.243604,   35.660811,        6.58,
 139.248108,   35.660811,        6.22,
 139.252613,   35.660811,        5.87,
 139.257117,   35.660811,        5.51,
 139.261622,   35.660811,        5.17,
 139.266126,   35.660811,        4.83,
 139.270631,   35.660811,        4.49,
 139.275135,   35.660811,        4.16,
 139.279640,   35.660811,        3.84,
 139.284144,   35.660811,        3.52,
 139.288649,   35.660811,        3.21,
 139.293153,   35.660811,        2.90,
 139.297658,   35.660811,        2.60,
 139.302162,   35.660811,        2.30,
 139.306667,   35.660811,        2.00,
 139.311171,   35.660811,        1.72,
 139.315676,   35.660811,        1.43,
 139.320180,   35.660811,        1.16,
 139.324685,   35.660811,        0.88,
 139.329189,   35.660811,        0.62,
 139.333694,   35.660811,        0.36,
 139.338198,   35.660811,        0.10,
 139.342703,   35.660811,       -0.15,
 139.347207,   35.660811,       -0.40,
 139.351712,   35.660811,       -0.64,
 139.356216,   35.660811,       -0.87,
 139.360721,   35.660811,       -1.10,
 139.365225,   35.660811,       -1.33,
 139.369730,   35.660811,       -1.55,
 139.374234,   35.660811,       -1.76,
 139.378739,   35.660811,       -1.97,
 139.383243,   35.660811,       -2.17,
 139.387748,   35.660811,       -2.37,
 139.392252,   35.660811,       -2.57,
 139.396757,   35.660811,       -2.76,
 139.401261,   35.660811,       -2.94,
 139.405766,   35.660811,       -3.12,
 139.410270,   35.660811,       -3.29,
 139.414775,   35.660811,       -3.46,
 139.419279,   35.660811,       -3.62,
 139.423784,   35.660811,       -3.77,
 139.428288,   35.660811,       -3.93,
 139.432793,   35.660811,       -4.07,
 139.437297,   35.660811,       -4.21,
 139.441802,   35.660811,       -4.35,
 139.446306,   35.660811,       -4.48,
 139.450811,   35.660811,       -4.61,
 139.455315,   35.660811,       -4.73,
 139.459820,   35.660811,       -4.84,
 139.464324,   35.660811,       -4.95,
 139.468829,   35.660811,       -5.05,
 139.473333,   35.660811,       -5.15,
 139.477838,   35.660811,       -5.25,
 139.482342,   35.660811,       -5.34,
 139.486847,   35.660811,       -5.42,
 139.491351,   35.660811,       -5.50,
 139.495856,   35.660811,       -5.57,
 139.500360,   35.660811,       -5.64,
 139.504865,   35.660811,       -5.70,
 139.509369,   35.660811,       -5.76,
 139.513874,   35.660811,       -5.81,
 139.518378,   35.660811,       -5.86,
 139.522883,   35.660811,       -5.90,
 139.527387,   35.660811,       -5.93,
 139.531892,   35.660811,       -5.97,
 139.536396,   35.660811,       -5.99,
 139.540901,   35.660811,       -6.01,
 139.545405,   35.660811,       -6.03,
 139.549910,   35.660811,       -6.04,
 139.554414,   35.660811,       -6.04,
 139.558919,   35.660811,       -6.04,
 139.563423,   35.660811,       -6.04,
 139.567928,   35.660811,       -6.03,
 139.572432,   35.660811,       -6.01,
 139.576937,   35.660811,       -5.99,
 139.581441,   35.660811,       -5.96,
 139.585946,   35.660811,       -5.93,
 139.590450,   35.660811,       -5.89,
 139.594955,   35.660811,       -5.85,
 139.599459,   35.660811,       -5.80,
 139.603964,   35.660811,       -5.75,
 139.608468,   35.660811,       -5.69,
 139.612973,   35.660811,       -5.63,
 139.617477,   35.660811,       -5.56,
 139.621982,   35.660811,       -5.49,
 139.626486,   35.660811,       -5.41,
 139.630991,   35.660811,       -5.32,
 139.635495,   35.660811,       -5.24,
 139.640000,   35.660811,       -5.14,
 139.644505,   35.660811,       -5.04,
 139.649009,   35.660811,       -4.94,
 139.653514,   35.660811,       -4.83,
 139.658018,   35.660811,       -4.71,
 139.662523,   35.660811,       -4.59,
 139.667027,   35.660811,       -4.46,
 139.671532,   35.660811,       -4.33,
 139.676036,   35.660811,       -4.19,
 139.680541,   35.660811,       -4.05,
 139.685045,   35.660811,       -3.91,
 139.689550,   35.660811,       -3.75,
 139.694054,   35.660811,       -3.60,
 139.698559,   35.660811,       -3.43,
 139.703063,   35.660811,       -3.27,
 139.707568,   35.660811,       -3.09,
 139.712072,   35.660811,       -2.91,
 139.716577,   35.660811,       -2.73,
 139.721081,   35.660811,       -2.54,
 139.725586,   35.660811,       -2.35,
 139.730090,   35.660811,       -2.15,
 139.734595,   35.660811,       -1.94,
 139.739099,   35.660811,       -1.73,
 139.743604,   35.660811,       -1.52,
 139.748108,   35.660811,       -1.30,
 139.752613,   35.660811,       -1.07,
 139.757117,   35.660811,       -0.86,
 139.761622,   35.660811,       -0.69,
 139.766126,   35.660811,       -0.54,
 139.770631,   35.660811,       -0.39,
 139.775135,   35.660811,       -0.25,
 139.779640,   35.660811,       -0.12,
 139.784144,   35.660811,       -0.25,
 139.788649,   35.660811,       -0.49,
 139.793153,   35.660811,       -0.24,
 139.797658,   35.660811,        0.06,
 139.802162,   35.660811,        0.42,
 139.806667,   35.660811,        0.88,
 139.811171,   35.660811,        1.40,
 139.815676,   35.660811,        1.96,
 139.820180,   35.660811,        2.56,
 139.824685,   35.660811,        3.23,
 139.829189,   35.660811,        4.08,
 139.833694,   35.660811,        5.29,
 139.838198,   35.660811,        6.97,
 139.842703,   35.660811,        9.35,
 139.847207,   35.660811,       10.99,
 139.851712,   35.660811,       11.10,
 139.856216,   35.660811,        7.59,
 139.860721,   35.660811,        5.44,
 139.865225,   35.660811,        4.00,
 139.869730,   35.660811,        2.98,
 139.874234,   35.660811,        2.22,
 139.878739,   35.660811,        1.67,
 139.883243,   35.660811,        1.29,
 139.887748,   35.660811,        1.01,
 139.892252,   35.660811,        0.83,
 139.896757,   35.660811,        0.72,
 139.901261,   35.660811,        0.69,
 139.905766,   35.660811,        0.72,
 139.910270,   35.660811,        0.79,
 139.914775,   35.660811,        0.85,
 139.919279,   35.660811,        0.92,
 139.923784,   35.660811,        1.06,
 139.928288,   35.660811,        1.19,
 139.932793,   35.660811,        1.33,
 139.937297,   35.660811,        1.53,
 139.941802,   35.660811,        1.78,
 139.946306,   35.660811,        1.95,
 139.950811,   35.660811,        2.09,
 139.955315,   35.660811,        2.23,
 139.959820,   35.660811,        2.34,
 139.964324,   35.660811,        2.42,
 139.968829,   35.660811,        2.48,
 139.973333,   35.660811,        2.49,
 139.977838,   35.660811,        2.47,
 139.982342,   35.660811,        2.41,
 139.986847,   35.660811,        2.32,
 139.991351,   35.660811,        2.20,
 139.995856,   35.660811,        1.80,
 140.000360,   35.660811,        0.52,
 140.004865,   35.660811,       -0.33,
 140.009369,   35.660811,       -0.44,
 140.013874,   35.660811,         NaN,
 140.018378,   35.660811,         NaN,
 140.022883,   35.660811,         NaN,
 140.027387,   35.660811,         NaN,
 140.031892,   35.660811,         NaN,
 140.036396,   35.660811,         NaN,
 140.040901,   35.660811,         NaN,
 140.045405,   35.660811,         NaN,
 140.049910,   35.660811,         NaN,
 140.054414,   35.660811,         NaN,
 140.058919,   35.660811,         NaN,
 140.063423,   35.660811,         NaN,
 140.067928,   35.660811,         NaN,
 140.072432,   35.660811,         NaN,
 140.076937,   35.660811,         NaN,
 140.081441,   35.660811,         NaN,
 140.085946,   35.660811,         NaN,
 140.090450,   35.660811,         NaN,
 140.094955,   35.660811,         NaN,
 140.099459,   35.660811,         NaN,
 140.103964,   35.660811,         NaN,
 140.108468,   35.660811,         NaN,
 140.112973,   35.660811,         NaN,
 140.117477,   35.660811,         NaN,
 140.121982,   35.660811,         NaN,
 140.126486,   35.660811,         NaN,
 140.130991,   35.660811,        2.88,
 140.135495,   35.660811,        2.95,
 140.140000,   35.660811,        3.01,
 140.144505,   35.660811,        3.08,
 140.149009,   35.660811,        3.14,
 140.153514,   35.660811,        3.21,
 140.158018,   35.660811,        3.64,
 140.162523,   35.660811,        4.12,
 140.167027,   35.660811,        4.63,
 140.171532,   35.660811,        5.18,
 140.176036,   35.660811,        5.76,
 140.180541,   35.660811,        6.38,
 140.185045,   35.660811,        7.04,
 140.189550,   35.660811,        7.19,
 140.194054,   35.660811,        7.34,
 140.198559,   35.660811,        7.50,
 140.203063,   35.660811,        7.65,
 140.207568,   35.660811,        7.80,
 140.212072,   35.660811,        7.91,
 140.216577,   35.660811,        7.91,
 140.221081,   35.660811,        7.90,
 140.225586,   35.660811,        7.90,
 140.230090,   35.660811,        7.89,
 140.234595,   35.660811,        7.88,
 140.239099,   35.660811,        7.87,
 140.243604,   35.660811,        7.85,
 140.248108,   35.660811,        7.84,
 140.252613,   35.660811,        7.83,
 140.257117,   35.660811,        7.81,
 140.261622,   35.660811,        7.80,
 140.266126,   35.660811,        7.78,
 140.270631,   35.660811,        7.76,
 140.275135,   35.660811,        7.74,
 140.279640,   35.660811,        7.72,
 140.284144,   35.660811,        7.70,
 140.288649,   35.660811,        7.68,
 140.293153,   35.660811,        7.65,
 140.297658,   35.660811,        7.63,
 140.302162,   35.660811,        7.60,
 140.306667,   35.660811,        7.58,
 140.311171,   35.660811,        7.55,
 140.315676,   35.660811,        7.52,
 140.320180,   35.660811,        7.49,
 140.324685,   35.660811,        7.46,
 140.329189,   35.660811,        7.43,
 140.333694,   35.660811,        7.39,
 140.338198,   35.660811,        7.36,
 140.342703,   35.660811,        7.32,
 140.347207,   35.660811,        7.29,
 140.351712,   35.660811,        7.25,
 140.356216,   35.660811,        7.21,
 140.360721,   35.660811,        7.17,
 140.365225,   35.660811,        7.13,
 140.369730,   35.660811,        7.09,
 140.374234,   35.660811,        7.05,
 140.378739,   35.660811,        7.00,
 140.383243,   35.660811,        6.96,
 140.387748,   35.660811,        6.91,
 139.140000,   35.665315,       16.33,
 139.144505,   35.665315,       15.84,
 139.149009,   35.665315,       15.36,
 139.153514,   35.665315,       14.89,
 139.158018,   35.665315,       14.42,
 139.162523,   35.665315,       13.96,
 139.167027,   35.665315,       13.50,
 139.171532,   35.665315,       13.05,
 139.176036,   35.665315,       12.60,
 139.180541,   35.665315,       12.16,
 139.185045,   35.665315,       11.73,
 139.189550,   35.665315,       11.29,
 139.194054,   35.665315,       10.87,
 139.198559,   35.665315,       10.45,
 139.203063,   35.665315,       10.03,
 139.207568,   35.665315,        9.62,
 139.212072,   35.665315,        9.22,
 139.216577,   35.665315,        8.82,
 139.221081,   35.665315,        8.42,
 139.225586,   35.665315,        8.03,
 139.230090,   35.665315,        7.65,
 139.234595,   35.665315,        7.27,
 139.239099,   35.665315,        6.89,
 139.243604,   35.665315,        6.53,
 139.248108,   35.665315,        6.16,
 139.252613,   35.665315,        5.81,
 139.257117,   35.665315,        5.45,
 139.261622,   35.665315,        5.10,
 139.266126,   35.665315,        4.76,
 139.270631,   35.665315,        4.43,
 139.275135,   35.665315,        4.09,
 139.279640,   35.665315,        3.77,
 139.284144,   35.665315,        3.45,
 139.288649,   35.665315,        3.13,
 139.293153,   35.665315,        2.82,
 139.297658,   35.665315,        2.51,
 139.302162,   35.665315,        2.21,
 139.306667,   35.665315,        1.92,
 139.311171,   35.665315,        1.63,
 139.315676,   35.665315,        1.34,
 139.320180,   35.665315,        1.06,
 139.324685,   35.665315,        0.79,
 139.329189,   35.665315,        0.52,
 139.333694,   35.665315,        0.26,
 139.338198,   35.665315,       -0.00,
 139.342703,   35.665315,       -0.26,
 139.347207,   35.665315,       -0.50,
 139.351712,   35.665315,       -0.75,
 139.356216,   35.665315,       -0.98,
 139.360721,   35.665315,       -1.22,
 139.365225,   35.665315,       -1.44,
 139.369730,   35.665315,       -1.66,
 139.374234,   35.665315,       -1.88,
 139.378739,   35.665315,       -2.09,
 139.383243,   35.665315,       -2.30,
 139.387748,   35.665315,       -2.50,
 139.392252,   35.665315,       -2.70,
 139.396757,   35.665315,       -2.89,
 139.401261,   35.665315,       -3.07,
 139.405766,   35.665315,       -3.25,
 139.410270,   35.665315,       -3.43,
 139.414775,   35.665315,       -3.60,
 139.419279,   35.665315,       -3.76,
 139.423784,   35.665315,       -3.92,
 139.428288,   35.665315,       -4.07,
 139.432793,   35.665315,       -4.22,
 139.437297,   35.665315,       -4.36,
 139.441802,   35.665315,       -4.50,
 139.446306,   35.665315,       -4.63,
 139.450811,   35.665315,       -4.76,
 139.455315,   35.665315,       -4.88,
 139.459820,   35.665315,       -5.00,
 139.464324,   35.665315,       -5.11,
 139.468829,   35.665315,       -5.22,
 139.473333,   35.665315,       -5.32,
 139.477838,   35.665315,       -5.42,
 139.482342,   35.665315,       -5.51,
 139.486847,   35.665315,       -5.59,
 139.491351,   35.665315,       -5.67,
 139.495856,   35.665315,       -5.75,
 139.500360,   35.665315,       -5.82,
 139.504865,   35.665315,       -5.88,
 139.509369,   35.665315,       -5.94,
 139.513874,   35.665315,       -6.00,
 139.518378,   35.665315,       -6.05,
 139.522883,   35.665315,       -6.09,
 139.527387,   35.665315,       -6.13,
 139.531892,   35.665315,       -6.16,
 139.536396,   35.665315,       -6.19,
 139.540901,   35.665315,       -6.21,
 139.545405,   35.665315,       -6.23,
 139.549910,   35.665315,       -6.24,
 139.554414,   35.665315,       -6.25,
 139.558919,   35.665315,       -6.25,
 139.563423,   35.665315,       -6.25,
 139.567928,   35.665315,       -6.24,
 139.572432,   35.665315,       -6.23,
 139.576937,   35.665315,       -6.21,
 139.581441,   35.665315,       -6.18,
 139.585946,   35.665315,       -6.15,
 139.590450,   35.665315,       -6.12,
 139.594955,   35.665315,       -6.08,
 139.599459,   35.665315,       -6.03,
 139.603964,   35.665315,       -5.98,
 139.608468,   35.665315,       -5.93,
 139.612973,   35.665315,       -5.87,
 139.617477,   35.665315,       -5.80,
 139.621982,   35.665315,       -5.73,
 139.626486,   35.665315,       -5.65,
 139.630991,   35.665315,       -5.57,
 139.635495,   35.665315,       -5.48,
 139.640000,   35.665315,       -5.39,
 139.644505,   35.665315,       -5.29,
 139.649009,   35.665315,       -5.19,
 139.653514,   35.665315,       -5.08,
 139.658018,   35.665315,       -4.97,
 139.662523,   35.665315,       -4.85,
 139.667027,   35.665315,       -4.73,
 139.671532,   35.665315,       -4.60,
 139.676036,   35.665315,       -4.46,
 139.680541,   35.665315,       -4.32,
 139.685045,   35.665315,       -4.18,
 139.689550,   35.665315,       -4.03,
 139.694054,   35.665315,       -3.87,
 139.698559,   35.665315,       -3.71,
 139.703063,   35.665315,       -3.55,
 139.707568,   35.665315,       -3.38,
 139.712072,   35.665315,       -3.20,
 139.716577,   35.665315,       -3.02,
 139.721081,   35.665315,       -2.83,
 139.725586,   35.665315,       -2.64,
 139.730090,   35.665315,       -2.44,
 139.734595,   35.665315,       -2.24,
 139.739099,   35.665315,       -2.03,
 139.743604,   35.665315,       -1.82,
 139.748108,   35.665315,       -1.60,
 139.752613,   35.665315,       -1.36,
 139.757117,   35.665315,       -1.17,
 139.761622,   35.665315,       -0.99,
 139.766126,   35.665315,       -0.83,
 139.770631,   35.665315,       -0.67,
 139.775135,   35.665315,       -0.52,
 139.779640,   35.665315,       -0.38,
 139.784144,   35.665315,       -0.25,
 139.788649,   35.665315,       -0.13,
 139.793153,   35.665315,       -0.02,
 139.797658,   35.665315,       -0.80,
 139.802162,   35.665315,       -0.51,
 139.806667,   35.665315,       -0.17,
 139.811171,   35.665315,        0.25,
 139.815676,   35.665315,        0.79,
 139.820180,   35.665315,        1.45,
 139.824685,   35.665315,        2.18,
 139.829189,   35.665315,        3.03,
 139.833694,   35.665315,        4.10,
 139.838198,   35.665315,        5.76,
 139.842703,   35.665315,        8.29,
 139.847207,   35.665315,       13.64,
 139.851712,   35.665315,       10.31,
 139.856216,   35.665315,        6.81,
 139.860721,   35.665315,        4.91,
 139.865225,   35.665315,        3.63,
 139.869730,   35.665315,        2.72,
 139.874234,   35.665315,        2.05,
 139.878739,   35.665315,        1.55,
 139.883243,   35.665315,        1.20,
 139.887748,   35.665315,        0.95,
 139.892252,   35.665315,        0.78,
 139.896757,   35.665315,        0.68,
 139.901261,   35.665315,        0.64,
 139.905766,   35.665315,        0.66,
 139.910270,   35.665315,        0.71,
 139.914775,   35.665315,        0.77,
 139.919279,   35.665315,        0.81,
 139.923784,   35.665315,        0.85,
 139.928288,   35.665315,        0.97,
 139.932793,   35.665315,        1.11,
 139.937297,   35.665315,        1.28,
 139.941802,   35.665315,        1.54,
 139.946306,   35.665315,        1.74,
 139.950811,   35.665315,        1.93,
 139.955315,   35.665315,        2.14,
 139.959820,   35.665315,        2.34,
 139.964324,   35.665315,        2.51,
 139.968829,   35.665315,        2.62,
 139.973333,   35.665315,        2.64,
 139.977838,   35.665315,        2.64,
 139.982342,   35.665315,        2.56,
 139.986847,   35.665315,        2.49,
 139.991351,   35.665315,        2.08,
 139.995856,   35.665315,        1.35,
 140.000360,   35.665315,        0.75,
 140.004865,   35.665315,         NaN,
 140.009369,   35.665315,         NaN,
 140.013874,   35.665315,         NaN,
 140.018378,   35.665315,         NaN,
 140.022883,   35.665315,         NaN,
 140.027387,   35.665315,         NaN,
 140.031892,   35.665315,         NaN,
 140.036396,   35.665315,         NaN,
 140.040901,   35.665315,         NaN,
 140.045405,   35.665315,         NaN,
 140.049910,   35.665315,         NaN,
 140.054414,   35.665315,         NaN,
 140.058919,   35.665315,         NaN,
 140.063423,   35.665315,         NaN,
 140.067928,   35.665315,         NaN,
 140.072432,   35.665315,         NaN,
 140.076937,   35.665315,         NaN,
 140.081441,   35.665315,         NaN,
 140.085946,   35.665315,         NaN,
 140.090450,   35.665315,         NaN,
 140.094955,   35.665315,         NaN,
 140.099459,   35.665315,         NaN,
 140.103964,   35.665315,         NaN,
 140.108468,   35.665315,         NaN,
 140.112973,   35.665315,         NaN,
 140.117477,   35.665315,         NaN,
 140.121982,   35.665315,         NaN,
 140.126486,   35.665315,         NaN,
 140.130991,   35.665315,         NaN,
 140.135495,   35.665315,        2.84,
 140.140000,   35.665315,        2.90,
 140.144505,   35.665315,        2.97,
 140.149009,   35.665315,        3.03,
 140.153514,   35.665315,        3.10,
 140.158018,   35.665315,        3.17,
 140.162523,   35.665315,        3.60,
 140.167027,   35.665315,        4.11,
 140.171532,   35.665315,        4.65,
 140.176036,   35.665315,        5.23,
 140.180541,   35.665315,        5.85,
 140.185045,   35.665315,        6.50,
 140.189550,   35.665315,        7.19,
 140.194054,   35.665315,        7.39,
 140.198559,   35.665315,        7.54,
 140.203063,   35.665315,        7.69,
 140.207568,   35.665315,        7.85,
 140.212072,   35.665315,        8.00,
 140.216577,   35.665315,        8.15,
 140.221081,   35.665315,        8.18,
 140.225586,   35.665315,        8.17,
 140.230090,   35.665315,        8.17,
 140.234595,   35.665315,        8.16,
 140.239099,   35.665315,        8.15,
 140.243604,   35.665315,        8.14,
 140.248108,   35.665315,        8.12,
 140.252613,   35.665315,        8.11,
 140.257117,   35.665315,        8.09,
 140.261622,   35.665315,        8.08,
 140.266126,   35.665315,        8.06,
 140.270631,   35.665315,        8.04,
 140.275135,   35.665315,        8.03,
 140.279640,   35.665315,        8.01,
 140.284144,   35.665315,        7.98,
 140.288649,   35.665315,        7.96,
 140.293153,   35.665315,        7.94,
 140.297658,   35.665315,        7.92,
 140.302162,   35.665315,        7.89,
 140.306667,   35.665315,        7.86,
 140.311171,   35.665315,        7.84,
 140.315676,   35.665315,        7.81,
 140.320180,   35.665315,        7.78,
 140.324685,   35.665315,        7.75,
 140.329189,   35.665315,        7.72,
 140.333694,   35.665315,        7.68,
 140.338198,   35.665315,        7.65,
 140.342703,   35.665315,        7.61,
 140.347207,   35.665315,        7.58,
 140.351712,   35.665315,        7.54,
 140.356216,   35.665315,        7.50,
 140.360721,   35.665315,        7.46,
 140.365225,   35.665315,        7.42,
 140.369730,   35.665315,        7.38,
 140.374234,   35.665315,        7.34,
 140.378739,   35.665315,        7.30,
 140.383243,   35.665315,        7.25,
 140.387748,   35.665315,        7.21,
 139.140000,   35.669820,       16.32,
 139.144505,   35.669820,       15.83,
 139.149009,   35.669820,       15.35,
 139.153514,   35.669820,       14.87,
 139.158018,   35.669820,       14.40,
 139.162523,   35.669820,       13.94,
 139.167027,   35.669820,       13.48,
 139.171532,   35.669820,       13.03,
 139.176036,   35.669820,       12.58,
 139.180541,   35.669820,       12.13,
 139.185045,   35.669820,       11.69,
 139.189550,   35.669820,       11.26,
 139.194054,   35.669820,       10.83,
 139.198559,   35.669820,       10.41,
 139.203063,   35.669820,        9.99,
 139.207568,   35.669820,        9.58,
 139.212072,   35.669820,        9.17,
 139.216577,   35.669820,        8.77,
 139.221081,   35.669820,        8.37,
 139.225586,   35.669820,        7.98,
 139.230090,   35.669820,        7.59,
 139.234595,   35.669820,        7.21,
 139.239099,   35.669820,        6.84,
 139.243604,   35.669820,        6.47,
 139.248108,   35.669820,        6.10,
 139.252613,   35.669820,        5.74,
 139.257117,   35.669820,        5.38,
 139.261622,   35.669820,        5.04,
 139.266126,   35.669820,        4.69,
 139.270631,   35.669820,        4.35,
 139.275135,   35.669820,        4.02,
 139.279640,   35.669820,        3.69,
 139.284144,   35.669820,        3.36,
 139.288649,   35.669820,        3.05,
 139.293153,   35.669820,        2.73,
 139.297658,   35.669820,        2.43,
 139.302162,   35.669820,        2.12,
 139.306667,   35.669820,        1.83,
 139.311171,   35.669820,        1.53,
 139.315676,   35.669820,        1.25,
 139.320180,   35.669820,        0.97,
 139.324685,   35.669820,        0.69,
 139.329189,   35.669820,        0.42,
 139.333694,   35.669820,        0.15,
 139.338198,   35.669820,       -0.11,
 139.342703,   35.669820,       -0.36,
 139.347207,   35.669820,       -0.61,
 139.351712,   35.669820,       -0.86,
 139.356216,   35.669820,       -1.10,
 139.360721,   35.669820,       -1.33,
 139.365225,   35.669820,       -1.56,
 139.369730,   35.669820,       -1.79,
 139.374234,   35.669820,       -2.01,
 139.378739,   35.669820,       -2.22,
 139.383243,   35.669820,       -2.43,
 139.387748,   35.669820,       -2.63,
 139.392252,   35.669820,       -2.83,
 139.396757,   35.669820,       -3.02,
 139.401261,   35.669820,       -3.21,
 139.405766,   35.669820,       -3.39,
 139.410270,   35.669820,       -3.57,
 139.414775,   35.669820,       -3.74,
 139.419279,   35.669820,       -3.91,
 139.423784,   35.669820,       -4.07,
 139.428288,   35.669820,       -4.22,
 139.432793,   35.669820,       -4.37,
 139.437297,   35.669820,       -4.52,
 139.441802,   35.669820,       -4.66,
 139.446306,   35.669820,       -4.79,
 139.450811,   35.669820,       -4.92,
 139.455315,   35.669820,       -5.05,
 139.459820,   35.669820,       -5.17,
 139.464324,   35.669820,       -5.28,
 139.468829,   35.669820,       -5.39,
 139.473333,   35.669820,       -5.50,
 139.477838,   35.669820,       -5.59,
 139.482342,   35.669820,       -5.69,
 139.486847,   35.669820,       -5.77,
 139.491351,   35.669820,       -5.86,
 139.495856,   35.669820,       -5.93,
 139.500360,   35.669820,       -6.01,
 139.504865,   35.669820,       -6.07,
 139.509369,   35.669820,       -6.14,
 139.513874,   35.669820,       -6.19,
 139.518378,   35.669820,       -6.24,
 139.522883,   35.669820,       -6.29,
 139.527387,   35.669820,       -6.33,
 139.531892,   35.669820,       -6.37,
 139.536396,   35.669820,       -6.40,
 139.540901,   35.669820,       -6.42,
 139.545405,   35.669820,       -6.44,
 139.549910,   35.669820,       -6.45,
 139.554414,   35.669820,       -6.46,
 139.558919,   35.669820,       -6.47,
 139.563423,   35.669820,       -6.47,
 139.567928,   35.669820,       -6.46,
 139.572432,   35.669820,       -6.45,
 139.576937,   35.669820,       -6.43,
 139.581441,   35.669820,       -6.41,
 139.585946,   35.669820,       -6.38,
 139.590450,   35.669820,       -6.35,
 139.594955,   35.669820,       -6.31,
 139.599459,   35.669820,       -6.27,
 139.603964,   35.669820,       -6.22,
 139.608468,   35.669820,       -6.17,
 139.612973,   35.669820,       -6.11,
 139.617477,   35.669820,       -6.04,
 139.621982,   35.669820,       -5.98,
 139.626486,   35.669820,       -5.90,
 139.630991,   35.669820,       -5.82,
 139.635495,   35.669820,       -5.74,
 139.640000,   35.669820,       -5.65,
 139.644505,   35.669820,       -5.55,
 139.649009,   35.669820,       -5.45,
 139.653514,   35.669820,       -5.34,
 139.658018,   35.669820,       -5.23,
 139.662523,   35.669820,       -5.12,
 139.667027,   35.669820,       -4.99,
 139.671532,   35.669820,       -4.87,
 139.676036,   35.669820,       -4.74,
 139.680541,   35.669820,       -4.60,
 139.685045,   35.669820,       -4.46,
 139.689550,   35.669820,       -4.31,
 139.694054,   35.669820,       -4.15,
 139.698559,   35.669820,       -4.00,
 139.703063,   35.669820,       -3.83,
 139.707568,   35.669820,       -3.66,
 139.712072,   35.669820,       -3.49,
 139.716577,   35.669820,       -3.31,
 139.721081,   35.669820,       -3.13,
 139.725586,   35.669820,       -2.94,
 139.730090,   35.669820,       -2.74,
 139.734595,   35.669820,       -2.54,
 139.739099,   35.669820,       -2.34,
 139.743604,   35.669820,       -2.13,
 139.748108,   35.669820,       -1.89,
 139.752613,   35.669820,       -1.67,
 139.757117,   35.669820,       -1.47,
 139.761622,   35.669820,       -1.28,
 139.766126,   35.669820,       -1.11,
 139.770631,   35.669820,       -0.94,
 139.775135,   35.669820,       -0.78,
 139.779640,   35.669820,       -0.64,
 139.784144,   35.669820,       -0.50,
 139.788649,   35.669820,       -0.37,
 139.793153,   35.669820,       -0.25,
 139.797658,   35.669820,       -0.14,
 139.802162,   35.669820,       -0.04,
 139.806667,   35.669820,       -1.14,
 139.811171,   35.669820,       -0.80,
 139.815676,   35.669820,       -0.39,
 139.820180,   35.669820,        0.13,
 139.824685,   35.669820,        0.82,
 139.829189,   35.669820,        1.66,
 139.833694,   35.669820,        2.69,
 139.838198,   35.669820,        4.09,
 139.842703,   35.669820,        6.59,
 139.847207,   35.669820,       13.84,
 139.851712,   35.669820,        8.64,
 139.856216,   35.669820,        5.73,
 139.860721,   35.669820,        4.16,
 139.865225,   35.669820,        3.09,
 139.869730,   35.669820,        2.32,
 139.874234,   35.669820,        1.75,
 139.878739,   35.669820,        1.33,
 139.883243,   35.669820,        1.04,
 139.887748,   35.669820,        0.83,
 139.892252,   35.669820,        0.70,
 139.896757,   35.669820,        0.63,
 139.901261,   35.669820,        0.60,
 139.905766,   35.669820,        0.62,
 139.910270,   35.669820,        0.67,
 139.914775,   35.669820,        0.72,
 139.919279,   35.669820,        0.77,
 139.923784,   35.669820,        0.81,
 139.928288,   35.669820,        0.85,
 139.932793,   35.669820,        0.93,
 139.937297,   35.669820,        1.16,
 139.941802,   35.669820,        1.39,
 139.946306,   35.669820,        1.62,
 139.950811,   35.669820,        1.86,
 139.955315,   35.669820,        2.10,
 139.959820,   35.669820,        2.34,
 139.964324,   35.669820,        2.51,
 139.968829,   35.669820,        2.64,
 139.973333,   35.669820,        2.68,
 139.977838,   35.669820,        2.71,
 139.982342,   35.669820,        2.66,
 139.986847,   35.669820,        2.51,
 139.991351,   35.669820,        1.75,
 139.995856,   35.669820,         NaN,
 140.000360,   35.669820,         NaN,
 140.004865,   35.669820,         NaN,
 140.009369,   35.669820,         NaN,
 140.013874,   35.669820,         NaN,
 140.018378,   35.669820,         NaN,
 140.022883,   35.669820,         NaN,
 140.027387,   35.669820,         NaN,
 140.031892,   35.669820,         NaN,
 140.036396,   35.669820,         NaN,
 140.040901,   35.669820,         NaN,
 140.045405,   35.669820,         NaN,
 140.049910,   35.669820,         NaN,
 140.054414,   35.669820,         NaN,
 140.058919,   35.669820,         NaN,
 140.063423,   35.669820,         NaN,
 140.067928,   35.669820,         NaN,
 140.072432,   35.669820,         NaN,
 140.076937,   35.669820,         NaN,
 140.081441,   35.669820,         NaN,
 140.085946,   35.669820,         NaN,
 140.090450,   35.669820,         NaN,
 140.094955,   35.669820,         NaN,
 140.099459,   35.669820,         NaN,
 140.103964,   35.669820,         NaN,
 140.108468,   35.669820,         NaN,
 140.112973,   35.669820,         NaN,
 140.117477,   35.669820,         NaN,
 140.121982,   35.669820,         NaN,
 140.126486,   35.669820,         NaN,
 140.130991,   35.669820,         NaN,
 140.135495,   35.669820,        2.73,
 140.140000,   35.669820,        2.79,
 140.144505,   35.669820,        2.86,
 140.149009,   35.669820,        2.92,
 140.153514,   35.669820,        2.99,
 140.158018,   35.669820,        3.06,
 140.162523,   35.669820,        3.12,
 140.167027,   35.669820,        3.55,
 140.171532,   35.669820,        4.09,
 140.176036,   35.669820,        4.67,
 140.180541,   35.669820,        5.28,
 140.185045,   35.669820,        5.93,
 140.189550,   35.669820,        6.62,
 140.194054,   35.669820,        7.34,
 140.198559,   35.669820,        7.59,
 140.203063,   35.669820,        7.74,
 140.207568,   35.669820,        7.89,
 140.212072,   35.669820,        8.05,
 140.216577,   35.669820,        8.20,
 140.221081,   35.669820,        8.35,
 140.225586,   35.669820,        8.45,
 140.230090,   35.669820,        8.45,
 140.234595,   35.669820,        8.44,
 140.239099,   35.669820,        8.43,
 140.243604,   35.669820,        8.42,
 140.248108,   35.669820,        8.40,
 140.252613,   35.669820,        8.39,
 140.257117,   35.669820,        8.38,
 140.261622,   35.669820,        8.36,
 140.266126,   35.669820,        8.35,
 140.270631,   35.669820,        8.33,
 140.275135,   35.669820,        8.31,
 140.279640,   35.669820,        8.29,
 140.284144,   35.669820,        8.27,
 140.288649,   35.669820,        8.25,
 140.293153,   35.669820,        8.23,
 140.297658,   35.669820,        8.20,
 140.302162,   35.669820,        8.18,
 140.306667,   35.669820,        8.15,
 140.311171,   35.669820,        8.12,
 140.315676,   35.669820,        8.10,
 140.320180,   35.669820,        8.07,
 140.324685,   35.669820,        8.04,
 140.329189,   35.669820,        8.01,
 140.333694,   35.669820,        7.97,
 140.338198,   35.669820,        7.94,
 140.342703,   35.669820,        7.91,
 140.347207,   35.669820,        7.87,
 140.351712,   35.669820,        7.83,
 140.356216,   35.669820,        7.80,
 140.360721,   35.669820,        7.76,
 140.365225,   35.669820,        7.72,
 140.369730,   35.669820,        7.68,
 140.374234,   35.669820,        7.63,
 140.378739,   35.669820,        7.59,
 140.383243,   35.669820,        7.55,
 140.387748,   35.669820,        7.50,
 139.140000,   35.674324,       16.30,
 139.144505,   35.674324,       15.81,
 139.149009,   35.674324,       15.33,
 139.153514,   35.674324,       14.85,
 139.158018,   35.674324,       14.38,
 139.162523,   35.674324,       13.91,
 139.167027,   35.674324,       13.45,
 139.171532,   35.674324,       12.99,
 139.176036,   35.674324,       12.54,
 139.180541,   35.674324,       12.10,
 139.185045,   35.674324,       11.66,
 139.189550,   35.674324,       11.22,
 139.194054,   35.674324,       10.79,
 139.198559,   35.674324,       10.36,
 139.203063,   35.674324,        9.94,
 139.207568,   35.674324,        9.53,
 139.212072,   35.674324,        9.12,
 139.216577,   35.674324,        8.72,
 139.221081,   35.674324,        8.32,
 139.225586,   35.674324,        7.92,
 139.230090,   35.674324,        7.53,
 139.234595,   35.674324,        7.15,
 139.239099,   35.674324,        6.77,
 139.243604,   35.674324,        6.40,
 139.248108,   35.674324,        6.03,
 139.252613,   35.674324,        5.67,
 139.257117,   35.674324,        5.31,
 139.261622,   35.674324,        4.96,
 139.266126,   35.674324,        4.61,
 139.270631,   35.674324,        4.27,
 139.275135,   35.674324,        3.94,
 139.279640,   35.674324,        3.60,
 139.284144,   35.674324,        3.28,
 139.288649,   35.674324,        2.96,
 139.293153,   35.674324,        2.64,
 139.297658,   35.674324,        2.33,
 139.302162,   35.674324,        2.03,
 139.306667,   35.674324,        1.73,
 139.311171,   35.674324,        1.43,
 139.315676,   35.674324,        1.15,
 139.320180,   35.674324,        0.86,
 139.324685,   35.674324,        0.58,
 139.329189,   35.674324,        0.31,
 139.333694,   35.674324,        0.04,
 139.338198,   35.674324,       -0.22,
 139.342703,   35.674324,       -0.48,
 139.347207,   35.674324,       -0.73,
 139.351712,   35.674324,       -0.98,
 139.356216,   35.674324,       -1.22,
 139.360721,   35.674324,       -1.46,
 139.365225,   35.674324,       -1.69,
 139.369730,   35.674324,       -1.92,
 139.374234,   35.674324,       -2.14,
 139.378739,   35.674324,       -2.35,
 139.383243,   35.674324,       -2.56,
 139.387748,   35.674324,       -2.77,
 139.392252,   35.674324,       -2.97,
 139.396757,   35.674324,       -3.16,
 139.401261,   35.674324,       -3.35,
 139.405766,   35.674324,       -3.54,
 139.410270,   35.674324,       -3.72,
 139.414775,   35.674324,       -3.89,
 139.419279,   35.674324,       -4.06,
 139.423784,   35.674324,       -4.22,
 139.428288,   35.674324,       -4.38,
 139.432793,   35.674324,       -4.53,
 139.437297,   35.674324,       -4.68,
 139.441802,   35.674324,       -4.82,
 139.446306,   35.674324,       -4.96,
 139.450811,   35.674324,       -5.09,
 139.455315,   35.674324,       -5.22,
 139.459820,   35.674324,       -5.34,
 139.464324,   35.674324,       -5.46,
 139.468829,   35.674324,       -5.57,
 139.473333,   35.674324,       -5.67,
 139.477838,   35.674324,       -5.77,
 139.482342,   35.674324,       -5.87,
 139.486847,   35.674324,       -5.96,
 139.491351,   35.674324,       -6.04,
 139.495856,   35.674324,       -6.12,
 139.500360,   35.674324,       -6.20,
 139.504865,   35.674324,       -6.27,
 139.509369,   35.674324,       -6.33,
 139.513874,   35.674324,       -6.39,
 139.518378,   35.674324,       -6.44,
 139.522883,   35.674324,       -6.49,
 139.527387,   35.674324,       -6.53,
 139.531892,   35.674324,       -6.57,
 139.536396,   35.674324,       -6.60,
 139.540901,   35.674324,       -6.63,
 139.545405,   35.674324,       -6.65,
 139.549910,   35.674324,       -6.67,
 139.554414,   35.674324,       -6.68,
 139.558919,   35.674324,       -6.69,
 139.563423,   35.674324,       -6.69,
 139.567928,   35.674324,       -6.69,
 139.572432,   35.674324,       -6.68,
 139.576937,   35.674324,       -6.66,
 139.581441,   35.674324,       -6.64,
 139.585946,   35.674324,       -6.62,
 139.590450,   35.674324,       -6.59,
 139.594955,   35.674324,       -6.55,
 139.599459,   35.674324,       -6.51,
 139.603964,   35.674324,       -6.46,
 139.608468,   35.674324,       -6.41,
 139.612973,   35.674324,       -6.36,
 139.617477,   35.674324,       -6.29,
 139.621982,   35.674324,       -6.23,
 139.626486,   35.674324,       -6.15,
 139.630991,   35.674324,       -6.08,
 139.635495,   35.674324,       -5.99,
 139.640000,   35.674324,       -5.91,
 139.644505,   35.674324,       -5.81,
 139.649009,   35.674324,       -5.71,
 139.653514,   35.674324,       -5.61,
 139.658018,   35.674324,       -5.50,
 139.662523,   35.674324,       -5.39,
 139.667027,   35.674324,       -5.27,
 139.671532,   35.674324,       -5.14,
 139.676036,   35.674324,       -5.01,
 139.680541,   35.674324,       -4.88,
 139.685045,   35.674324,       -4.74,
 139.689550,   35.674324,       -4.59,
 139.694054,   35.674324,       -4.44,
 139.698559,   35.674324,       -4.29,
 139.703063,   35.674324,       -4.12,
 139.707568,   35.674324,       -3.96,
 139.712072,   35.674324,       -3.79,
 139.716577,   35.674324,       -3.61,
 139.721081,   35.674324,       -3.43,
 139.725586,   35.674324,       -3.24,
 139.730090,   35.674324,       -3.05,
 139.734595,   35.674324,       -2.85,
 139.739099,   35.674324,       -2.65,
 139.743604,   35.674324,       -2.43,
 139.748108,   35.674324,       -2.18,
 139.752613,   35.674324,       -1.96,
 139.757117,   35.674324,       -1.76,
 139.761622,   35.674324,       -1.57,
 139.766126,   35.674324,       -1.38,
 139.770631,   35.674324,       -1.21,
 139.775135,   35.674324,       -1.04,
 139.779640,   35.674324,       -0.88,
 139.784144,   35.674324,       -0.74,
 139.788649,   35.674324,       -0.60,
 139.793153,   35.674324,       -0.47,
 139.797658,   35.674324,       -0.36,
 139.802162,   35.674324,       -0.25,
 139.806667,   35.674324,       -0.15,
 139.811171,   35.674324,       -0.06,
 139.815676,   35.674324,       -1.50,
 139.820180,   35.674324,       -1.09,
 139.824685,   35.674324,       -0.59,
 139.829189,   35.674324,        0.08,
 139.833694,   35.674324,        1.00,
 139.838198,   35.674324,        2.21,
 139.842703,   35.674324,        4.29,
 139.847207,   35.674324,        7.60,
 139.851712,   35.674324,        6.22,
 139.856216,   35.674324,        4.42,
 139.860721,   35.674324,        3.26,
 139.865225,   35.674324,        2.42,
 139.869730,   35.674324,        1.81,
 139.874234,   35.674324,        1.36,
 139.878739,   35.674324,        1.05,
 139.883243,   35.674324,        0.83,
 139.887748,   35.674324,        0.69,
 139.892252,   35.674324,        0.60,
 139.896757,   35.674324,        0.58,
 139.901261,   35.674324,        0.59,
 139.905766,   35.674324,        0.65,
 139.910270,   35.674324,        0.73,
 139.914775,   35.674324,        0.82,
 139.919279,   35.674324,        0.91,
 139.923784,   35.674324,        1.00,
 139.928288,   35.674324,        1.11,
 139.932793,   35.674324,        1.22,
 139.937297,   35.674324,        1.35,
 139.941802,   35.674324,        1.50,
 139.946306,   35.674324,        1.65,
 139.950811,   35.674324,        1.81,
 139.955315,   35.674324,        1.99,
 139.959820,   35.674324,        2.16,
 139.964324,   35.674324,        2.31,
 139.968829,   35.674324,        2.46,
 139.973333,   35.674324,        2.61,
 139.977838,   35.674324,        2.67,
 139.982342,   35.674324,        2.69,
 139.986847,   35.674324,         NaN,
 139.991351,   35.674324,         NaN,
 139.995856,   35.674324,         NaN,
 140.000360,   35.674324,         NaN,
 140.004865,   35.674324,         NaN,
 140.009369,   35.674324,         NaN,
 140.013874,   35.674324,         NaN,
 140.018378,   35.674324,         NaN,
 140.022883,   35.674324,         NaN,
 140.027387,   35.674324,         NaN,
 140.031892,   35.674324,         NaN,
 140.036396,   35.674324,         NaN,
 140.040901,   35.674324,         NaN,
 140.045405,   35.674324,         NaN,
 140.049910,   35.674324,         NaN,
 140.054414,   35.674324,         NaN,
 140.058919,   35.674324,         NaN,
 140.063423,   35.674324,         NaN,
 140.067928,   35.674324,         NaN,
 140.072432,   35.674324,         NaN,
 140.076937,   35.674324,         NaN,
 140.081441,   35.674324,         NaN,
 140.085946,   35.674324,         NaN,
 140.090450,   35.674324,         NaN,
 140.094955,   35.674324,         NaN,
 140.099459,   35.674324,         NaN,
 140.103964,   35.674324,         NaN,
 140.108468,   35.674324,         NaN,
 140.112973,   35.674324,         NaN,
 140.117477,   35.674324,         NaN,
 140.121982,   35.674324,         NaN,
 140.126486,   35.674324,         NaN,
 140.130991,   35.674324,         NaN,
 140.135495,   35.674324,         NaN,
 140.140000,   35.674324,        2.68,
 140.144505,   35.674324,        2.75,
 140.149009,   35.674324,        2.82,
 140.153514,   35.674324,        2.88,
 140.158018,   35.674324,        2.95,
 140.162523,   35.674324,        3.01,
 140.167027,   35.674324,        3.08,
 140.171532,   35.674324,        3.49,
 140.176036,   35.674324,        4.07,
 140.180541,   35.674324,        4.68,
 140.185045,   35.674324,        5.33,
 140.189550,   35.674324,        6.01,
 140.194054,   35.674324,        6.73,
 140.198559,   35.674324,        7.48,
 140.203063,   35.674324,        7.79,
 140.207568,   35.674324,        7.94,
 140.212072,   35.674324,        8.09,
 140.216577,   35.674324,        8.25,
 140.221081,   35.674324,        8.40,
 140.225586,   35.674324,        8.55,
 140.230090,   35.674324,        8.70,
 140.234595,   35.674324,        8.72,
 140.239099,   35.674324,        8.71,
 140.243604,   35.674324,        8.70,
 140.248108,   35.674324,        8.69,
 140.252613,   35.674324,        8.68,
 140.257117,   35.674324,        8.66,
 140.261622,   35.674324,        8.65,
 140.266126,   35.674324,        8.63,
 140.270631,   35.674324,        8.61,
 140.275135,   35.674324,        8.60,
 140.279640,   35.674324,        8.58,
 140.284144,   35.674324,        8.56,
 140.288649,   35.674324,        8.54,
 140.293153,   35.674324,        8.51,
 140.297658,   35.674324,        8.49,
 140.302162,   35.674324,        8.47,
 140.306667,   35.674324,        8.44,
 140.311171,   35.674324,        8.41,
 140.315676,   35.674324,        8.39,
 140.320180,   35.674324,        8.36,
 140.324685,   35.674324,        8.33,
 140.329189,   35.674324,        8.30,
 140.333694,   35.674324,        8.26,
 140.338198,   35.674324,        8.23,
 140.342703,   35.674324,        8.20,
 140.347207,   35.674324,        8.16,
 140.351712,   35.674324,        8.13,
 140.356216,   35.674324,        8.09,
 140.360721,   35.674324,        8.05,
 140.365225,   35.674324,        8.01,
 140.369730,   35.674324,        7.97,
 140.374234,   35.674324,        7.93,
 140.378739,   35.674324,        7.89,
 140.383243,   35.674324,        7.84,
 140.387748,   35.674324,        7.80,
 139.140000,   35.678829,       16.28,
 139.144505,   35.678829,       15.79,
 139.149009,   35.678829,       15.31,
 139.153514,   35.678829,       14.83,
 139.158018,   35.678829,       14.35,
 139.162523,   35.678829,       13.88,
 139.167027,   35.678829,       13.42,
 139.171532,   35.678829,       12.96,
 139.176036,   35.678829,       12.50,
 139.180541,   35.678829,       12.06,
 139.185045,   35.678829,       11.61,
 139.189550,   35.678829,       11.18,
 139.194054,   35.678829,       10.74,
 139.198559,   35.678829,       10.32,
 139.203063,   35.678829,        9.89,
 139.207568,   35.678829,        9.48,
 139.212072,   35.678829,        9.06,
 139.216577,   35.678829,        8.66,
 139.221081,   35.678829,        8.26,
 139.225586,   35.678829,        7.86,
 139.230090,   35.678829,        7.47,
 139.234595,   35.678829,        7.08,
 139.239099,   35.678829,        6.70,
 139.243604,   35.678829,        6.33,
 139.248108,   35.678829,        5.96,
 139.252613,   35.678829,        5.59,
 139.257117,   35.678829,        5.23,
 139.261622,   35.678829,        4.88,
 139.266126,   35.678829,        4.53,
 139.270631,   35.678829,        4.19,
 139.275135,   35.678829,        3.85,
 139.279640,   35.678829,        3.52,
 139.284144,   35.678829,        3.19,
 139.288649,   35.678829,        2.87,
 139.293153,   35.678829,        2.55,
 139.297658,   35.678829,        2.24,
 139.302162,   35.678829,        1.93,
 139.306667,   35.678829,        1.63,
 139.311171,   35.678829,        1.33,
 139.315676,   35.678829,        1.04,
 139.320180,   35.678829,        0.75,
 139.324685,   35.678829,        0.47,
 139.329189,   35.678829,        0.20,
 139.333694,   35.678829,       -0.07,
 139.338198,   35.678829,       -0.34,
 139.342703,   35.678829,       -0.60,
 139.347207,   35.678829,       -0.85,
 139.351712,   35.678829,       -1.10,
 139.356216,   35.678829,       -1.35,
 139.360721,   35.678829,       -1.59,
 139.365225,   35.678829,       -1.82,
 139.369730,   35.678829,       -2.05,
 139.374234,   35.678829,       -2.27,
 139.378739,   35.678829,       -2.49,
 139.383243,   35.678829,       -2.70,
 139.387748,   35.678829,       -2.91,
 139.392252,   35.678829,       -3.11,
 139.396757,   35.678829,       -3.31,
 139.401261,   35.678829,       -3.50,
 139.405766,   35.678829,       -3.69,
 139.410270,   35.678829,       -3.87,
 139.414775,   35.678829,       -4.05,
 139.419279,   35.678829,       -4.22,
 139.423784,   35.678829,       -4.38,
 139.428288,   35.678829,       -4.54,
 139.432793,   35.678829,       -4.70,
 139.437297,   35.678829,       -4.85,
 139.441802,   35.678829,       -4.99,
 139.446306,   35.678829,       -5.13,
 139.450811,   35.678829,       -5.27,
 139.455315,   35.678829,       -5.39,
 139.459820,   35.678829,       -5.52,
 139.464324,   35.678829,       -5.64,
 139.468829,   35.678829,       -5.75,
 139.473333,   35.678829,       -5.86,
 139.477838,   35.678829,       -5.96,
 139.482342,   35.678829,       -6.06,
 139.486847,   35.678829,       -6.15,
 139.491351,   35.678829,       -6.24,
 139.495856,   35.678829,       -6.32,
 139.500360,   35.678829,       -6.40,
 139.504865,   35.678829,       -6.47,
 139.509369,   35.678829,       -6.53,
 139.513874,   35.678829,       -6.59,
 139.518378,   35.678829,       -6.65,
 139.522883,   35.678829,       -6.70,
 139.527387,   35.678829,       -6.75,
 139.531892,   35.678829,       -6.79,
 139.536396,   35.678829,       -6.82,
 139.540901,   35.678829,       -6.85,
 139.545405,   35.678829,       -6.87,
 139.549910,   35.678829,       -6.89,
 139.554414,   35.678829,       -6.91,
 139.558919,   35.678829,       -6.91,
 139.563423,   35.678829,       -6.92,
 139.567928,   35.678829,       -6.92,
 139.572432,   35.678829,       -6.91,
 139.576937,   35.678829,       -6.90,
 139.581441,   35.678829,       -6.88,
 139.585946,   35.678829,       -6.86,
 139.590450,   35.678829,       -6.83,
 139.594955,   35.678829,       -6.79,
 139.599459,   35.678829,       -6.76,
 139.603964,   35.678829,       -6.71,
 139.608468,   35.678829,       -6.66,
 139.612973,   35.678829,       -6.61,
 139.617477,   35.678829,       -6.55,
 139.621982,   35.678829,       -6.48,
 139.626486,   35.678829,       -6.41,
 139.630991,   35.678829,       -6.34,
 139.635495,   35.678829,       -6.26,
 139.640000,   35.678829,       -6.17,
 139.644505,   35.678829,       -6.08,
 139.649009,   35.678829,       -5.98,
 139.653514,   35.678829,       -5.88,
 139.658018,   35.678829,       -5.78,
 139.662523,   35.678829,       -5.66,
 139.667027,   35.678829,       -5.55,
 139.671532,   35.678829,       -5.42,
 139.676036,   35.678829,       -5.30,
 139.680541,   35.678829,       -5.16,
 139.685045,   35.678829,       -5.03,
 139.689550,   35.678829,       -4.88,
 139.694054,   35.678829,       -4.73,
 139.698559,   35.678829,       -4.58,
 139.703063,   35.678829,       -4.42,
 139.707568,   35.678829,       -4.26,
 139.712072,   35.678829,       -4.09,
 139.716577,   35.678829,       -3.91,
 139.721081,   35.678829,       -3.73,
 139.725586,   35.678829,       -3.55,
 139.730090,   35.678829,       -3.36,
 139.734595,   35.678829,       -3.16,
 139.739099,   35.678829,       -2.96,
 139.743604,   35.678829,       -2.72,
 139.748108,   35.678829,       -2.48,
 139.752613,   35.678829,       -2.25,
 139.757117,   35.678829,       -2.04,
 139.761622,   35.678829,       -1.84,
 139.766126,   35.678829,       -1.64,
 139.770631,   35.678829,       -1.46,
 139.775135,   35.678829,       -1.28,
 139.779640,   35.678829,       -1.12,
 139.784144,   35.678829,       -0.96,
 139.788649,   35.678829,       -0.82,
 139.793153,   35.678829,       -0.68,
 139.797658,   35.678829,       -0.56,
 139.802162,   35.678829,       -0.44,
 139.806667,   35.678829,       -0.33,
 139.811171,   35.678829,       -0.24,
 139.815676,   35.678829,       -0.15,
 139.820180,   35.678829,       -0.07,
 139.824685,   35.678829,       -0.00,
 139.829189,   35.678829,       -1.40,
 139.833694,   35.678829,       -0.76,
 139.838198,   35.678829,        0.19,
 139.842703,   35.678829,        1.55,
 139.847207,   35.678829,        2.01,
 139.851712,   35.678829,        3.30,
 139.856216,   35.678829,        2.97,
 139.860721,   35.678829,        2.27,
 139.865225,   35.678829,        1.68,
 139.869730,   35.678829,        1.25,
 139.874234,   35.678829,        0.94,
 139.878739,   35.678829,        0.73,
 139.883243,   35.678829,        0.61,
 139.887748,   35.678829,        0.56,
 139.892252,   35.678829,        0.57,
 139.896757,   35.678829,        0.61,
 139.901261,   35.678829,        0.67,
 139.905766,   35.678829,        0.77,
 139.910270,   35.678829,        0.88,
 139.914775,   35.678829,        1.00,
 139.919279,   35.678829,        1.12,
 139.923784,   35.678829,        1.25,
 139.928288,   35.678829,        1.37,
 139.932793,   35.678829,        1.50,
 139.937297,   35.678829,        1.63,
 139.941802,   35.678829,        1.76,
 139.946306,   35.678829,        1.90,
 139.950811,   35.678829,        2.02,
 139.955315,   35.678829,        2.14,
 139.959820,   35.678829,        2.24,
 139.964324,   35.678829,        2.34,
 139.968829,   35.678829,        2.44,
 139.973333,   35.678829,        2.54,
 139.977838,   35.678829,        2.64,
 139.982342,   35.678829,        2.74,
 139.986847,   35.678829,         NaN,
 139.991351,   35.678829,         NaN,
 139.995856,   35.678829,         NaN,
 140.000360,   35.678829,         NaN,
 140.004865,   35.678829,         NaN,
 140.009369,   35.678829,         NaN,
 140.013874,   35.678829,         NaN,
 140.018378,   35.678829,         NaN,
 140.022883,   35.678829,         NaN,
 140.027387,   35.678829,         NaN,
 140.031892,   35.678829,         NaN,
 140.036396,   35.678829,         NaN,
 140.040901,   35.678829,         NaN,
 140.045405,   35.678829,         NaN,
 140.049910,   35.678829,         NaN,
 140.054414,   35.678829,         NaN,
 140.058919,   35.678829,         NaN,
 140.063423,   35.678829,         NaN,
 140.067928,   35.678829,         NaN,
 140.072432,   35.678829,         NaN,
 140.076937,   35.678829,         NaN,
 140.081441,   35.678829,         NaN,
 140.085946,   35.678829,         NaN,
 140.090450,   35.678829,         NaN,
 140.094955,   35.678829,         NaN,
 140.099459,   35.678829,         NaN,
 140.103964,   35.678829,         NaN,
 140.108468,   35.678829,         NaN,
 140.112973,   35.678829,         NaN,
 140.117477,   35.678829,         NaN,
 140.121982,   35.678829,         NaN,
 140.126486,   35.678829,         NaN,
 140.130991,   35.678829,         NaN,
 140.135495,   35.678829,         NaN,
 140.140000,   35.678829,        2.57,
 140.144505,   35.678829,        2.64,
 140.149009,   35.678829,        2.71,
 140.153514,   35.678829,        2.77,
 140.158018,   35.678829,        2.84,
 140.162523,   35.678829,        2.90,
 140.167027,   35.678829,        2.97,
 140.171532,   35.678829,        3.04,
 140.176036,   35.678829,        3.43,
 140.180541,   35.678829,        4.04,
 140.185045,   35.678829,        4.69,
 140.189550,   35.678829,        5.37,
 140.194054,   35.678829,        6.08,
 140.198559,   35.678829,        6.84,
 140.203063,   35.678829,        7.62,
 140.207568,   35.678829,        7.99,
 140.212072,   35.678829,        8.14,
 140.216577,   35.678829,        8.29,
 140.221081,   35.678829,        8.45,
 140.225586,   35.678829,        8.60,
 140.230090,   35.678829,        8.75,
 140.234595,   35.678829,        8.90,
 140.239099,   35.678829,        8.99,
 140.243604,   35.678829,        8.98,
 140.248108,   35.678829,        8.97,
 140.252613,   35.678829,        8.96,
 140.257117,   35.678829,        8.95,
 140.261622,   35.678829,        8.93,
 140.266126,   35.678829,        8.92,
 140.270631,   35.678829,        8.90,
 140.275135,   35.678829,        8.88,
 140.279640,   35.678829,        8.86,
 140.284144,   35.678829,        8.84,
 140.288649,   35.678829,        8.82,
 140.293153,   35.678829,        8.80,
 140.297658,   35.678829,        8.78,
 140.302162,   35.678829,        8.76,
 140.306667,   35.678829,        8.73,
 140.311171,   35.678829,        8.70,
 140.315676,   35.678829,        8.68,
 140.320180,   35.678829,        8.65,
 140.324685,   35.678829,        8.62,
 140.329189,   35.678829,        8.59,
 140.333694,   35.678829,        8.56,
 140.338198,   35.678829,        8.52,
 140.342703,   35.678829,        8.49,
 140.347207,   35.678829,        8.46,
 140.351712,   35.678829,        8.42,
 140.356216,   35.678829,        8.38,
 140.360721,   35.678829,        8.35,
 140.365225,   35.678829,        8.31,
 140.369730,   35.678829,        8.27,
 140.374234,   35.678829,        8.23,
 140.378739,   35.678829,        8.18,
 140.383243,   35.678829,        8.14,
 140.387748,   35.678829,        8.10,
 139.140000,   35.683333,       16.26,
 139.144505,   35.683333,       15.76,
 139.149009,   35.683333,       15.28,
 139.153514,   35.683333,       14.79,
 139.158018,   35.683333,       14.32,
 139.162523,   35.683333,       13.84,
 139.167027,   35.683333,       13.38,
 139.171532,   35.683333,       12.92,
 139.176036,   35.683333,       12.46,
 139.180541,   35.683333,       12.01,
 139.185045,   35.683333,       11.57,
 139.189550,   35.683333,       11.13,
 139.194054,   35.683333,       10.69,
 139.198559,   35.683333,       10.26,
 139.203063,   35.683333,        9.84,
 139.207568,   35.683333,        9.42,
 139.212072,   35.683333,        9.00,
 139.216577,   35.683333,        8.59,
 139.221081,   35.683333,        8.19,
 139.225586,   35.683333,        7.79,
 139.230090,   35.683333,        7.40,
 139.234595,   35.683333,        7.01,
 139.239099,   35.683333,        6.63,
 139.243604,   35.683333,        6.25,
 139.248108,   35.683333,        5.88,
 139.252613,   35.683333,        5.51,
 139.257117,   35.683333,        5.15,
 139.261622,   35.683333,        4.79,
 139.266126,   35.683333,        4.44,
 139.270631,   35.683333,        4.10,
 139.275135,   35.683333,        3.76,
 139.279640,   35.683333,        3.42,
 139.284144,   35.683333,        3.09,
 139.288649,   35.683333,        2.77,
 139.293153,   35.683333,        2.45,
 139.297658,   35.683333,        2.13,
 139.302162,   35.683333,        1.82,
 139.306667,   35.683333,        1.52,
 139.311171,   35.683333,        1.22,
 139.315676,   35.683333,        0.93,
 139.320180,   35.683333,        0.64,
 139.324685,   35.683333,        0.36,
 139.329189,   35.683333,        0.08,
 139.333694,   35.683333,       -0.19,
 139.338198,   35.683333,       -0.46,
 139.342703,   35.683333,       -0.72,
 139.347207,   35.683333,       -0.98,
 139.351712,   35.683333,       -1.23,
 139.356216,   35.683333,       -1.48,
 139.360721,   35.683333,       -1.72,
 139.365225,   35.683333,       -1.96,
 139.369730,   35.683333,       -2.19,
 139.374234,   35.683333,       -2.41,
 139.378739,   35.683333,       -2.63,
 139.383243,   35.683333,       -2.85,
 139.387748,   35.683333,       -3.06,
 139.392252,   35.683333,       -3.26,
 139.396757,   35.683333,       -3.46,
 139.401261,   35.683333,       -3.65,
 139.405766,   35.683333,       -3.84,
 139.410270,   35.683333,       -4.03,
 139.414775,   35.683333,       -4.21,
 139.419279,   35.683333,       -4.38,
 139.423784,   35.683333,       -4.55,
 139.428288,   35.683333,       -4.71,
 139.432793,   35.683333,       -4.87,
 139.437297,   35.683333,       -5.02,
 139.441802,   35.683333,       -5.17,
 139.446306,   35.683333,       -5.31,
 139.450811,   35.683333,       -5.44,
 139.455315,   35.683333,       -5.57,
 139.459820,   35.683333,       -5.70,
 139.464324,   35.683333,       -5.82,
 139.468829,   35.683333,       -5.94,
 139.473333,   35.683333,       -6.05,
 139.477838,   35.683333,       -6.15,
 139.482342,   35.683333,       -6.25,
 139.486847,   35.683333,       -6.35,
 139.491351,   35.683333,       -6.44,
 139.495856,   35.683333,       -6.52,
 139.500360,   35.683333,       -6.60,
 139.504865,   35.683333,       -6.67,
 139.509369,   35.683333,       -6.74,
 139.513874,   35.683333,       -6.80,
 139.518378,   35.683333,       -6.86,
 139.522883,   35.683333,       -6.91,
 139.527387,   35.683333,       -6.96,
 139.531892,   35.683333,       -7.00,
 139.536396,   35.683333,       -7.04,
 139.540901,   35.683333,       -7.07,
 139.545405,   35.683333,       -7.10,
 139.549910,   35.683333,       -7.12,
 139.554414,   35.683333,       -7.14,
 139.558919,   35.683333,       -7.15,
 139.563423,   35.683333,       -7.15,
 139.567928,   35.683333,       -7.15,
 139.572432,   35.683333,       -7.15,
 139.576937,   35.683333,       -7.14,
 139.581441,   35.683333,       -7.12,
 139.585946,   35.683333,       -7.10,
 139.590450,   35.683333,       -7.07,
 139.594955,   35.683333,       -7.04,
 139.599459,   35.683333,       -7.01,
 139.603964,   35.683333,       -6.96,
 139.608468,   35.683333,       -6.92,
 139.612973,   35.683333,       -6.87,
 139.617477,   35.683333,       -6.81,
 139.621982,   35.683333,       -6.75,
 139.626486,   35.683333,       -6.68,
 139.630991,   35.683333,       -6.60,
 139.635495,   35.683333,       -6.53,
 139.640000,   35.683333,       -6.44,
 139.644505,   35.683333,       -6.35,
 139.649009,   35.683333,       -6.26,
 139.653514,   35.683333,       -6.16,
 139.658018,   35.683333,       -6.06,
 139.662523,   35.683333,       -5.95,
 139.667027,   35.683333,       -5.83,
 139.671532,   35.683333,       -5.71,
 139.676036,   35.683333,       -5.59,
 139.680541,   35.683333,       -5.46,
 139.685045,   35.683333,       -5.32,
 139.689550,   35.683333,       -5.18,
 139.694054,   35.683333,       -5.03,
 139.698559,   35.683333,       -4.88,
 139.703063,   35.683333,       -4.72,
 139.707568,   35.683333,       -4.56,
 139.712072,   35.683333,       -4.39,
 139.716577,   35.683333,       -4.22,
 139.721081,   35.683333,       -4.04,
 139.725586,   35.683333,       -3.86,
 139.730090,   35.683333,       -3.67,
 139.734595,   35.683333,       -3.48,
 139.739099,   35.683333,       -3.26,
 139.743604,   35.683333,       -3.01,
 139.748108,   35.683333,       -2.76,
 139.752613,   35.683333,       -2.53,
 139.757117,   35.683333,       -2.31,
 139.761622,   35.683333,       -2.10,
 139.766126,   35.683333,       -1.90,
 139.770631,   35.683333,       -1.70,
 139.775135,   35.683333,       -1.52,
 139.779640,   35.683333,       -1.35,
 139.784144,   35.683333,       -1.18,
 139.788649,   35.683333,       -1.03,
 139.793153,   35.683333,       -0.88,
 139.797658,   35.683333,       -0.75,
 139.802162,   35.683333,       -0.62,
 139.806667,   35.683333,       -0.51,
 139.811171,   35.683333,       -0.40,
 139.815676,   35.683333,       -0.30,
 139.820180,   35.683333,       -0.22,
 139.824685,   35.683333,       -0.14,
 139.829189,   35.683333,       -0.07,
 139.833694,   35.683333,       -0.01,
 139.838198,   35.683333,       -1.73,
 139.842703,   35.683333,       -0.86,
 139.847207,   35.683333,       -0.34,
 139.851712,   35.683333,        0.10,
 139.856216,   35.683333,        1.50,
 139.860721,   35.683333,        1.28,
 139.865225,   35.683333,        0.95,
 139.869730,   35.683333,        0.70,
 139.874234,   35.683333,        0.55,
 139.878739,   35.683333,        0.49,
 139.883243,   35.683333,        0.50,
 139.887748,   35.683333,        0.54,
 139.892252,   35.683333,        0.62,
 139.896757,   35.683333,        0.72,
 139.901261,   35.683333,        0.83,
 139.905766,   35.683333,        0.95,
 139.910270,   35.683333,        1.08,
 139.914775,   35.683333,        1.20,
 139.919279,   35.683333,        1.33,
 139.923784,   35.683333,        1.45,
 139.928288,   35.683333,        1.56,
 139.932793,   35.683333,        1.66,
 139.937297,   35.683333,        1.77,
 139.941802,   35.683333,        1.87,
 139.946306,   35.683333,        1.97,
 139.950811,   35.683333,        2.07,
 139.955315,   35.683333,        2.18,
 139.959820,   35.683333,        2.28,
 139.964324,   35.683333,        2.38,
 139.968829,   35.683333,        2.48,
 139.973333,   35.683333,        2.58,
 139.977838,   35.683333,        2.67,
 139.982342,   35.683333,        2.77,
 139.986847,   35.683333,         NaN,
 139.991351,   35.683333,         NaN,
 139.995856,   35.683333,         NaN,
 140.000360,   35.683333,         NaN,
 140.004865,   35.683333,         NaN,
 140.009369,   35.683333,         NaN,
 140.013874,   35.683333,         NaN,
 140.018378,   35.683333,         NaN,
 140.022883,   35.683333,         NaN,
 140.027387,   35.683333,         NaN,
 140.031892,   35.683333,         NaN,
 140.036396,   35.683333,         NaN,
 140.040901,   35.683333,         NaN,
 140.045405,   35.683333,         NaN,
 140.049910,   35.683333,         NaN,
 140.054414,   35.683333,         NaN,
 140.058919,   35.683333,         NaN,
 140.063423,   35.683333,         NaN,
 140.067928,   35.683333,         NaN,
 140.072432,   35.683333,         NaN,
 140.076937,   35.683333,         NaN,
 140.081441,   35.683333,         NaN,
 140.085946,   35.683333,         NaN,
 140.090450,   35.683333,         NaN,
 140.094955,   35.683333,         NaN,
 140.099459,   35.683333,         NaN,
 140.103964,   35.683333,         NaN,
 140.108468,   35.683333,         NaN,
 140.112973,   35.683333,         NaN,
 140.117477,   35.683333,         NaN,
 140.121982,   35.683333,         NaN,
 140.126486,   35.683333,         NaN,
 140.130991,   35.683333,         NaN,
 140.135495,   35.683333,         NaN,
 140.140000,   35.683333,         NaN,
 140.144505,   35.683333,        2.53,
 140.149009,   35.683333,        2.60,
 140.153514,   35.683333,        2.66,
 140.158018,   35.683333,        2.73,
 140.162523,   35.683333,        2.79,
 140.167027,   35.683333,        2.86,
 140.171532,   35.683333,        2.93,
 140.176036,   35.683333,        2.99,
 140.180541,   35.683333,        3.37,
 140.185045,   35.683333,        4.01,
 140.189550,   35.683333,        4.69,
 140.194054,   35.683333,        5.40,
 140.198559,   35.683333,        6.15,
 140.203063,   35.683333,        6.94,
 140.207568,   35.683333,        7.76,
 140.212072,   35.683333,        8.19,
 140.216577,   35.683333,        8.34,
 140.221081,   35.683333,        8.49,
 140.225586,   35.683333,        8.64,
 140.230090,   35.683333,        8.80,
 140.234595,   35.683333,        8.95,
 140.239099,   35.683333,        9.10,
 140.243604,   35.683333,        9.26,
 140.248108,   35.683333,        9.26,
 140.252613,   35.683333,        9.25,
 140.257117,   35.683333,        9.23,
 140.261622,   35.683333,        9.22,
 140.266126,   35.683333,        9.20,
 140.270631,   35.683333,        9.19,
 140.275135,   35.683333,        9.17,
 140.279640,   35.683333,        9.15,
 140.284144,   35.683333,        9.13,
 140.288649,   35.683333,        9.11,
 140.293153,   35.683333,        9.09,
 140.297658,   35.683333,        9.07,
 140.302162,   35.683333,        9.05,
 140.306667,   35.683333,        9.02,
 140.311171,   35.683333,        9.00,
 140.315676,   35.683333,        8.97,
 140.320180,   35.683333,        8.94,
 140.324685,   35.683333,        8.91,
 140.329189,   35.683333,        8.88,
 140.333694,   35.683333,        8.85,
 140.338198,   35.683333,        8.82,
 140.342703,   35.683333,        8.79,
 140.347207,   35.683333,        8.75,
 140.351712,   35.683333,        8.72,
 140.356216,   35.683333,        8.68,
 140.360721,   35.683333,        8.64,
 140.365225,   35.683333,        8.60,
 140.369730,   35.683333,        8.56,
 140.374234,   35.683333,        8.52,
 140.378739,   35.683333,        8.48,
 140.383243,   35.683333,        8.44,
 140.387748,   35.683333,        8.39,
 139.140000,   35.687838,       16.22,
 139.144505,   35.687838,       15.73,
 139.149009,   35.687838,       15.24,
 139.153514,   35.687838,       14.76,
 139.158018,   35.687838,       14.28,
 139.162523,   35.687838,       13.80,
 139.167027,   35.687838,       13.33,
 139.171532,   35.687838,       12.87,
 139.176036,   35.687838,       12.41,
 139.180541,   35.687838,       11.96,
 139.185045,   35.687838,       11.51,
 139.189550,   35.687838,       11.07,
 139.194054,   35.687838,       10.63,
 139.198559,   35.687838,       10.20,
 139.203063,   35.687838,        9.77,
 139.207568,   35.687838,        9.35,
 139.212072,   35.687838,        8.94,
 139.216577,   35.687838,        8.53,
 139.221081,   35.687838,        8.12,
 139.225586,   35.687838,        7.72,
 139.230090,   35.687838,        7.32,
 139.234595,   35.687838,        6.93,
 139.239099,   35.687838,        6.55,
 139.243604,   35.687838,        6.17,
 139.248108,   35.687838,        5.80,
 139.252613,   35.687838,        5.43,
 139.257117,   35.687838,        5.06,
 139.261622,   35.687838,        4.70,
 139.266126,   35.687838,        4.35,
 139.270631,   35.687838,        4.00,
 139.275135,   35.687838,        3.66,
 139.279640,   35.687838,        3.32,
 139.284144,   35.687838,        2.99,
 139.288649,   35.687838,        2.66,
 139.293153,   35.687838,        2.34,
 139.297658,   35.687838,        2.02,
 139.302162,   35.687838,        1.71,
 139.306667,   35.687838,        1.41,
 139.311171,   35.687838,        1.11,
 139.315676,   35.687838,        0.81,
 139.320180,   35.687838,        0.52,
 139.324685,   35.687838,        0.23,
 139.329189,   35.687838,       -0.05,
 139.333694,   35.687838,       -0.32,
 139.338198,   35.687838,       -0.59,
 139.342703,   35.687838,       -0.85,
 139.347207,   35.687838,       -1.11,
 139.351712,   35.687838,       -1.37,
 139.356216,   35.687838,       -1.62,
 139.360721,   35.687838,       -1.86,
 139.365225,   35.687838,       -2.10,
 139.369730,   35.687838,       -2.33,
 139.374234,   35.687838,       -2.56,
 139.378739,   35.687838,       -2.78,
 139.383243,   35.687838,       -3.00,
 139.387748,   35.687838,       -3.21,
 139.392252,   35.687838,       -3.42,
 139.396757,   35.687838,       -3.62,
 139.401261,   35.687838,       -3.81,
 139.405766,   35.687838,       -4.01,
 139.410270,   35.687838,       -4.19,
 139.414775,   35.687838,       -4.37,
 139.419279,   35.687838,       -4.55,
 139.423784,   35.687838,       -4.72,
 139.428288,   35.687838,       -4.88,
 139.432793,   35.687838,       -5.04,
 139.437297,   35.687838,       -5.20,
 139.441802,   35.687838,       -5.34,
 139.446306,   35.687838,       -5.49,
 139.450811,   35.687838,       -5.63,
 139.455315,   35.687838,       -5.76,
 139.459820,   35.687838,       -5.89,
 139.464324,   35.687838,       -6.01,
 139.468829,   35.687838,       -6.13,
 139.473333,   35.687838,       -6.24,
 139.477838,   35.687838,       -6.35,
 139.482342,   35.687838,       -6.45,
 139.486847,   35.687838,       -6.55,
 139.491351,   35.687838,       -6.64,
 139.495856,   35.687838,       -6.72,
 139.500360,   35.687838,       -6.81,
 139.504865,   35.687838,       -6.88,
 139.509369,   35.687838,       -6.95,
 139.513874,   35.687838,       -7.02,
 139.518378,   35.687838,       -7.08,
 139.522883,   35.687838,       -7.13,
 139.527387,   35.687838,       -7.18,
 139.531892,   35.687838,       -7.23,
 139.536396,   35.687838,       -7.27,
 139.540901,   35.687838,       -7.30,
 139.545405,   35.687838,       -7.33,
 139.549910,   35.687838,       -7.35,
 139.554414,   35.687838,       -7.37,
 139.558919,   35.687838,       -7.38,
 139.563423,   35.687838,       -7.39,
 139.567928,   35.687838,       -7.39,
 139.572432,   35.687838,       -7.39,
 139.576937,   35.687838,       -7.38,
 139.581441,   35.687838,       -7.37,
 139.585946,   35.687838,       -7.35,
 139.590450,   35.687838,       -7.33,
 139.594955,   35.687838,       -7.30,
 139.599459,   35.687838,       -7.26,
 139.603964,   35.687838,       -7.22,
 139.608468,   35.687838,       -7.18,
 139.612973,   35.687838,       -7.13,
 139.617477,   35.687838,       -7.07,
 139.621982,   35.687838,       -7.01,
 139.626486,   35.687838,       -6.95,
 139.630991,   35.687838,       -6.88,
 139.635495,   35.687838,       -6.80,
 139.640000,   35.687838,       -6.72,
 139.644505,   35.687838,       -6.63,
 139.649009,   35.687838,       -6.54,
 139.653514,   35.687838,       -6.44,
 139.658018,   35.687838,       -6.34,
 139.662523,   35.687838,       -6.23,
 139.667027,   35.687838,       -6.12,
 139.671532,   35.687838,       -6.00,
 139.676036,   35.687838,       -5.88,
 139.680541,   35.687838,       -5.75,
 139.685045,   35.687838,       -5.62,
 139.689550,   35.687838,       -5.48,
 139.694054,   35.687838,       -5.33,
 139.698559,   35.687838,       -5.18,
 139.703063,   35.687838,       -5.03,
 139.707568,   35.687838,       -4.87,
 139.712072,   35.687838,       -4.70,
 139.716577,   35.687838,       -4.53,
 139.721081,   35.687838,       -4.36,
 139.725586,   35.687838,       -4.18,
 139.730090,   35.687838,       -3.99,
 139.734595,   35.687838,       -3.80,
 139.739099,   35.687838,       -3.54,
 139.743604,   35.687838,       -3.29,
 139.748108,   35.687838,       -3.04,
 139.752613,   35.687838,       -2.80,
 139.757117,   35.687838,       -2.57,
 139.761622,   35.687838,       -2.35,
 139.766126,   35.687838,       -2.14,
 139.770631,   35.687838,       -1.94,
 139.775135,   35.687838,       -1.75,
 139.779640,   35.687838,       -1.56,
 139.784144,   35.687838,       -1.39,
 139.788649,   35.687838,       -1.23,
 139.793153,   35.687838,       -1.07,
 139.797658,   35.687838,       -0.93,
 139.802162,   35.687838,       -0.80,
 139.806667,   35.687838,       -0.67,
 139.811171,   35.687838,       -0.56,
 139.815676,   35.687838,       -0.45,
 139.820180,   35.687838,       -0.36,
 139.824685,   35.687838,       -0.27,
 139.829189,   35.687838,       -0.19,
 139.833694,   35.687838,       -0.13,
 139.838198,   35.687838,       -0.07,
 139.842703,   35.687838,       -0.02,
 139.847207,   35.687838,       -2.15,
 139.851712,   35.687838,       -1.18,
 139.856216,   35.687838,        0.28,
 139.860721,   35.687838,        0.45,
 139.865225,   35.687838,        0.35,
 139.869730,   35.687838,        0.32,
 139.874234,   35.687838,        0.35,
 139.878739,   35.687838,        0.43,
 139.883243,   35.687838,        0.53,
 139.887748,   35.687838,        0.65,
 139.892252,   35.687838,        0.77,
 139.896757,   35.687838,        0.87,
 139.901261,   35.687838,        0.98,
 139.905766,   35.687838,        1.09,
 139.910270,   35.687838,        1.19,
 139.914775,   35.687838,        1.30,
 139.919279,   35.687838,        1.40,
 139.923784,   35.687838,        1.51,
 139.928288,   35.687838,        1.61,
 139.932793,   35.687838,        1.71,
 139.937297,   35.687838,        1.81,
 139.941802,   35.687838,        1.92,
 139.946306,   35.687838,        2.02,
 139.950811,   35.687838,        2.12,
 139.955315,   35.687838,        2.22,
 139.959820,   35.687838,        2.31,
 139.964324,   35.687838,        2.41,
 139.968829,   35.687838,        2.51,
 139.973333,   35.687838,        2.61,
 139.977838,   35.687838,        2.70,
 139.982342,   35.687838,        2.80,
 139.986847,   35.687838,        2.81,
 139.991351,   35.687838,         NaN,
 139.995856,   35.687838,         NaN,
 140.000360,   35.687838,         NaN,
 140.004865,   35.687838,         NaN,
 140.009369,   35.687838,         NaN,
 140.013874,   35.687838,         NaN,
 140.018378,   35.687838,         NaN,
 140.022883,   35.687838,         NaN,
 140.027387,   35.687838,         NaN,
 140.031892,   35.687838,         NaN,
 140.036396,   35.687838,         NaN,
 140.040901,   35.687838,         NaN,
 140.045405,   35.687838,         NaN,
 140.049910,   35.687838,         NaN,
 140.054414,   35.687838,         NaN,
 140.058919,   35.687838,         NaN,
 140.063423,   35.687838,         NaN,
 140.067928,   35.687838,         NaN,
 140.072432,   35.687838,         NaN,
 140.076937,   35.687838,         NaN,
 140.081441,   35.687838,         NaN,
 140.085946,   35.687838,         NaN,
 140.090450,   35.687838,         NaN,
 140.094955,   35.687838,         NaN,
 140.099459,   35.687838,         NaN,
 140.103964,   35.687838,         NaN,
 140.108468,   35.687838,         NaN,
 140.112973,   35.687838,         NaN,
 140.117477,   35.687838,         NaN,
 140.121982,   35.687838,         NaN,
 140.126486,   35.687838,         NaN,
 140.130991,   35.687838,         NaN,
 140.135495,   35.687838,         NaN,
 140.140000,   35.687838,         NaN,
 140.144505,   35.687838,         NaN,
 140.149009,   35.687838,        2.49,
 140.153514,   35.687838,        2.55,
 140.158018,   35.687838,        2.62,
 140.162523,   35.687838,        2.69,
 140.167027,   35.687838,        2.75,
 140.171532,   35.687838,        2.82,
 140.176036,   35.687838,        2.88,
 140.180541,   35.687838,        2.95,
 140.185045,   35.687838,        3.30,
 140.189550,   35.687838,        3.97,
 140.194054,   35.687838,        4.69,
 140.198559,   35.687838,        5.43,
 140.203063,   35.687838,        6.21,
 140.207568,   35.687838,        7.03,
 140.212072,   35.687838,        7.88,
 140.216577,   35.687838,        8.39,
 140.221081,   35.687838,        8.54,
 140.225586,   35.687838,        8.69,
 140.230090,   35.687838,        8.84,
 140.234595,   35.687838,        9.00,
 140.239099,   35.687838,        9.15,
 140.243604,   35.687838,        9.30,
 140.248108,   35.687838,        9.45,
 140.252613,   35.687838,        9.53,
 140.257117,   35.687838,        9.52,
 140.261622,   35.687838,        9.51,
 140.266126,   35.687838,        9.49,
 140.270631,   35.687838,        9.48,
 140.275135,   35.687838,        9.46,
 140.279640,   35.687838,        9.44,
 140.284144,   35.687838,        9.42,
 140.288649,   35.687838,        9.40,
 140.293153,   35.687838,        9.38,
 140.297658,   35.687838,        9.36,
 140.302162,   35.687838,        9.34,
 140.306667,   35.687838,        9.31,
 140.311171,   35.687838,        9.29,
 140.315676,   35.687838,        9.26,
 140.320180,   35.687838,        9.23,
 140.324685,   35.687838,        9.21,
 140.329189,   35.687838,        9.18,
 140.333694,   35.687838,        9.15,
 140.338198,   35.687838,        9.11,
 140.342703,   35.687838,        9.08,
 140.347207,   35.687838,        9.05,
 140.351712,   35.687838,        9.01,
 140.356216,   35.687838,        8.98,
 140.360721,   35.687838,        8.94,
 140.365225,   35.687838,        8.90,
 140.369730,   35.687838,        8.86,
 140.374234,   35.687838,        8.82,
 140.378739,   35.687838,        8.78,
 140.383243,   35.687838,        8.74,
 140.387748,   35.687838,        8.69,
 139.140000,   35.692342,       16.19,
 139.144505,   35.692342,       15.69,
 139.149009,   35.692342,       15.20,
 139.153514,   35.692342,       14.71,
 139.158018,   35.692342,       14.23,
 139.162523,   35.692342,       13.76,
 139.167027,   35.692342,       13.28,
 139.171532,   35.692342,       12.82,
 139.176036,   35.692342,       12.36,
 139.180541,   35.692342,       11.90,
 139.185045,   35.692342,       11.45,
 139.189550,   35.692342,       11.01,
 139.194054,   35.692342,       10.57,
 139.198559,   35.692342,       10.14,
 139.203063,   35.692342,        9.71,
 139.207568,   35.692342,        9.28,
 139.212072,   35.692342,        8.87,
 139.216577,   35.692342,        8.45,
 139.221081,   35.692342,        8.04,
 139.225586,   35.692342,        7.64,
 139.230090,   35.692342,        7.24,
 139.234595,   35.692342,        6.85,
 139.239099,   35.692342,        6.46,
 139.243604,   35.692342,        6.08,
 139.248108,   35.692342,        5.71,
 139.252613,   35.692342,        5.34,
 139.257117,   35.692342,        4.97,
 139.261622,   35.692342,        4.61,
 139.266126,   35.692342,        4.25,
 139.270631,   35.692342,        3.90,
 139.275135,   35.692342,        3.56,
 139.279640,   35.692342,        3.22,
 139.284144,   35.692342,        2.88,
 139.288649,   35.692342,        2.55,
 139.293153,   35.692342,        2.23,
 139.297658,   35.692342,        1.91,
 139.302162,   35.692342,        1.60,
 139.306667,   35.692342,        1.29,
 139.311171,   35.692342,        0.99,
 139.315676,   35.692342,        0.69,
 139.320180,   35.692342,        0.39,
 139.324685,   35.692342,        0.11,
 139.329189,   35.692342,       -0.17,
 139.333694,   35.692342,       -0.45,
 139.338198,   35.692342,       -0.72,
 139.342703,   35.692342,       -0.99,
 139.347207,   35.692342,       -1.25,
 139.351712,   35.692342,       -1.51,
 139.356216,   35.692342,       -1.76,
 139.360721,   35.692342,       -2.00,
 139.365225,   35.692342,       -2.24,
 139.369730,   35.692342,       -2.48,
 139.374234,   35.692342,       -2.71,
 139.378739,   35.692342,       -2.93,
 139.383243,   35.692342,       -3.15,
 139.387748,   35.692342,       -3.37,
 139.392252,   35.692342,       -3.58,
 139.396757,   35.692342,       -3.78,
 139.401261,   35.692342,       -3.98,
 139.405766,   35.692342,       -4.17,
 139.410270,   35.692342,       -4.36,
 139.414775,   35.692342,       -4.54,
 139.419279,   35.692342,       -4.72,
 139.423784,   35.692342,       -4.89,
 139.428288,   35.692342,       -5.06,
 139.432793,   35.692342,       -5.22,
 139.437297,   35.692342,       -5.38,
 139.441802,   35.692342,       -5.53,
 139.446306,   35.692342,       -5.67,
 139.450811,   35.692342,       -5.82,
 139.455315,   35.692342,       -5.95,
 139.459820,   35.692342,       -6.08,
 139.464324,   35.692342,       -6.21,
 139.468829,   35.692342,       -6.33,
 139.473333,   35.692342,       -6.44,
 139.477838,   35.692342,       -6.55,
 139.482342,   35.692342,       -6.65,
 139.486847,   35.692342,       -6.75,
 139.491351,   35.692342,       -6.85,
 139.495856,   35.692342,       -6.94,
 139.500360,   35.692342,       -7.02,
 139.504865,   35.692342,       -7.10,
 139.509369,   35.692342,       -7.17,
 139.513874,   35.692342,       -7.24,
 139.518378,   35.692342,       -7.30,
 139.522883,   35.692342,       -7.36,
 139.527387,   35.692342,       -7.41,
 139.531892,   35.692342,       -7.45,
 139.536396,   35.692342,       -7.50,
 139.540901,   35.692342,       -7.53,
 139.545405,   35.692342,       -7.56,
 139.549910,   35.692342,       -7.59,
 139.554414,   35.692342,       -7.61,
 139.558919,   35.692342,       -7.62,
 139.563423,   35.692342,       -7.63,
 139.567928,   35.692342,       -7.64,
 139.572432,   35.692342,       -7.64,
 139.576937,   35.692342,       -7.63,
 139.581441,   35.692342,       -7.62,
 139.585946,   35.692342,       -7.60,
 139.590450,   35.692342,       -7.58,
 139.594955,   35.692342,       -7.56,
 139.599459,   35.692342,       -7.52,
 139.603964,   35.692342,       -7.49,
 139.608468,   35.692342,       -7.44,
 139.612973,   35.692342,       -7.40,
 139.617477,   35.692342,       -7.34,
 139.621982,   35.692342,       -7.29,
 139.626486,   35.692342,       -7.22,
 139.630991,   35.692342,       -7.15,
 139.635495,   35.692342,       -7.08,
 139.640000,   35.692342,       -7.00,
 139.644505,   35.692342,       -6.92,
 139.649009,   35.692342,       -6.83,
 139.653514,   35.692342,       -6.73,
 139.658018,   35.692342,       -6.63,
 139.662523,   35.692342,       -6.53,
 139.667027,   35.692342,       -6.42,
 139.671532,   35.692342,       -6.30,
 139.676036,   35.692342,       -6.18,
 139.680541,   35.692342,       -6.05,
 139.685045,   35.692342,       -5.92,
 139.689550,   35.692342,       -5.78,
 139.694054,   35.692342,       -5.64,
 139.698559,   35.692342,       -5.49,
 139.703063,   35.692342,       -5.34,
 139.707568,   35.692342,       -5.18,
 139.712072,   35.692342,       -5.02,
 139.716577,   35.692342,       -4.85,
 139.721081,   35.692342,       -4.68,
 139.725586,   35.692342,       -4.50,
 139.730090,   35.692342,       -4.32,
 139.734595,   35.692342,       -4.08,
 139.739099,   35.692342,       -3.83,
 139.743604,   35.692342,       -3.57,
 139.748108,   35.692342,       -3.31,
 139.752613,   35.692342,       -3.06,
 139.757117,   35.692342,       -2.82,
 139.761622,   35.692342,       -2.59,
 139.766126,   35.692342,       -2.37,
 139.770631,   35.692342,       -2.16,
 139.775135,   35.692342,       -1.96,
 139.779640,   35.692342,       -1.77,
 139.784144,   35.692342,       -1.59,
 139.788649,   35.692342,       -1.42,
 139.793153,   35.692342,       -1.26,
 139.797658,   35.692342,       -1.10,
 139.802162,   35.692342,       -0.96,
 139.806667,   35.692342,       -0.83,
 139.811171,   35.692342,       -0.70,
 139.815676,   35.692342,       -0.59,
 139.820180,   35.692342,       -0.48,
 139.824685,   35.692342,       -0.39,
 139.829189,   35.692342,       -0.30,
 139.833694,   35.692342,       -0.23,
 139.838198,   35.692342,       -0.16,
 139.842703,   35.692342,       -0.11,
 139.847207,   35.692342,       -0.06,
 139.851712,   35.692342,       -0.02,
 139.856216,   35.692342,       -0.16,
 139.860721,   35.692342,        0.08,
 139.865225,   35.692342,        0.19,
 139.869730,   35.692342,        0.30,
 139.874234,   35.692342,        0.41,
 139.878739,   35.692342,        0.52,
 139.883243,   35.692342,        0.62,
 139.887748,   35.692342,        0.73,
 139.892252,   35.692342,        0.84,
 139.896757,   35.692342,        0.94,
 139.901261,   35.692342,        1.05,
 139.905766,   35.692342,        1.15,
 139.910270,   35.692342,        1.26,
 139.914775,   35.692342,        1.36,
 139.919279,   35.692342,        1.46,
 139.923784,   35.692342,        1.56,
 139.928288,   35.692342,        1.66,
 139.932793,   35.692342,        1.76,
 139.937297,   35.692342,        1.86,
 139.941802,   35.692342,        1.96,
 139.946306,   35.692342,        2.06,
 139.950811,   35.692342,        2.16,
 139.955315,   35.692342,        2.26,
 139.959820,   35.692342,        2.35,
 139.964324,   35.692342,        2.45,
 139.968829,   35.692342,        2.54,
 139.973333,   35.692342,        2.64,
 139.977838,   35.692342,        2.73,
 139.982342,   35.692342,        2.83,
 139.986847,   35.692342,        2.86,
 139.991351,   35.692342,         NaN,
 139.995856,   35.692342,         NaN,
 140.000360,   35.692342,         NaN,
 140.004865,   35.692342,         NaN,
 140.009369,   35.692342,         NaN,
 140.013874,   35.692342,         NaN,
 140.018378,   35.692342,         NaN,
 140.022883,   35.692342,         NaN,
 140.027387,   35.692342,         NaN,
 140.031892,   35.692342,         NaN,
 140.036396,   35.692342,         NaN,
 140.040901,   35.692342,         NaN,
 140.045405,   35.692342,         NaN,
 140.049910,   35.692342,         NaN,
 140.054414,   35.692342,         NaN,
 140.058919,   35.692342,         NaN,
 140.063423,   35.692342,         NaN,
 140.067928,   35.692342,         NaN,
 140.072432,   35.692342,         NaN,
 140.076937,   35.692342,         NaN,
 140.081441,   35.692342,         NaN,
 140.085946,   35.692342,         NaN,
 140.090450,   35.692342,         NaN,
 140.094955,   35.692342,         NaN,
 140.099459,   35.692342,         NaN,
 140.103964,   35.692342,         NaN,
 140.108468,   35.692342,         NaN,
 140.112973,   35.692342,         NaN,
 140.117477,   35.692342,         NaN,
 140.121982,   35.692342,         NaN,
 140.126486,   35.692342,         NaN,
 140.130991,   35.692342,         NaN,
 140.135495,   35.692342,         NaN,
 140.140000,   35.692342,         NaN,
 140.144505,   35.692342,         NaN,
 140.149009,   35.692342,        2.38,
 140.153514,   35.692342,        2.44,
 140.158018,   35.692342,        2.51,
 140.162523,   35.692342,        2.58,
 140.167027,   35.692342,        2.64,
 140.171532,   35.692342,        2.71,
 140.176036,   35.692342,        2.77,
 140.180541,   35.692342,        2.84,
 140.185045,   35.692342,        2.91,
 140.189550,   35.692342,        3.22,
 140.194054,   35.692342,        3.93,
 140.198559,   35.692342,        4.68,
 140.203063,   35.692342,        5.45,
 140.207568,   35.692342,        6.27,
 140.212072,   35.692342,        7.12,
 140.216577,   35.692342,        8.01,
 140.221081,   35.692342,        8.58,
 140.225586,   35.692342,        8.74,
 140.230090,   35.692342,        8.89,
 140.234595,   35.692342,        9.04,
 140.239099,   35.692342,        9.20,
 140.243604,   35.692342,        9.35,
 140.248108,   35.692342,        9.50,
 140.252613,   35.692342,        9.65,
 140.257117,   35.692342,        9.81,
 140.261622,   35.692342,        9.80,
 140.266126,   35.692342,        9.78,
 140.270631,   35.692342,        9.77,
 140.275135,   35.692342,        9.75,
 140.279640,   35.692342,        9.73,
 140.284144,   35.692342,        9.71,
 140.288649,   35.692342,        9.69,
 140.293153,   35.692342,        9.67,
 140.297658,   35.692342,        9.65,
 140.302162,   35.692342,        9.63,
 140.306667,   35.692342,        9.61,
 140.311171,   35.692342,        9.58,
 140.315676,   35.692342,        9.56,
 140.320180,   35.692342,        9.53,
 140.324685,   35.692342,        9.50,
 140.329189,   35.692342,        9.47,
 140.333694,   35.692342,        9.44,
 140.338198,   35.692342,        9.41,
 140.342703,   35.692342,        9.38,
 140.347207,   35.692342,        9.34,
 140.351712,   35.692342,        9.31,
 140.356216,   35.692342,        9.27,
 140.360721,   35.692342,        9.24,
 140.365225,   35.692342,        9.20,
 140.369730,   35.692342,        9.16,
 140.374234,   35.692342,        9.12,
 140.378739,   35.692342,        9.08,
 140.383243,   35.692342,        9.04,
 140.387748,   35.692342,        8.99,
 139.140000,   35.696847,       16.15,
 139.144505,   35.696847,       15.65,
 139.149009,   35.696847,       15.15,
 139.153514,   35.696847,       14.66,
 139.158018,   35.696847,       14.18,
 139.162523,   35.696847,       13.70,
 139.167027,   35.696847,       13.23,
 139.171532,   35.696847,       12.76,
 139.176036,   35.696847,       12.30,
 139.180541,   35.696847,       11.84,
 139.185045,   35.696847,       11.39,
 139.189550,   35.696847,       10.94,
 139.194054,   35.696847,       10.50,
 139.198559,   35.696847,       10.07,
 139.203063,   35.696847,        9.63,
 139.207568,   35.696847,        9.21,
 139.212072,   35.696847,        8.79,
 139.216577,   35.696847,        8.37,
 139.221081,   35.696847,        7.96,
 139.225586,   35.696847,        7.56,
 139.230090,   35.696847,        7.16,
 139.234595,   35.696847,        6.76,
 139.239099,   35.696847,        6.37,
 139.243604,   35.696847,        5.99,
 139.248108,   35.696847,        5.61,
 139.252613,   35.696847,        5.24,
 139.257117,   35.696847,        4.87,
 139.261622,   35.696847,        4.51,
 139.266126,   35.696847,        4.15,
 139.270631,   35.696847,        3.80,
 139.275135,   35.696847,        3.45,
 139.279640,   35.696847,        3.11,
 139.284144,   35.696847,        2.77,
 139.288649,   35.696847,        2.44,
 139.293153,   35.696847,        2.11,
 139.297658,   35.696847,        1.79,
 139.302162,   35.696847,        1.48,
 139.306667,   35.696847,        1.17,
 139.311171,   35.696847,        0.86,
 139.315676,   35.696847,        0.56,
 139.320180,   35.696847,        0.26,
 139.324685,   35.696847,       -0.02,
 139.329189,   35.696847,       -0.31,
 139.333694,   35.696847,       -0.59,
 139.338198,   35.696847,       -0.86,
 139.342703,   35.696847,       -1.13,
 139.347207,   35.696847,       -1.39,
 139.351712,   35.696847,       -1.65,
 139.356216,   35.696847,       -1.91,
 139.360721,   35.696847,       -2.15,
 139.365225,   35.696847,       -2.40,
 139.369730,   35.696847,       -2.63,
 139.374234,   35.696847,       -2.87,
 139.378739,   35.696847,       -3.09,
 139.383243,   35.696847,       -3.31,
 139.387748,   35.696847,       -3.53,
 139.392252,   35.696847,       -3.74,
 139.396757,   35.696847,       -3.95,
 139.401261,   35.696847,       -4.15,
 139.405766,   35.696847,       -4.34,
 139.410270,   35.696847,       -4.53,
 139.414775,   35.696847,       -4.72,
 139.419279,   35.696847,       -4.90,
 139.423784,   35.696847,       -5.07,
 139.428288,   35.696847,       -5.24,
 139.432793,   35.696847,       -5.41,
 139.437297,   35.696847,       -5.56,
 139.441802,   35.696847,       -5.72,
 139.446306,   35.696847,       -5.87,
 139.450811,   35.696847,       -6.01,
 139.455315,   35.696847,       -6.15,
 139.459820,   35.696847,       -6.28,
 139.464324,   35.696847,       -6.41,
 139.468829,   35.696847,       -6.53,
 139.473333,   35.696847,       -6.65,
 139.477838,   35.696847,       -6.76,
 139.482342,   35.696847,       -6.86,
 139.486847,   35.696847,       -6.96,
 139.491351,   35.696847,       -7.06,
 139.495856,   35.696847,       -7.15,
 139.500360,   35.696847,       -7.24,
 139.504865,   35.696847,       -7.32,
 139.509369,   35.696847,       -7.39,
 139.513874,   35.696847,       -7.46,
 139.518378,   35.696847,       -7.53,
 139.522883,   35.696847,       -7.59,
 139.527387,   35.696847,       -7.64,
 139.531892,   35.696847,       -7.69,
 139.536396,   35.696847,       -7.73,
 139.540901,   35.696847,       -7.77,
 139.545405,   35.696847,       -7.80,
 139.549910,   35.696847,       -7.83,
 139.554414,   35.696847,       -7.85,
 139.558919,   35.696847,       -7.87,
 139.563423,   35.696847,       -7.88,
 139.567928,   35.696847,       -7.89,
 139.572432,   35.696847,       -7.89,
 139.576937,   35.696847,       -7.89,
 139.581441,   35.696847,       -7.88,
 139.585946,   35.696847,       -7.86,
 139.590450,   35.696847,       -7.85,
 139.594955,   35.696847,       -7.82,
 139.599459,   35.696847,       -7.79,
 139.603964,   35.696847,       -7.76,
 139.608468,   35.696847,       -7.72,
 139.612973,   35.696847,       -7.67,
 139.617477,   35.696847,       -7.62,
 139.621982,   35.696847,       -7.56,
 139.626486,   35.696847,       -7.50,
 139.630991,   35.696847,       -7.44,
 139.635495,   35.696847,       -7.36,
 139.640000,   35.696847,       -7.29,
 139.644505,   35.696847,       -7.20,
 139.649009,   35.696847,       -7.12,
 139.653514,   35.696847,       -7.02,
 139.658018,   35.696847,       -6.93,
 139.662523,   35.696847,       -6.82,
 139.667027,   35.696847,       -6.72,
 139.671532,   35.696847,       -6.60,
 139.676036,   35.696847,       -6.48,
 139.680541,   35.696847,       -6.36,
 139.685045,   35.696847,       -6.23,
 139.689550,   35.696847,       -6.10,
 139.694054,   35.696847,       -5.96,
 139.698559,   35.696847,       -5.81,
 139.703063,   35.696847,       -5.66,
 139.707568,   35.696847,       -5.50,
 139.712072,   35.696847,       -5.34,
 139.716577,   35.696847,       -5.18,
 139.721081,   35.696847,       -5.01,
 139.725586,   35.696847,       -4.83,
 139.730090,   35.696847,       -4.62,
 139.734595,   35.696847,       -4.37,
 139.739099,   35.696847,       -4.11,
 139.743604,   35.696847,       -3.84,
 139.748108,   35.696847,       -3.57,
 139.752613,   35.696847,       -3.31,
 139.757117,   35.696847,       -3.06,
 139.761622,   35.696847,       -2.83,
 139.766126,   35.696847,       -2.60,
 139.770631,   35.696847,       -2.38,
 139.775135,   35.696847,       -2.17,
 139.779640,   35.696847,       -1.97,
 139.784144,   35.696847,       -1.78,
 139.788649,   35.696847,       -1.60,
 139.793153,   35.696847,       -1.43,
 139.797658,   35.696847,       -1.27,
 139.802162,   35.696847,       -1.11,
 139.806667,   35.696847,       -0.97,
 139.811171,   35.696847,       -0.84,
 139.815676,   35.696847,       -0.72,
 139.820180,   35.696847,       -0.60,
 139.824685,   35.696847,       -0.50,
 139.829189,   35.696847,       -0.41,
 139.833694,   35.696847,       -0.32,
 139.838198,   35.696847,       -0.25,
 139.842703,   35.696847,       -0.18,
 139.847207,   35.696847,       -0.13,
 139.851712,   35.696847,       -0.08,
 139.856216,   35.696847,        0.01,
 139.860721,   35.696847,        0.17,
 139.865225,   35.696847,        0.27,
 139.869730,   35.696847,        0.38,
 139.874234,   35.696847,        0.49,
 139.878739,   35.696847,        0.59,
 139.883243,   35.696847,        0.70,
 139.887748,   35.696847,        0.80,
 139.892252,   35.696847,        0.91,
 139.896757,   35.696847,        1.01,
 139.901261,   35.696847,        1.11,
 139.905766,   35.696847,        1.22,
 139.910270,   35.696847,        1.32,
 139.914775,   35.696847,        1.42,
 139.919279,   35.696847,        1.52,
 139.923784,   35.696847,        1.62,
 139.928288,   35.696847,        1.72,
 139.932793,   35.696847,        1.82,
 139.937297,   35.696847,        1.91,
 139.941802,   35.696847,        2.01,
 139.946306,   35.696847,        2.11,
 139.950811,   35.696847,        2.20,
 139.955315,   35.696847,        2.30,
 139.959820,   35.696847,        2.39,
 139.964324,   35.696847,        2.49,
 139.968829,   35.696847,        2.58,
 139.973333,   35.696847,        2.67,
 139.977838,   35.696847,        2.76,
 139.982342,   35.696847,        2.85,
 139.986847,   35.696847,        2.90,
 139.991351,   35.696847,        2.86,
 139.995856,   35.696847,         NaN,
 140.000360,   35.696847,         NaN,
 140.004865,   35.696847,         NaN,
 140.009369,   35.696847,         NaN,
 140.013874,   35.696847,         NaN,
 140.018378,   35.696847,         NaN,
 140.022883,   35.696847,         NaN,
 140.027387,   35.696847,         NaN,
 140.031892,   35.696847,         NaN,
 140.036396,   35.696847,         NaN,
 140.040901,   35.696847,         NaN,
 140.045405,   35.696847,         NaN,
 140.049910,   35.696847,         NaN,
 140.054414,   35.696847,         NaN,
 140.058919,   35.696847,         NaN,
 140.063423,   35.696847,         NaN,
 140.067928,   35.696847,         NaN,
 140.072432,   35.696847,         NaN,
 140.076937,   35.696847,         NaN,
 140.081441,   35.696847,         NaN,
 140.085946,   35.696847,         NaN,
 140.090450,   35.696847,         NaN,
 140.094955,   35.696847,         NaN,
 140.099459,   35.696847,         NaN,
 140.103964,   35.696847,         NaN,
 140.108468,   35.696847,         NaN,
 140.112973,   35.696847,         NaN,
 140.117477,   35.696847,         NaN,
 140.121982,   35.696847,         NaN,
 140.126486,   35.696847,         NaN,
 140.130991,   35.696847,         NaN,
 140.135495,   35.696847,         NaN,
 140.140000,   35.696847,         NaN,
 140.144505,   35.696847,         NaN,
 140.149009,   35.696847,         NaN,
 140.153514,   35.696847,        2.33,
 140.158018,   35.696847,        2.40,
 140.162523,   35.696847,        2.47,
 140.167027,   35.696847,        2.53,
 140.171532,   35.696847,        2.60,
 140.176036,   35.696847,        2.66,
 140.180541,   35.696847,        2.73,
 140.185045,   35.696847,        2.80,
 140.189550,   35.696847,        2.86,
 140.194054,   35.696847,        3.14,
 140.198559,   35.696847,        3.88,
 140.203063,   35.696847,        4.66,
 140.207568,   35.696847,        5.47,
 140.212072,   35.696847,        6.32,
 140.216577,   35.696847,        7.20,
 140.221081,   35.696847,        8.12,
 140.225586,   35.696847,        8.78,
 140.230090,   35.696847,        8.94,
 140.234595,   35.696847,        9.09,
 140.239099,   35.696847,        9.24,
 140.243604,   35.696847,        9.39,
 140.248108,   35.696847,        9.55,
 140.252613,   35.696847,        9.70,
 140.257117,   35.696847,        9.85,
 140.261622,   35.696847,       10.01,
 140.266126,   35.696847,       10.07,
 140.270631,   35.696847,       10.06,
 140.275135,   35.696847,       10.04,
 140.279640,   35.696847,       10.02,
 140.284144,   35.696847,       10.01,
 140.288649,   35.696847,        9.99,
 140.293153,   35.696847,        9.97,
 140.297658,   35.696847,        9.95,
 140.302162,   35.696847,        9.92,
 140.306667,   35.696847,        9.90,
 140.311171,   35.696847,        9.88,
 140.315676,   35.696847,        9.85,
 140.320180,   35.696847,        9.82,
 140.324685,   35.696847,        9.80,
 140.329189,   35.696847,        9.77,
 140.333694,   35.696847,        9.74,
 140.338198,   35.696847,        9.71,
 140.342703,   35.696847,        9.67,
 140.347207,   35.696847,        9.64,
 140.351712,   35.696847,        9.61,
 140.356216,   35.696847,        9.57,
 140.360721,   35.696847,        9.54,
 140.365225,   35.696847,        9.50,
 140.369730,   35.696847,        9.46,
 140.374234,   35.696847,        9.42,
 140.378739,   35.696847,        9.38,
 140.383243,   35.696847,        9.34,
 140.387748,   35.696847,        9.30,
